3 0.8216145833333334 0.450439453125 0.08085123697916667 0.06231689453125
4 0.16292317708333334 0.6103515625 0.0745849609375 0.0810546875
4 0.2994791666666667 0.57470703125 0.07161458333333333 0.07904052734375
3 0.5960286458333334 0.355224609375 0.07161458333333333 0.05889892578125
3 0.767578125 0.489501953125 0.07792154947916667 0.061309814453125
5 0.4889322916666667 0.66064453125 0.11222330729166667 0.033599853515625
4 0.11083984375 0.48193359375 0.06937662760416667 0.0765380859375
2 0.3175455729166667 0.6396484375 0.08544921875 0.0416259765625
4 0.4293619791666667 0.5390625 0.07279459635416667 0.08050537109375
3 0.7356770833333334 0.387451171875 0.07893880208333333 0.06304931640625
3 0.712890625 0.529296875 0.07527669270833333 0.061309814453125
3 0.8046875 0.6005859375 0.08113606770833333 0.06488037109375
3 0.5517578125 0.626953125 0.08894856770833333 0.05108642578125
0 0.3763020833333333 0.68701171875 0.11344401041666667 0.04132080078125
3 0.8561197916666666 0.55712890625 0.08251953125 0.062103271484375
4 0.607421875 0.68701171875 0.047403971354166664 0.071044921875
4 0.30810546875 0.43212890625 0.07002766927083333 0.075439453125
3 0.6520182291666666 0.318359375 0.06937662760416667 0.0582275390625
4 0.24365234375 0.450439453125 0.07014973958333333 0.0775146484375
4 0.17757161458333334 0.4658203125 0.0721435546875 0.07861328125
3 0.6803385416666666 0.4208984375 0.07027180989583333 0.059112548828125
0 0.5065104166666666 0.720703125 0.11800130208333333 0.06439208984375
1 0.7701822916666666 0.68115234375 0.068359375 0.035736083984375
3 0.9108072916666666 0.51708984375 0.08406575520833333 0.06109619140625
4 0.365234375 0.5556640625 0.07080078125 0.076416015625
3 0.6233723958333334 0.458251953125 0.07320149739583333 0.059417724609375
5 0.4381510416666667 0.81640625 0.11263020833333333 0.0831298828125
5 0.32275390625 0.82763671875 0.11165364583333333 0.081787109375
4 0.2314453125 0.59228515625 0.0723876953125 0.0794677734375
1 0.5455729166666666 0.5322265625 0.054768880208333336 0.04052734375
5 0.5517578125 0.80908203125 0.11165364583333333 0.08062744140625
5 0.4456380208333333 0.89599609375 0.118408203125 0.0885009765625
5 0.3273111979166667 0.90673828125 0.115478515625 0.09222412109375
5 0.658203125 0.80029296875 0.10205078125 0.08197021484375
5 0.6692708333333334 0.87939453125 0.10693359375 0.0885009765625
5 0.7864583333333334 0.873046875 0.11222330729166667 0.08599853515625
5 0.5651041666666666 0.88720703125 0.11531575520833333 0.0823974609375