4 0.3395182291666667 0.578125 0.10074869791666667 0.03912353515625
1 0.6334635416666666 0.486572265625 0.06514485677083333 0.0330810546875
4 0.3092447916666667 0.6806640625 0.10001627604166667 0.04083251953125
4 0.3264973958333333 0.6298828125 0.1044921875 0.03704833984375
0 0.6539713541666666 0.6025390625 0.07792154947916667 0.08990478515625
4 0.13688151041666666 0.6513671875 0.10734049479166667 0.04046630859375
4 0.6490885416666666 0.513671875 0.086669921875 0.04595947265625
0 0.5875651041666666 0.71826171875 0.114501953125 0.0321044921875
3 0.708984375 0.307373046875 0.0947265625 0.052825927734375
3 0.513671875 0.37451171875 0.09122721354166667 0.054290771484375
5 0.5712890625 0.61376953125 0.049112955729166664 0.085693359375
3 0.8294270833333334 0.350341796875 0.103515625 0.054290771484375
4 0.3577473958333333 0.5283203125 0.09806315104166667 0.037689208984375
4 0.19270833333333334 0.49609375 0.10408528645833333 0.0390625
2 0.3935546875 0.73974609375 0.043863932291666664 0.06536865234375
3 0.7506510416666666 0.4609375 0.09611002604166667 0.0537109375
3 0.5546875 0.32080078125 0.09513346354166667 0.0560302734375
3 0.7890625 0.405029296875 0.097900390625 0.054595947265625
3 0.4827473958333333 0.52978515625 0.07967122395833333 0.059967041015625
4 0.3707682291666667 0.476318359375 0.09895833333333333 0.036224365234375
4 0.1767578125 0.54638671875 0.11027018229166667 0.04193115234375
5 0.7805989583333334 0.88134765625 0.13614908854166666 0.0753173828125
3 0.4417317708333333 0.27978515625 0.08878580729166667 0.053985595703125
3 0.4833984375 0.2257080078125 0.09456380208333333 0.0548095703125
4 0.15592447916666666 0.60107421875 0.10945638020833333 0.040771484375
5 0.716796875 0.76708984375 0.11612955729166667 0.070556640625
5 0.79296875 0.59814453125 0.12784830729166666 0.06939697265625
3 0.6673177083333334 0.36328125 0.09391276041666667 0.05389404296875
3 0.6282552083333334 0.415771484375 0.097900390625 0.05419921875
5 0.755859375 0.6845703125 0.1259765625 0.06719970703125
5 0.81640625 0.7939453125 0.13289388020833334 0.07208251953125
5 0.8522135416666666 0.70947265625 0.13216145833333334 0.06756591796875
3 0.5963541666666666 0.26806640625 0.09684244791666667 0.05560302734375
5 0.888671875 0.62646484375 0.13264973958333334 0.06536865234375
1 0.4329427083333333 0.662109375 0.043538411458333336 0.045013427734375
5 0.671875 0.8525390625 0.112060546875 0.07208251953125
5 0.93359375 0.54541015625 0.121826171875 0.05450439453125