0 0.751953125 0.390625 0.11124674479166667 0.038238525390625
3 0.6110026041666666 0.537109375 0.07779947916666667 0.0592041015625
3 0.4153645833333333 0.79833984375 0.08158365885416667 0.06781005859375
5 0.876953125 0.51611328125 0.11149088541666667 0.038177490234375
3 0.6770833333333334 0.57861328125 0.07609049479166667 0.06097412109375
3 0.4700520833333333 0.56494140625 0.07722981770833333 0.06085205078125
3 0.3876953125 0.63427734375 0.08430989583333333 0.06427001953125
0 0.7643229166666666 0.4453125 0.11678059895833333 0.0360107421875
3 0.357421875 0.7529296875 0.08296712239583333 0.06610107421875
5 0.732421875 0.83837890625 0.10904947916666667 0.042877197265625
5 0.84375 0.69384765625 0.1337890625 0.0504150390625
3 0.5319010416666666 0.60693359375 0.07893880208333333 0.06231689453125
5 0.7630208333333334 0.65185546875 0.10595703125 0.041473388671875
5 0.794921875 0.76171875 0.11678059895833333 0.040924072265625
3 0.5921223958333334 0.6494140625 0.07893880208333333 0.06488037109375
3 0.4466145833333333 0.677734375 0.08040364583333333 0.06475830078125
3 0.5087890625 0.720703125 0.0792236328125 0.06475830078125
5 0.9485677083333334 0.5517578125 0.09895833333333333 0.036834716796875
3 0.5533854166666666 0.497802734375 0.07881673177083333 0.056640625
2 0.5315755208333334 0.7763671875 0.06888834635416667 0.061187744140625
5 0.70703125 0.7177734375 0.10074869791666667 0.036163330078125
3 0.2965494791666667 0.70703125 0.08235677083333333 0.0640869140625
5 0.634765625 0.7939453125 0.11735026041666667 0.0531005859375
1 0.15730794270833334 0.744140625 0.06685384114583333 0.05194091796875
5 0.90234375 0.62109375 0.11344401041666667 0.035400390625
5 0.8209635416666666 0.58154296875 0.10831705729166667 0.038330078125
1 0.11027018229166667 0.6982421875 0.068115234375 0.043853759765625
4 0.337890625 0.38427734375 0.083251953125 0.05889892578125
4 0.3466796875 0.52783203125 0.07609049479166667 0.055816650390625
4 0.14803059895833334 0.509765625 0.08479817708333333 0.06439208984375
4 0.24576822916666666 0.447998046875 0.08011881510416667 0.0604248046875
4 0.2902018229166667 0.416259765625 0.08028157552083333 0.060638427734375
4 0.447265625 0.459228515625 0.07267252604166667 0.055511474609375
4 0.25634765625 0.595703125 0.08634440104166667 0.06536865234375
4 0.3058268229166667 0.56103515625 0.08430989583333333 0.06396484375
4 0.193359375 0.48095703125 0.08479817708333333 0.06475830078125
4 0.3948567708333333 0.49462890625 0.07373046875 0.053192138671875