2 0.3673941798941799 0.7873263888888888 0.08928571428571429 0.0974702380952381
5 0.28852513227513227 0.3872767857142857 0.09556878306878307 0.17881944444444445
3 0.3275462962962963 0.6848958333333334 0.13525132275132276 0.1158234126984127
0 0.34970238095238093 0.8624751984126984 0.18287037037037038 0.05927579365079365
3 0.8359391534391535 0.6962896825396826 0.08325066137566138 0.11737103174603175
4 0.4365244708994709 0.7592782738095237 0.08943783068783068 0.13073660714285715
3 0.7011706349206349 0.7182614087301588 0.08251984126984127 0.11657738095238096
3 0.5602215608465608 0.7509771825396826 0.09220238095238095 0.12292410714285715
3 0.5367824074074075 0.5961904761904763 0.09790013227513228 0.13586309523809523
3 0.7096362433862434 0.8525396825396826 0.07820767195767196 0.10485863095238096
3 0.8346362433862434 0.54296875 0.0910648148148148 0.12939484126984127
3 0.5065112433862434 0.40625 0.10449074074074075 0.15502976190476192
3 0.6901058201058201 0.56640625 0.08878637566137566 0.13159226190476192
3 0.6731779100529101 0.38208085317460316 0.094239417989418 0.1519766865079365
1 0.40234457671957674 0.6586904761904763 0.10563161375661376 0.08618055555555557
3 0.5846362433862434 0.8862301587301588 0.08430886243386243 0.11065724206349206
3 0.8326818783068783 0.36206101190476186 0.09822751322751323 0.15637152777777777
1 0.33984457671957674 0.5327157738095237 0.13981150793650796 0.07055555555555557