5 0.2412367724867725 0.1728670634920635 0.10085978835978836 0.1746031746031746
4 0.3826058201058201 0.6040426587301587 0.09259259259259259 0.14756944444444445
2 0.3017526455026455 0.6310763888888888 0.10218253968253968 0.1341765873015873
3 0.2612433862433862 0.4911954365079365 0.15013227513227514 0.13814484126984128
3 0.5820304232804233 0.8286135912698412 0.11507275132275133 0.17358382936507935
0 0.2653009259259259 0.7368154761904763 0.24983796296296296 0.10650545634920636
3 0.6240244708994709 0.19580109126984127 0.11149140211640211 0.1616220238095238
1 0.34602843915343917 0.45947172619047616 0.11653769841269843 0.09857142857142857
3 0.45247354497354497 0.203125 0.10831679894179895 0.15686011904761907
3 0.5393882275132275 0.6118154761904763 0.11108465608465609 0.15942460317460316
1 0.28125 0.31127976190476186 0.14754298941798943 0.08911210317460318
3 0.7890641534391535 0.18041914682539684 0.11824404761904762 0.1616220238095238
3 0.6686210317460318 0.3889161706349206 0.10807208994708994 0.15795882936507935
3 0.8808597883597883 0.5727529761904763 0.11531415343915344 0.15405257936507935
3 0.7519543650793651 0.7993154761904763 0.1240244708994709 0.17639136904761907
3 0.7063789682539683 0.5908209325396826 0.12443121693121692 0.1625967261904762
3 0.48762896825396823 0.40551835317460316 0.12337301587301587 0.16430555555555557
3 0.8346362433862434 0.3745114087301587 0.1302910052910053 0.16613839285714285