4 0.41570767195767194 0.11901041666666667 0.07414021164021163 0.08094246031746032
4 0.3346362433862434 0.2729489087301587 0.07043320105820106 0.08062748015873016
4 0.5611970899470899 0.17358382936507935 0.07108465608465608 0.08618055555555557
4 0.40950396825396823 0.2963864087301587 0.07002645502645502 0.08178819444444443
4 0.4801421957671958 0.3203125 0.06575396825396826 0.08020089285714285
4 0.5559887566137566 0.34375 0.06502314814814815 0.0758655753968254
4 0.6269543650793651 0.36865327380952384 0.06323082010582011 0.07080109126984127
4 0.6347652116402116 0.20043898809523808 0.06539021164021164 0.08123759920634921
4 0.4862566137566138 0.1479389880952381 0.07577050264550264 0.08423611111111111
5 0.14623015873015874 0.6432539682539682 0.08412367724867724 0.09520585317460317
0 0.5319874338624339 0.6279637896825396 0.06860119047619047 0.08942708333333334
3 0.8822056878306879 0.4430233134920635 0.08082671957671957 0.06924603174603175
5 0.26383597883597887 0.6713864087301588 0.08894841269841271 0.09948660714285715
3 0.7480456349206349 0.5136731150793651 0.06835978835978836 0.07501240079365079
3 0.8951818783068783 0.5625 0.07625330687830688 0.07708829365079364
5 0.37207010582010586 0.70703125 0.08264219576719577 0.09619047619047619
3 0.8229166666666666 0.5375967261904763 0.0719808201058201 0.07531746031746032
3 0.9557308201058201 0.46801835317460316 0.07706679894179895 0.07574404761904761
3 0.6868485449735451 0.6083978174603174 0.06477843915343914 0.07476686507936507
5 0.11083994708994709 0.7109375 0.0949702380952381 0.10107390873015873
3 0.7649735449735451 0.6308606150793651 0.06978505291005291 0.07574404761904761
5 0.2211904761904762 0.7436532738095237 0.08601851851851852 0.10229414682539682
5 0.04231812169312169 0.6079092261904763 0.08203042328042329 0.09515376984126984
3 0.6305324074074075 0.7026364087301588 0.06811507936507936 0.07629464285714285
5 0.4801421957671958 0.7421875 0.0792228835978836 0.09826636904761904
3 0.8378902116402117 0.6547842261904763 0.0719808201058201 0.07354662698412699
5 0.3297519841269841 0.7719717261904763 0.08430886243386243 0.10211061507936507
3 0.7057308201058201 0.7221676587301588 0.06673280423280424 0.07489087301587301
3 0.78125 0.7431646825396826 0.07254960317460317 0.07519593253968254
5 0.43457010582010586 0.80859375 0.07751322751322752 0.09967013888888888
0 0.46516865079365083 0.47583085317460316 0.0975760582010582 0.08062748015873016
2 0.6218121693121693 0.48579613095238094 0.05645502645502645 0.06799107142857143
1 0.25561838624338623 0.4961309523809524 0.07473214285714286 0.03905753968253968
5 0.6794080687830688 0.44281498015873016 0.07636904761904761 0.08619047619047619
4 0.3895403439153439 0.560188492063492 0.07409391534391535 0.07292162698412698
3 0.2751951058201058 0.4481919642857143 0.10768187830687831 0.04734126984126984
1 0.48349867724867723 0.5773412698412699 0.06144179894179894 0.04522569444444444