4 0.4990079365079365 0.4243551587301587 0.05357142857142857 0.05803571428571429
2 0.6416997354497355 0.640625 0.05787037037037037 0.05555555555555555
4 0.5509259259259259 0.4148065476190476 0.05489417989417989 0.05679563492063492
5 0.22420634920634921 0.6034226190476191 0.07076719576719577 0.07738095238095238
5 0.11921296296296297 0.5716765873015873 0.06580687830687831 0.07192460317460317
5 0.3627645502645503 0.5698164682539683 0.07076719576719577 0.07415674603174603
4 0.6502976190476191 0.39372519841269843 0.05588624338624339 0.05282738095238095
4 0.611441798941799 0.4973958333333333 0.05952380952380952 0.057291666666666664
4 0.5573743386243386 0.5091765873015873 0.05919312169312169 0.062003968253968256
5 0.8564814814814815 0.5305059523809523 0.05092592592592592 0.06547619047619048
1 0.6461640211640212 0.5497271825396826 0.04894179894179894 0.04290674603174603
4 0.7223875661375662 0.4711061507936508 0.06117724867724868 0.05530753968253968
5 0.5381944444444444 0.6700148809523809 0.07374338624338625 0.07068452380952381
4 0.4451058201058201 0.43117559523809523 0.056216931216931214 0.057291666666666664
4 0.7504960317460317 0.6149553571428571 0.06382275132275132 0.054811507936507936
0 0.734292328042328 0.5246775793650794 0.09358465608465609 0.03794642857142857
5 0.4593253968253968 0.5855654761904762 0.07076719576719577 0.07192460317460317
5 0.4313822751322751 0.6489335317460317 0.06911375661375661 0.07465277777777778
1 0.9313822751322751 0.6220238095238095 0.06911375661375661 0.032242063492063495
0 0.8411044973544973 0.6778273809523809 0.11342592592592593 0.03273809523809524
4 0.669921875 0.486083984375 0.060017903645833336 0.058563232421875
4 0.6012369791666666 0.4052734375 0.058349609375 0.055206298828125
5 0.3255208333333333 0.625 0.07373046875 0.07586669921875
5 0.2615559895833333 0.54833984375 0.06429036458333333 0.0738525390625
3 0.7115885416666666 0.7109375 0.06587727864583333 0.07159423828125
5 0.16324869791666666 0.52099609375 0.062052408854166664 0.06781005859375
3 0.4986979166666667 0.9013671875 0.11865234375 0.052032470703125
3 0.1796875 0.87353515625 0.12337239583333333 0.052825927734375
3 0.5078125 0.82421875 0.11507161458333333 0.050811767578125
3 0.3404947916666667 0.888671875 0.126708984375 0.056243896484375
3 0.3610026041666667 0.8115234375 0.12052408854166667 0.050048828125
3 0.060139973958333336 0.78271484375 0.11735026041666667 0.04949951171875
3 0.20865885416666666 0.796875 0.11612955729166667 0.04913330078125
3 0.5143229166666666 0.75048828125 0.11002604166666667 0.04681396484375
3 0.08927408854166667 0.71142578125 0.11263020833333333 0.04559326171875
3 0.3772786458333333 0.73779296875 0.114501953125 0.04681396484375
3 0.23372395833333334 0.7236328125 0.11149088541666667 0.044586181640625