3 0.4833984375 0.67626953125 0.08976236979166667 0.038238525390625
3 0.13541666666666666 0.68212890625 0.086669921875 0.03802490234375
3 0.3701171875 0.6591796875 0.087158203125 0.038177490234375
3 0.26806640625 0.5888671875 0.08561197916666667 0.0352783203125
3 0.3541666666666667 0.71728515625 0.086181640625 0.03875732421875
3 0.24300130208333334 0.69921875 0.08585611979166667 0.038116455078125
3 0.15836588541666666 0.57275390625 0.08463541666666667 0.0345458984375
3 0.2566731770833333 0.64306640625 0.08308919270833333 0.03594970703125
3 0.4944661458333333 0.62060546875 0.08748372395833333 0.03704833984375
3 0.4697265625 0.7353515625 0.09220377604166667 0.0401611328125
3 0.14908854166666666 0.62646484375 0.08585611979166667 0.036285400390625
4 0.646484375 0.43017578125 0.09407552083333333 0.051666259765625
5 0.4420572916666667 0.190673828125 0.095947265625 0.06817626953125
3 0.3811848958333333 0.60400390625 0.08683268229166667 0.035491943359375
5 0.404296875 0.4111328125 0.09822591145833333 0.06085205078125
5 0.5162760416666666 0.271240234375 0.10205078125 0.06927490234375
4 0.8365885416666666 0.4287109375 0.10929361979166667 0.055938720703125
4 0.5983072916666666 0.5205078125 0.0986328125 0.052337646484375
5 0.4192708333333333 0.33984375 0.099365234375 0.06427001953125
5 0.5247395833333334 0.194580078125 0.099365234375 0.07183837890625
5 0.4860026041666667 0.419189453125 0.09716796875 0.06451416015625
1 0.2646484375 0.31005859375 0.0596923828125 0.035675048828125
4 0.6985677083333334 0.337646484375 0.10074869791666667 0.054595947265625
2 0.2960611979166667 0.441650390625 0.07637532552083333 0.02947998046875
4 0.8619791666666666 0.38134765625 0.10791015625 0.055419921875
5 0.4296875 0.266357421875 0.09912109375 0.071044921875
4 0.6246744791666666 0.4736328125 0.087158203125 0.045867919921875
4 0.7610677083333334 0.56494140625 0.10319010416666667 0.05224609375
4 0.669921875 0.383056640625 0.09309895833333333 0.051666259765625
5 0.5377604166666666 0.115966796875 0.09684244791666667 0.07611083984375
4 0.787109375 0.5185546875 0.10847981770833333 0.0531005859375
5 0.4527994791666667 0.11029052734375 0.09912109375 0.07666015625
1 0.2921549479166667 0.358154296875 0.062052408854166664 0.03167724609375
0 0.15787760416666666 0.5205078125 0.11328125 0.03875732421875
5 0.5 0.3447265625 0.08732096354166667 0.060302734375
0 0.169921875 0.4658203125 0.10970052083333333 0.038330078125
4 0.810546875 0.476318359375 0.10221354166666667 0.051666259765625