4 0.36653769841269845 0.3964856150793651 0.08878637566137566 0.06280505952380952
4 0.06709656084656085 0.4511731150793651 0.08479828042328043 0.06384176587301588
4 0.20507936507936506 0.35668898809523814 0.08528769841269843 0.06420882936507936
0 0.33089285714285716 0.6040029761904763 0.09187830687830686 0.06268353174603175
5 0.35221230158730155 0.7099603174603174 0.051593915343915345 0.08062748015873016
4 0.16088955026455026 0.38940476190476186 0.08430886243386243 0.06311011904761905
5 0.5390641534391535 0.7944345238095237 0.060261243386243384 0.09533730158730158
4 0.3203141534391534 0.43066468253968254 0.08634589947089948 0.06109623015873016
4 0.2509755291005291 0.32177827380952384 0.08618055555555557 0.05865575396825397
3 0.6445304232804233 0.4682614087301587 0.07145171957671957 0.06304811507936509
5 0.2057308201058201 0.7299801587301588 0.05611111111111111 0.08648561507936507
5 0.30061838624338627 0.7744146825396826 0.059814814814814814 0.08990575396825397
3 0.641276455026455 0.3666989087301587 0.07043320105820106 0.06143105158730159
3 0.7779960317460317 0.40258680555555554 0.07694444444444444 0.062103174603174605
3 0.5712136243386243 0.5751959325396826 0.09335648148148148 0.04016121031746032
3 0.5758465608465608 0.39868055555555554 0.06823743386243386 0.060761408730158735
4 0.11328042328042329 0.42089781746031746 0.08280423280423281 0.06561259920634921
5 0.5914715608465608 0.9204092261904763 0.06229497354497354 0.10211061507936507
4 0.2745767195767196 0.46606398809523814 0.08813492063492064 0.05987599206349206
5 0.3958333333333333 0.8193353174603174 0.060261243386243384 0.0902703373015873
3 0.7050793650793651 0.33300843253968254 0.07482804232804233 0.0606374007936508
5 0.4466137566137566 0.7529290674603174 0.057291666666666664 0.08526537698412699
5 0.44628968253968254 0.5864260912698412 0.0526521164021164 0.07861359126984127
5 0.4889318783068783 0.87109375 0.05969246031746032 0.10797123015873016
3 0.7096362433862434 0.43774305555555554 0.07808531746031745 0.06268353174603175
5 0.2604166666666667 0.6635739087301588 0.049966931216931215 0.07092261904761904
3 0.8522123015873017 0.47509672619047616 0.08634589947089948 0.06622271825396825
3 0.78125 0.5112301587301588 0.08390211640211641 0.06646825396825397
2 0.2745767195767196 0.5605481150793651 0.06913359788359788 0.053802083333333334
0 0.45475198412698414 0.5322271825396826 0.11246693121693123 0.03601190476190476
4 0.6627612433862434 0.6342782738095237 0.07791997354497354 0.05490079365079365
3 0.7161474867724869 0.5449231150793651 0.08056547619047619 0.06964037698412699
3 0.7942724867724869 0.6240228174603174 0.08129960317460318 0.07159474206349206
4 0.22607473544973544 0.5004885912698412 0.09171626984126985 0.06408730158730158
3 0.8561210317460317 0.5888665674603174 0.0913888888888889 0.07275297619047619
1 0.41829365079365083 0.6328125 0.06526785714285714 0.031433531746031744
1 0.47005291005291006 0.47143601190476186 0.06648809523809524 0.030915178571428573