4 0.4856770833333333 0.7802734375 0.08113606770833333 0.038818359375
4 0.24674479166666666 0.51220703125 0.07637532552083333 0.051849365234375
3 0.5960286458333334 0.798828125 0.08585611979166667 0.036163330078125
3 0.8678385416666666 0.65283203125 0.044962565104166664 0.06866455078125
2 0.5348307291666666 0.8671875 0.0791015625 0.043609619140625
3 0.705078125 0.7392578125 0.041524251302083336 0.0703125
5 0.5911458333333334 0.62890625 0.038411458333333336 0.07305908203125
0 0.3831380208333333 0.88818359375 0.09326171875 0.06719970703125
3 0.869140625 0.7470703125 0.046875 0.07275390625
4 0.16845703125 0.623046875 0.08341471354166667 0.059967041015625
5 0.4527994791666667 0.53125 0.034159342447916664 0.06561279296875
3 0.7838541666666666 0.560546875 0.039896647135416664 0.0634765625
4 0.20719401041666666 0.65625 0.08634440104166667 0.06500244140625
3 0.7838541666666666 0.65087890625 0.04144287109375 0.06719970703125
5 0.4563802083333333 0.74755859375 0.09879557291666667 0.044677734375
3 0.8658854166666666 0.56201171875 0.0439453125 0.06524658203125
4 0.12874348958333334 0.59033203125 0.0849609375 0.05792236328125
3 0.7018229166666666 0.8359375 0.041280110677083336 0.0762939453125
3 0.70703125 0.55859375 0.03900146484375 0.0635986328125
3 0.7838541666666666 0.83984375 0.043538411458333336 0.07586669921875
4 0.2859700520833333 0.544921875 0.079833984375 0.05419921875
3 0.7858072916666666 0.7431640625 0.043619791666666664 0.07171630859375
3 0.7063802083333334 0.64697265625 0.03997802734375 0.06671142578125
5 0.3224283854166667 0.440185546875 0.0364990234375 0.06475830078125
5 0.5755208333333334 0.53076171875 0.040974934895833336 0.07464599609375
5 0.3776041666666667 0.400146484375 0.037129720052083336 0.06732177734375
5 0.521484375 0.57861328125 0.037068684895833336 0.07305908203125
1 0.3837890625 0.7685546875 0.060139973958333336 0.03271484375
4 0.28662109375 0.72705078125 0.08650716145833333 0.06256103515625
0 0.2586263020833333 0.86376953125 0.10888671875 0.04931640625
1 0.5569661458333334 0.7216796875 0.058268229166666664 0.0310211181640625
5 0.4410807291666667 0.444091796875 0.0360107421875 0.06695556640625
4 0.3649088541666667 0.607421875 0.0792236328125 0.058013916015625
5 0.5081380208333334 0.48583984375 0.036234537760416664 0.06451416015625
5 0.38671875 0.484130859375 0.035746256510416664 0.06488037109375
4 0.3248697916666667 0.5771484375 0.07625325520833333 0.053802490234375
4 0.24609375 0.69189453125 0.08011881510416667 0.056549072265625