4 0.7628968253968254 0.5564236111111112 0.10515873015873016 0.050347222222222224
1 0.6684854497354498 0.474578373015873 0.07771164021164022 0.047371031746031744
5 0.40906084656084657 0.2873263888888889 0.08664021164021164 0.07415674603174603
2 0.642526455026455 0.720734126984127 0.10251322751322751 0.0689484126984127
5 0.5228174603174603 0.29538690476190477 0.0873015873015873 0.06646825396825397
1 0.4437830687830688 0.5998263888888888 0.06018518518518518 0.05927579365079365
5 0.6362433862433863 0.30865575396825395 0.09788359788359788 0.06572420634920635
5 0.749834656084656 0.3742559523809524 0.09689153439153439 0.0744047619047619
5 0.4966931216931217 0.4930555555555556 0.08267195767195767 0.08630952380952381
5 0.8698743386243386 0.3148561507936508 0.10152116402116403 0.07068452380952381
5 0.515542328042328 0.3609871031746032 0.08994708994708994 0.07564484126984126
0 0.8578042328042328 0.7158978174603174 0.056878306878306875 0.10887896825396826
5 0.873015873015873 0.3810763888888889 0.10515873015873016 0.07366071428571429
3 0.6175130208333334 0.6025390625 0.10677083333333333 0.06707763671875
5 0.7545572916666666 0.30859375 0.09700520833333333 0.06756591796875
5 0.6350911458333334 0.365478515625 0.101318359375 0.07208251953125