3 0.26220703125 0.5859375 0.083740234375 0.03802490234375
3 0.3505859375 0.66259765625 0.08414713541666667 0.0401611328125
3 0.4371744791666667 0.744140625 0.08846028645833333 0.041839599609375
3 0.22135416666666666 0.6923828125 0.08296712239583333 0.040985107421875
3 0.24300130208333334 0.6376953125 0.08251953125 0.038970947265625
3 0.3273111979166667 0.71728515625 0.08308919270833333 0.04046630859375
3 0.4583333333333333 0.68798828125 0.08650716145833333 0.042083740234375
3 0.11775716145833333 0.66650390625 0.08357747395833333 0.04046630859375
3 0.14005533854166666 0.61279296875 0.083251953125 0.038330078125
3 0.4778645833333333 0.634765625 0.08414713541666667 0.04083251953125
5 0.564453125 0.2269287109375 0.09269205729166667 0.059417724609375
3 0.15706380208333334 0.56005859375 0.08308919270833333 0.035675048828125
5 0.544921875 0.2958984375 0.10099283854166667 0.059967041015625
5 0.5869140625 0.152099609375 0.09423828125 0.06671142578125
3 0.369140625 0.60986328125 0.08280436197916667 0.0384521484375
5 0.48828125 0.2139892578125 0.09879557291666667 0.06280517578125
5 0.4459635416666667 0.353759765625 0.09895833333333333 0.0560302734375
5 0.4192708333333333 0.424072265625 0.0986328125 0.052703857421875
5 0.5185546875 0.36865234375 0.08927408854166667 0.05499267578125
5 0.4973958333333333 0.438232421875 0.0966796875 0.05706787109375
0 0.18294270833333334 0.45849609375 0.105224609375 0.042236328125
4 0.6507161458333334 0.4619140625 0.09285481770833333 0.055206298828125
0 0.16072591145833334 0.5126953125 0.10774739583333333 0.042236328125
4 0.7415364583333334 0.603515625 0.09309895833333333 0.054901123046875
5 0.462890625 0.283203125 0.0966796875 0.06280517578125
5 0.5094401041666666 0.13916015625 0.08699544270833333 0.06292724609375
4 0.6796875 0.4189453125 0.09138997395833333 0.0531005859375
4 0.8346354166666666 0.472900390625 0.103759765625 0.055206298828125
4 0.71484375 0.374755859375 0.092041015625 0.054290771484375
4 0.5944010416666666 0.54345703125 0.09635416666666667 0.05340576171875
4 0.775390625 0.55859375 0.1005859375 0.055419921875
1 0.296875 0.316162109375 0.0545654296875 0.0312042236328125
2 0.30908203125 0.4443359375 0.07499186197916667 0.0260009765625
4 0.8046875 0.51953125 0.10481770833333333 0.05718994140625
1 0.3170572916666667 0.364501953125 0.059366861979166664 0.0321044921875
4 0.865234375 0.4296875 0.10335286458333333 0.057373046875
4 0.6233723958333334 0.50244140625 0.08797200520833333 0.0517578125