0 0.27761243386243384 0.37896825396825395 0.08366402116402116 0.10119047619047619
2 0.5205026455026455 0.4568452380952381 0.07341269841269842 0.08085317460317461
5 0.2046957671957672 0.5153769841269841 0.09986772486772487 0.10515873015873016
4 0.5710978835978836 0.5762648809523809 0.12037037037037036 0.09250992063492064
4 0.4252645502645503 0.6845238095238095 0.11044973544973545 0.09226190476190477
4 0.35978835978835977 0.5629960317460317 0.12632275132275134 0.04563492063492063
4 0.6165674603174603 0.8324652777777778 0.11871693121693122 0.0974702380952381
0 0.17394179894179895 0.6656746031746031 0.05886243386243386 0.11061507936507936
4 0.8993055555555556 0.6101190476190477 0.1259920634920635 0.08630952380952381
1 0.10912698412698413 0.5849454365079365 0.07936507936507936 0.060267857142857144
1 0.09540343915343916 0.6877480158730159 0.08895502645502645 0.04712301587301587
4 0.7528108465608465 0.7194940476190477 0.12996031746031747 0.09623015873015874
3 0.3893229166666667 0.15087890625 0.11800130208333333 0.053314208984375
4 0.4925130208333333 0.63232421875 0.12532552083333334 0.09967041015625
3 0.8268229166666666 0.372802734375 0.133544921875 0.05560302734375
4 0.8294270833333334 0.6640625 0.11409505208333333 0.093994140625
3 0.546875 0.1756591796875 0.12516276041666666 0.05572509765625
3 0.3307291666666667 0.290283203125 0.11678059895833333 0.051666259765625
3 0.3616536458333333 0.2203369140625 0.11637369791666667 0.0526123046875
3 0.4889322916666667 0.3173828125 0.12166341145833333 0.0548095703125
3 0.8489583333333334 0.2998046875 0.13126627604166666 0.057373046875
3 0.30126953125 0.52001953125 0.12646484375 0.047088623046875
3 0.6533203125 0.343505859375 0.12361653645833333 0.052825927734375
3 0.521484375 0.2454833984375 0.12443033854166667 0.0531005859375
3 0.6712239583333334 0.27099609375 0.112060546875 0.0531005859375
3 0.7024739583333334 0.198974609375 0.11865234375 0.053192138671875
4 0.638671875 0.52294921875 0.103759765625 0.07476806640625
4 0.681640625 0.7734375 0.11002604166666667 0.103759765625