2 0.4892526455026455 0.9135664682539683 0.07308201058201058 0.06572420634920635
0 0.7172619047619048 0.6205357142857143 0.09060846560846561 0.06299603174603174
0 0.7767857142857143 0.6700148809523809 0.09325396825396826 0.06473214285714286
3 0.29282407407407407 0.435515873015873 0.07175925925925926 0.053075396825396824
1 0.6947751322751323 0.8602430555555556 0.04894179894179894 0.05381944444444445
4 0.18766534391534392 0.6876240079365079 0.09490740740740741 0.06919642857142858
3 0.5517526455026455 0.6106150793650794 0.08035714285714286 0.060515873015873016
3 0.39798280423280424 0.3560267857142857 0.07308201058201058 0.05431547619047619
4 0.3148148148148148 0.5948660714285714 0.0873015873015873 0.06522817460317461
3 0.4809854497354497 0.4095982142857143 0.07506613756613757 0.054811507936507936
3 0.34755291005291006 0.39868551587301587 0.07539682539682539 0.05381944444444445
3 0.37549603174603174 0.49094742063492064 0.07506613756613757 0.057291666666666664
3 0.46064814814814814 0.5484871031746031 0.07671957671957672 0.05580357142857143
3 0.6585648148148148 0.5224454365079365 0.08101851851851852 0.05828373015873016
3 0.4305555555555556 0.4513888888888889 0.07671957671957672 0.057539682539682536
4 0.4052579365079365 0.6665426587301587 0.08961640211640212 0.0662202380952381
4 0.27645502645502645 0.7637648809523809 0.09060846560846561 0.07366071428571429
1 0.6127645502645502 0.8702876984126984 0.04365079365079365 0.053075396825396824
3 0.5158730158730159 0.5060763888888888 0.0787037037037037 0.05828373015873016
3 0.6059854497354498 0.5660962301587301 0.08167989417989419 0.058779761904761904
5 0.615244708994709 0.3947172619047619 0.045304232804232805 0.07961309523809523
5 0.759755291005291 0.49429563492063494 0.045304232804232805 0.07886904761904762
5 0.9036044973544973 0.5023561507936508 0.04265873015873016 0.08060515873015874
5 0.6121031746031746 0.30158730158730157 0.041005291005291 0.07539682539682539
5 0.5481150793650794 0.3411458333333333 0.0419973544973545 0.07663690476190477
5 0.8381283068783069 0.5493551587301587 0.04265873015873016 0.08283730158730158
5 0.6790674603174603 0.3492063492063492 0.04332010582010582 0.0763888888888889
5 0.8247354497354498 0.45126488095238093 0.04497354497354497 0.07911706349206349
5 0.6851851851851852 0.44072420634920634 0.04431216931216931 0.07837301587301587
5 0.7470238095238095 0.4011656746031746 0.04298941798941799 0.07564484126984126
3 0.5667328042328043 0.46386656746031746 0.07527777777777778 0.054290674603174605
4 0.234375 0.72265625 0.0987962962962963 0.07611111111111112
4 0.36230489417989414 0.6303720238095237 0.08878637566137566 0.06964037698412699
4 0.46289021164021166 0.703125 0.08732142857142858 0.0738516865079365
4 0.27099537037037036 0.5595709325396826 0.08528769841269843 0.06097470238095238
4 0.3284490740740741 0.8066418650793651 0.1007473544973545 0.07824652777777778
4 0.14656415343915344 0.6494146825396826 0.09895833333333333 0.07275297619047619