3 0.8794642857142857 0.3736359126984127 0.04794973544973545 0.061755952380952384
3 0.8141534391534392 0.533234126984127 0.05291005291005291 0.0689484126984127
3 0.9017857142857143 0.5348462301587301 0.05357142857142857 0.07118055555555555
3 0.7321428571428571 0.5280257936507936 0.04563492063492063 0.0679563492063492
3 0.9140211640211641 0.6285962301587301 0.057539682539682536 0.07663690476190477
3 0.8900462962962963 0.4503968253968254 0.05125661375661376 0.06498015873015874
3 0.8080357142857143 0.4503968253968254 0.04927248677248677 0.06448412698412699
3 0.8012566137566137 0.3740079365079365 0.04563492063492063 0.060515873015873016
3 0.7336309523809523 0.6205357142857143 0.04794973544973545 0.07490079365079365
2 0.44841269841269843 0.5688244047619048 0.06349206349206349 0.05233134920634921
3 0.7283399470899471 0.44506448412698413 0.04332010582010582 0.061755952380952384
3 0.8227513227513228 0.6251240079365079 0.052248677248677246 0.07614087301587301
0 0.39533730158730157 0.7100694444444444 0.08432539682539683 0.09375
4 0.230489417989418 0.44568452380952384 0.09126984126984126 0.040674603174603176
4 0.19295634920634921 0.5301339285714286 0.09887566137566138 0.04389880952380952
5 0.5879629629629629 0.6969246031746031 0.06084656084656084 0.08630952380952381
4 0.38657407407407407 0.46056547619047616 0.09193121693121693 0.04017857142857143
4 0.3718584656084656 0.5044642857142857 0.09490740740740741 0.04117063492063492
4 0.3521825396825397 0.5497271825396826 0.0958994708994709 0.03844246031746032
4 0.14302248677248677 0.6205357142857143 0.09556878306878307 0.044642857142857144
4 0.21263227513227514 0.48623511904761907 0.0958994708994709 0.04141865079365079
4 0.3330026455026455 0.5942460317460317 0.0958994708994709 0.03819444444444445
0 0.4642857142857143 0.6088789682539683 0.10648148148148148 0.028769841269841268
4 0.1693121693121693 0.5756448412698413 0.09854497354497355 0.040674603174603176
1 0.4818121693121693 0.666046626984127 0.05026455026455026 0.04389880952380952
3 0.5796957671957672 0.5168650793650794 0.08928571428571429 0.03720238095238095
1 0.47784391534391535 0.4975198412698413 0.03505291005291005 0.03373015873015873
4 0.5894510582010583 0.6088789682539683 0.09755291005291006 0.03720238095238095