2 0.45898478835978834 0.8247073412698412 0.08296626984126984 0.04568452380952381
3 0.8470039682539683 0.7094717261904763 0.06135912698412699 0.0758655753968254
4 0.23600198412698412 0.58203125 0.08203042328042329 0.06118799603174603
4 0.5804034391534392 0.8208010912698412 0.09269179894179895 0.038970734126984125
3 0.7298181216931217 0.6245114087301588 0.05257275132275132 0.0699454365079365
3 0.8092460317460317 0.6157217261904763 0.059447751322751326 0.07134920634920636
3 0.7760416666666666 0.5268551587301588 0.05664021164021164 0.06732142857142857
0 0.31868386243386243 0.9541021825396826 0.13500992063492062 0.05185019841269841
3 0.7623710317460317 0.72265625 0.05497354497354498 0.07574404761904761
5 0.3925793650793651 0.4665525793650794 0.04858465608465608 0.07055555555555557
4 0.3002943121693122 0.8212896825396826 0.10099206349206348 0.08227430555555557
3 0.8919279100529101 0.6015625 0.060138888888888895 0.07055555555555557
3 0.9303373015873017 0.6972668650793651 0.06428902116402116 0.07531746031746032
3 0.796875 0.8247073412698412 0.06001653439153439 0.08282490079365079
3 0.8815112433862434 0.8120114087301588 0.06901124338624338 0.08196924603174603
5 0.26432208994708994 0.48315476190476186 0.046752645502645504 0.0668328373015873
4 0.11027116402116402 0.6752926587301588 0.09513227513227514 0.06671130952380953
3 0.8580720899470899 0.5126959325396826 0.059814814814814814 0.06756696428571429
5 0.34602843915343917 0.5185540674603174 0.049480820105820104 0.06982390873015873
5 0.47460978835978834 0.5014657738095238 0.04874669312169312 0.0719593253968254
3 0.6959623015873017 0.5361334325396826 0.04931547619047619 0.06512400793650794
4 0.15462301587301586 0.7094717261904763 0.09513227513227514 0.07275297619047619
4 0.2521164021164021 0.7802728174603174 0.09822751322751323 0.07751488095238096
4 0.20117063492063494 0.7451165674603174 0.09684193121693123 0.07665922619047619
5 0.42805886243386243 0.5556646825396826 0.04959986772486773 0.07159474206349206
4 0.2827149470899471 0.6137698412698412 0.08308862433862434 0.06384176587301588
5 0.5159490740740741 0.5893551587301588 0.06160383597883597 0.08209325396825397
3 0.6755324074074074 0.8116741071428571 0.09665343915343914 0.03864087301587302
5 0.31233796296296296 0.43286210317460316 0.04626322751322751 0.0686656746031746
5 0.6025396825396825 0.6254885912698412 0.05444444444444444 0.07421875
1 0.42805886243386243 0.8642584325396826 0.07470568783068783 0.038390376984126985
1 0.6057936507936508 0.7465823412698412 0.06091269841269841 0.03222718253968254
5 0.5559887566137566 0.5322271825396826 0.05147156084656085 0.06927579365079364
5 0.7265641534391535 0.92578125 0.0975760582010582 0.054107142857142854
4 0.32796296296296296 0.6474603174603174 0.08479828042328043 0.06463541666666667
4 0.37825396825396823 0.6806646825396826 0.08357804232804233 0.06561259920634921
0 0.48600198412698414 0.9628918650793651 0.09952711640211641 0.07397569444444443