5 0.7662037037037037 0.4619295634920635 0.0701058201058201 0.06870039682539683
5 0.6618716931216931 0.41108630952380953 0.07242063492063493 0.07118055555555555
3 0.2640542328042328 0.43861607142857145 0.04662698412698413 0.06225198412698413
3 0.32688492063492064 0.7010168650793651 0.0539021164021164 0.07366071428571429
3 0.16038359788359788 0.730406746031746 0.05423280423280423 0.07787698412698413
3 0.22486772486772486 0.6223958333333334 0.05357142857142857 0.0716765873015873
3 0.2845568783068783 0.5215773809523809 0.049933862433862435 0.06547619047619048
5 0.6412037037037037 0.3461061507936508 0.07076719576719577 0.07068452380952381
3 0.24636243386243387 0.7145337301587301 0.056216931216931214 0.07490079365079365
3 0.18832671957671956 0.45126488095238093 0.04728835978835979 0.06374007936507936
5 0.7123015873015873 0.3368055555555556 0.06746031746031746 0.06994047619047619
3 0.30522486772486773 0.6081349206349206 0.052248677248677246 0.06944444444444445
3 0.12797619047619047 0.5450148809523809 0.051587301587301584 0.06820436507936507
3 0.20684523809523808 0.5342261904761905 0.05191798941798942 0.0679563492063492
3 0.11210317460317461 0.46056547619047616 0.0496031746031746 0.06448412698412699
5 0.7374338624338624 0.40029761904761907 0.07407407407407407 0.06994047619047619
3 0.14368386243386244 0.6344246031746031 0.054563492063492064 0.07390873015873016
5 0.7514880952380952 0.6130952380952381 0.07572751322751323 0.07936507936507936
5 0.8336640211640212 0.5944940476190477 0.07407407407407407 0.07837301587301587
5 0.7179232804232805 0.5434027777777778 0.07407407407407407 0.07490079365079365
5 0.6888227513227513 0.47631448412698413 0.06944444444444445 0.07217261904761904
1 0.49107142857142855 0.7703373015873016 0.05489417989417989 0.041666666666666664
1 0.42923280423280424 0.8092757936507936 0.05489417989417989 0.046130952380952384
2 0.7572751322751323 0.7223462301587301 0.03902116402116402 0.0597718253968254
5 0.7981150793650794 0.5261656746031746 0.0710978835978836 0.07366071428571429
0 0.6886574074074074 0.7297867063492064 0.05257936507936508 0.08308531746031746
4 0.4313822751322751 0.6085069444444444 0.09887566137566138 0.046378968253968256
4 0.4416335978835979 0.6567460317460317 0.10284391534391535 0.04712301587301587
4 0.3993055555555556 0.470734126984127 0.09623015873015874 0.041666666666666664
4 0.42162698412698413 0.5611359126984127 0.09854497354497355 0.041914682539682536
4 0.5904431216931217 0.5861855158730159 0.1001984126984127 0.041914682539682536
4 0.40906084656084657 0.5153769841269841 0.09986772486772487 0.0441468253968254
0 0.6099537037037037 0.7384672619047619 0.05125661375661376 0.08556547619047619
4 0.5785383597883598 0.5425347222222222 0.09689153439153439 0.041914682539682536
4 0.5530753968253969 0.4522569444444444 0.09556878306878307 0.040426587301587304
4 0.6056547619047619 0.6323164682539683 0.10085978835978836 0.043402777777777776
4 0.5653108465608465 0.49776785714285715 0.09689153439153439 0.04017857142857143