3 0.4778645833333333 0.73193359375 0.045572916666666664 0.055938720703125
3 0.5094401041666666 0.6611328125 0.043538411458333336 0.053009033203125
3 0.5354817708333334 0.748046875 0.042805989583333336 0.055511474609375
3 0.41796875 0.71435546875 0.045125325520833336 0.055206298828125
3 0.5667317708333334 0.67626953125 0.043050130208333336 0.0531005859375
3 0.4518229166666667 0.6455078125 0.044718424479166664 0.0526123046875
3 0.3844401041666667 0.7880859375 0.045125325520833336 0.058563232421875
3 0.5960286458333334 0.607421875 0.041829427083333336 0.05145263671875
3 0.5403645833333334 0.59375 0.044270833333333336 0.0531005859375
3 0.484375 0.57958984375 0.043294270833333336 0.0509033203125
3 0.4453125 0.80517578125 0.046061197916666664 0.05877685546875
3 0.5029296875 0.822265625 0.045206705729166664 0.05865478515625
0 0.7337239583333334 0.525390625 0.0682373046875 0.056549072265625
4 0.337890625 0.671875 0.0682373046875 0.03790283203125
4 0.3746744791666667 0.6015625 0.07625325520833333 0.036834716796875
4 0.357421875 0.638671875 0.067626953125 0.034027099609375
4 0.2666015625 0.568359375 0.07279459635416667 0.034698486328125
5 0.5602213541666666 0.505859375 0.057942708333333336 0.058349609375
4 0.396484375 0.56689453125 0.07267252604166667 0.03582763671875
5 0.4918619791666667 0.48828125 0.051188151041666664 0.054107666015625
4 0.24641927083333334 0.6044921875 0.07499186197916667 0.037200927734375
4 0.4134114583333333 0.53173828125 0.07279459635416667 0.035614013671875
4 0.22526041666666666 0.63818359375 0.07161458333333333 0.03424072265625
0 0.6822916666666666 0.49560546875 0.054646809895833336 0.045257568359375
4 0.2884114583333333 0.5361328125 0.07694498697916667 0.032958984375
4 0.3025716145833333 0.5048828125 0.07967122395833333 0.03424072265625
5 0.32080078125 0.39501953125 0.0447998046875 0.0552978515625
5 0.4248046875 0.467041015625 0.051188151041666664 0.0531005859375
5 0.3600260416666667 0.452880859375 0.049031575520833336 0.056243896484375
2 0.7063802083333334 0.56591796875 0.057820638020833336 0.034698486328125
5 0.5826822916666666 0.45947265625 0.0504150390625 0.0526123046875
5 0.5172526041666666 0.445068359375 0.05224609375 0.05389404296875
1 0.677734375 0.6435546875 0.052937825520833336 0.025665283203125
5 0.4488932291666667 0.427490234375 0.043212890625 0.047882080078125
5 0.29443359375 0.43505859375 0.051188151041666664 0.058135986328125
1 0.6822916666666666 0.6015625 0.052571614583333336 0.0247955322265625
5 0.3831380208333333 0.411865234375 0.0482177734375 0.05706787109375