3 0.44466269841269845 0.5927728174603174 0.08341600529100529 0.04742311507936508
3 0.5820304232804233 0.6059573412698412 0.08158399470899472 0.04681299603174603
5 0.39908730158730155 0.4184573412698413 0.09041335978835979 0.05480902777777778
5 0.30371031746031746 0.4316418650793651 0.08341600529100529 0.05499255952380952
3 0.33496031746031746 0.6303720238095237 0.08943783068783068 0.05041418650793651
3 0.36783730158730155 0.6840823412698412 0.09269179894179895 0.05175843253968254
5 0.40983134920634917 0.4746106150793651 0.09342592592592593 0.05419890873015873
5 0.3108730158730159 0.48925843253968254 0.08618055555555557 0.05319196428571429
5 0.20458994708994707 0.4375 0.08325066137566138 0.05499255952380952
3 0.5471990740740741 0.5576165674603174 0.07735119047619048 0.046202876984126985
3 0.47851521164021166 0.64453125 0.08390211640211641 0.04949900793650794
3 0.6409490740740741 0.5249032738095237 0.07568452380952381 0.04263392857142857
3 0.6751289682539682 0.5712896825396826 0.0791005291005291 0.044434523809523806
3 0.6194675925925925 0.6586904761904763 0.08280423280423281 0.04733382936507936
3 0.5126951058201058 0.6958010912698412 0.08569444444444443 0.04867559523809523
1 0.8059887566137566 0.5888665674603174 0.05578703703703703 0.03854414682539682
5 0.5917956349206349 0.45459077380952384 0.08296626984126984 0.04867559523809523
0 0.9283862433862434 0.5761731150793651 0.07609126984126983 0.06719990079365079
5 0.48502645502645503 0.40600694444444446 0.07499338624338624 0.048035714285714286
3 0.7194014550264549 0.6176760912698412 0.08129960317460318 0.04510416666666667
5 0.21435515873015873 0.49902281746031746 0.08813492063492064 0.05108630952380952
3 0.7916666666666666 0.44018601190476186 0.03747685185185185 0.05856398809523809
5 0.9231779100529101 0.42504960317460316 0.046507936507936505 0.06222470238095238
4 0.7519543650793651 0.34399305555555554 0.047199074074074074 0.06231646825396825
4 0.7519543650793651 0.47509672619047616 0.057291666666666664 0.05349702380952381
2 0.7975264550264549 0.5424801587301588 0.04479828042328042 0.05023313492063492
1 0.6829431216931217 0.4318849206349206 0.04544973544973545 0.039947916666666666
4 0.6959623015873017 0.3442385912698413 0.04939814814814815 0.062103174603174605
4 0.8059887566137566 0.33984375 0.05098544973544974 0.06359871031746032
4 0.8613293650793651 0.33666914682539684 0.04882936507936508 0.060302579365079365
4 0.6783862433862434 0.24206597222222223 0.04614417989417989 0.06118799603174603
0 0.8040376984126983 0.7041021825396826 0.11735119047619048 0.036071428571428574
4 0.6253240740740741 0.24487351190476192 0.04479828042328042 0.06311011904761905
4 0.6373710317460318 0.34643601190476186 0.05175925925925926 0.06130952380952381
4 0.7877612433862434 0.24145585317460316 0.04659060846560846 0.06042410714285714
4 0.7363293650793651 0.2432862103174603 0.04288690476190476 0.05987599206349206
5 0.5037466931216931 0.46750992063492064 0.08597883597883597 0.053737599206349206