3 0.6040013227513228 0.5756448412698413 0.05324074074074074 0.06448412698412699
3 0.6595568783068783 0.7591765873015873 0.06183862433862434 0.07837301587301587
3 0.6746031746031746 0.5714285714285714 0.056878306878306875 0.06646825396825397
3 0.7490079365079365 0.5620039682539683 0.05952380952380952 0.06845238095238096
4 0.10267857142857142 0.47606646825396826 0.08300264550264551 0.05530753968253968
3 0.6316137566137566 0.6639384920634921 0.056878306878306875 0.07142857142857142
3 0.8151455026455027 0.738343253968254 0.07142857142857142 0.0798611111111111
3 0.718584656084656 0.484375 0.05357142857142857 0.06398809523809523
3 0.7056878306878307 0.6567460317460317 0.062169312169312166 0.07192460317460317
3 0.781084656084656 0.6465773809523809 0.06349206349206349 0.0744047619047619
3 0.5171957671957672 0.6604662698412699 0.07605820105820106 0.05803571428571429
3 0.7372685185185185 0.7488839285714286 0.06845238095238096 0.07862103174603174
4 0.3472222222222222 0.4417162698412698 0.08134920634920635 0.054563492063492064
4 0.22602513227513227 0.38256448412698413 0.07705026455026455 0.051835317460317464
4 0.32407407407407407 0.6499255952380952 0.082010582010582 0.05084325396825397
4 0.26769179894179895 0.5091765873015873 0.08234126984126984 0.054563492063492064
3 0.5166015625 0.56298828125 0.07014973958333333 0.05126953125
4 0.18977864583333334 0.411865234375 0.08219401041666667 0.052520751953125
4 0.3128255208333333 0.47412109375 0.08732096354166667 0.05511474609375
4 0.14778645833333334 0.443359375 0.087158203125 0.057586669921875
4 0.050618489583333336 0.50244140625 0.07511393229166667 0.049224853515625
4 0.4544270833333333 0.6298828125 0.054239908854166664 0.062103271484375