3 0.5406901041666666 0.5517578125 0.059244791666666664 0.048126220703125
3 0.4781901041666667 0.6123046875 0.0609130859375 0.052825927734375
3 0.4541015625 0.80224609375 0.062052408854166664 0.056243896484375
3 0.4680989583333333 0.70458984375 0.059814453125 0.05389404296875
3 0.5908203125 0.58349609375 0.060709635416666664 0.05194091796875
3 0.5302734375 0.642578125 0.060139973958333336 0.053802490234375
4 0.4195963541666667 0.548828125 0.06526692708333333 0.04620361328125
3 0.4046223958333333 0.76806640625 0.061279296875 0.055511474609375
3 0.4147135416666667 0.671875 0.0594482421875 0.053497314453125
3 0.3509114583333333 0.73486328125 0.060465494791666664 0.05419921875
3 0.5823567708333334 0.6728515625 0.061726888020833336 0.05389404296875
3 0.6432291666666666 0.60986328125 0.060017903645833336 0.0504150390625
4 0.3873697916666667 0.58154296875 0.06429036458333333 0.04638671875
3 0.5188802083333334 0.73583984375 0.060262044270833336 0.054595947265625
4 0.25732421875 0.54833984375 0.0677490234375 0.044097900390625
4 0.3328450520833333 0.489501953125 0.06636555989583333 0.043212890625
5 0.5686848958333334 0.393798828125 0.036641438802083336 0.060638427734375
4 0.45703125 0.51708984375 0.061360677083333336 0.040924072265625
2 0.7747395833333334 0.59619140625 0.055379231770833336 0.045196533203125
5 0.6295572916666666 0.423583984375 0.037272135416666664 0.0604248046875
4 0.3889973958333333 0.43701171875 0.07185872395833333 0.044586181640625
5 0.5081380208333334 0.36181640625 0.036844889322916664 0.061309814453125
5 0.4674479166666667 0.395751953125 0.03363037109375 0.061431884765625
5 0.455078125 0.32861328125 0.03643798828125 0.05718994140625
4 0.29443359375 0.52001953125 0.07120768229166667 0.0482177734375
4 0.3551432291666667 0.6103515625 0.06990559895833333 0.04986572265625
5 0.5836588541666666 0.463623046875 0.034932454427083336 0.062103271484375
5 0.69140625 0.45263671875 0.0396728515625 0.05865478515625
5 0.5257161458333334 0.42236328125 0.03521728515625 0.05889892578125
0 0.7799479166666666 0.52001953125 0.0758056640625 0.04376220703125
1 0.7102864583333334 0.66796875 0.053141276041666664 0.0297088623046875
4 0.4856770833333333 0.491455078125 0.06901041666666667 0.046905517578125
1 0.734375 0.6259765625 0.0523681640625 0.0273284912109375
4 0.3561197916666667 0.465087890625 0.07694498697916667 0.046905517578125
5 0.6477864583333334 0.49658203125 0.040506998697916664 0.060760498046875
5 0.4114583333333333 0.36083984375 0.0382080078125 0.061767578125
0 0.8229166666666666 0.560546875 0.07539876302083333 0.0439453125