5 0.3577281746031746 0.1722767857142857 0.07785383597883598 0.07429811507936508
5 0.4556878306878307 0.18419146825396823 0.08129298941798942 0.08427579365079366
5 0.4431283068783069 0.25072172619047617 0.08237764550264551 0.07751240079365079
3 0.24039682539682541 0.43041914682539684 0.0611574074074074 0.0668328373015873
3 0.17236441798941798 0.40991319444444446 0.0637202380952381 0.06549107142857143
3 0.1271164021164021 0.49243055555555554 0.06428902116402116 0.06634424603174603
3 0.19645171957671959 0.5141592261904763 0.06184854497354497 0.06744295634920636
3 0.3064781746031746 0.44921875 0.06441137566137566 0.06890873015873016
3 0.2626951058201058 0.5346676587301588 0.06734126984126984 0.06817708333333333
3 0.15226190476190476 0.5971676587301588 0.06392526455026455 0.06854166666666667
3 0.3515641534391535 0.36352430555555554 0.05924603174603175 0.06744295634920636
3 0.21403108465608467 0.6206051587301588 0.06551256613756615 0.06903025793650794
3 0.2827149470899471 0.34643601190476186 0.05891865079365079 0.06622271825396825
5 0.3356117724867725 0.23913690476190477 0.08280423280423281 0.08007936507936508
5 0.5628240740740741 0.19604414682539684 0.09391203703703704 0.08691468253968254
5 0.5445965608465608 0.2634275793650794 0.09073743386243385 0.08209325396825397
3 0.21582010582010583 0.32788194444444446 0.05989748677248677 0.06335565476190476
5 0.7708333333333334 0.21435515873015873 0.07995701058201057 0.07275297619047619
5 0.7565112433862434 0.28588789682539684 0.09529761904761905 0.08569444444444443
4 0.6103505291005291 0.47753968253968254 0.09187830687830686 0.05004960317460318
4 0.4479166666666667 0.43115327380952384 0.08146164021164021 0.046202876984126985
0 0.8092460317460317 0.6791989087301588 0.11124669312169314 0.08898809523809524
4 0.36751322751322746 0.5708010912698412 0.08781084656084656 0.04654017857142857
4 0.5003240740740741 0.6655282738095237 0.08927248677248677 0.048583829365079365
5 0.6481117724867725 0.27587797619047616 0.08463624338624338 0.07574404761904761
0 0.7376289682539683 0.6323239087301588 0.1007473544973545 0.0797718253968254
3 0.08374007936507936 0.5756845238095237 0.06823743386243386 0.06854166666666667
4 0.4215509259259259 0.4765625 0.08845899470899471 0.04663194444444445
4 0.5830092592592593 0.5258779761904763 0.10620039682539682 0.05813492063492064
4 0.531901455026455 0.6176760912698412 0.10221230158730157 0.056855158730158735
4 0.5576157407407407 0.5737301587301588 0.10652777777777778 0.05780009920634921
5 0.6640641534391535 0.20605406746031746 0.07836970899470899 0.07238839285714285
4 0.34602843915343917 0.6142584325396826 0.09936507936507936 0.05480902777777778
4 0.39908730158730155 0.5239260912698412 0.08862433862433862 0.04263392857142857
1 0.9082043650793651 0.4472668650793651 0.05196097883597883 0.04699652777777778
2 0.3642592592592592 0.6982415674603174 0.06648809523809524 0.056976686507936504
1 0.8326818783068783 0.4235838293650794 0.05354828042328043 0.04699652777777778