4 0.4000651041666667 0.370361328125 0.092529296875 0.0413818359375
0 0.56640625 0.65673828125 0.05517578125 0.1026611328125
5 0.20556640625 0.28857421875 0.08406575520833333 0.0723876953125
4 0.5673828125 0.351318359375 0.09122721354166667 0.0390625
3 0.6285807291666666 0.861328125 0.126220703125 0.06536865234375
3 0.3043619791666667 0.8740234375 0.11612955729166667 0.06512451171875
4 0.4026692708333333 0.409423828125 0.09513346354166667 0.044189453125
5 0.21907552083333334 0.35107421875 0.09187825520833333 0.07342529296875
0 0.6572265625 0.65234375 0.059366861979166664 0.1055908203125
5 0.2610677083333333 0.544921875 0.101318359375 0.08447265625
4 0.576171875 0.442626953125 0.09700520833333333 0.042877197265625
3 0.16959635416666666 0.8388671875 0.113037109375 0.060638427734375
4 0.5699869791666666 0.39453125 0.092529296875 0.04296875
3 0.44921875 0.9091796875 0.12272135416666667 0.06756591796875
4 0.4059244791666667 0.453125 0.09895833333333333 0.0457763671875
3 0.6005859375 0.94677734375 0.129150390625 0.07080078125
5 0.12711588541666666 0.3017578125 0.08430989583333333 0.0728759765625
5 0.23518880208333334 0.414306640625 0.09220377604166667 0.07720947265625
4 0.4049479166666667 0.501953125 0.10115559895833333 0.0411376953125
3 0.4798177083333333 0.826171875 0.118408203125 0.060760498046875
5 0.17057291666666666 0.5634765625 0.106201171875 0.08331298828125
5 0.164306640625 0.4912109375 0.0986328125 0.08123779296875
4 0.578125 0.4814453125 0.10074869791666667 0.046112060546875
5 0.24837239583333334 0.477294921875 0.09651692708333333 0.08038330078125
3 0.3424479166666667 0.794921875 0.11905924479166667 0.058563232421875
2 0.466796875 0.654296875 0.08585611979166667 0.0469970703125
3 0.20865885416666666 0.76513671875 0.11181640625 0.057586669921875
4 0.5875651041666666 0.52880859375 0.10465494791666667 0.0482177734375
5 0.14176432291666666 0.363525390625 0.09423828125 0.07196044921875
1 0.7265625 0.422119140625 0.06673177083333333 0.030853271484375
1 0.7200520833333334 0.37744140625 0.06477864583333333 0.029876708984375
4 0.4046223958333333 0.54443359375 0.10595703125 0.04913330078125
5 0.150390625 0.42431640625 0.089111328125 0.06927490234375
3 0.650390625 0.78076171875 0.123779296875 0.06292724609375
3 0.23974609375 0.69287109375 0.10807291666666667 0.050994873046875
3 0.5045572916666666 0.74951171875 0.11735026041666667 0.058013916015625
3 0.3684895833333333 0.72119140625 0.113037109375 0.055206298828125