2 0.41881613756613756 0.7387152777777778 0.11474867724867725 0.06374007936507936
5 0.5577050264550265 0.30245535714285715 0.0916005291005291 0.08060515873015874
0 0.642526455026455 0.7635168650793651 0.06613756613756613 0.11681547619047619
1 0.5335648148148148 0.4835069444444444 0.07705026455026455 0.05233134920634921
1 0.2501653439153439 0.5799851190476191 0.07242063492063493 0.05927579365079365
5 0.4117063492063492 0.3382936507936508 0.08465608465608465 0.08978174603174603
5 0.777281746031746 0.41790674603174605 0.10416666666666667 0.09275793650793651
5 0.32490079365079366 0.2449156746031746 0.08300264550264551 0.08804563492063493
5 0.34755291005291006 0.47631448412698413 0.06878306878306878 0.0974702380952381
5 0.6529431216931217 0.39087301587301587 0.09027777777777778 0.0873015873015873
4 0.9345238095238095 0.038566468253968256 0.06613756613756613 0.053323412698412696
4 0.5993716931216931 0.5840773809523809 0.11144179894179894 0.0441468253968254
3 0.4358723958333333 0.61083984375 0.12272135416666667 0.06634521484375
5 0.4407552083333333 0.268310546875 0.08390299479166667 0.08209228515625
5 0.6790364583333334 0.324951171875 0.09309895833333333 0.0872802734375
5 0.794921875 0.345458984375 0.09912109375 0.086181640625
5 0.5341796875 0.364501953125 0.09391276041666667 0.091064453125