3 0.26587301587301587 0.6710069444444444 0.06547619047619048 0.06721230158730158
3 0.19973544973544974 0.6546378968253969 0.06812169312169312 0.06671626984126984
3 0.13095238095238096 0.6362847222222222 0.06812169312169312 0.06572420634920635
3 0.3156415343915344 0.5908978174603174 0.06117724867724868 0.061755952380952384
3 0.3609457671957672 0.5181051587301587 0.05588624338624339 0.05704365079365079
3 0.29712301587301587 0.5060763888888888 0.05720899470899471 0.05580357142857143
3 0.24950396825396826 0.5760168650793651 0.06183862433862434 0.06125992063492063
3 0.23561507936507936 0.4905753968253968 0.05853174603174603 0.05555555555555555
3 0.28174603174603174 0.4286954365079365 0.05555555555555555 0.051835317460317464
3 0.40228174603174605 0.4525049603174603 0.05257936507936508 0.053323412698412696
3 0.18518518518518517 0.5602678571428571 0.06415343915343916 0.059027777777777776
3 0.34077380952380953 0.44208829365079366 0.05257936507936508 0.050347222222222224
2 0.62119708994709 0.8798363095238095 0.07374338624338625 0.06721230158730158
5 0.8229166666666666 0.7121775793650794 0.10681216931216932 0.0642361111111111
0 0.466765873015873 0.8216765873015873 0.07506613756613757 0.09325396825396826
5 0.7863756613756614 0.4930555555555556 0.09325396825396826 0.05109126984126984
5 0.8333333333333334 0.6400049603174603 0.10582010582010581 0.05927579365079365
4 0.5901124338624338 0.636656746031746 0.09689153439153439 0.051587301587301584
0 0.5481150793650794 0.8504464285714286 0.07308201058201058 0.09573412698412699
1 0.33895502645502645 0.792906746031746 0.04431216931216931 0.053075396825396824
5 0.7625661375661376 0.5551835317460317 0.10251322751322751 0.054811507936507936
5 0.705026455026455 0.7705853174603174 0.10582010582010581 0.06001984126984127
4 0.6339285714285714 0.5505952380952381 0.09193121693121693 0.04712301587301587
5 0.7235449735449735 0.6935763888888888 0.10582010582010581 0.0597718253968254
4 0.3857473544973545 0.6786954365079365 0.09424603174603174 0.053323412698412696
4 0.4849537037037037 0.5159970238095238 0.08763227513227513 0.04290674603174603
5 0.8060515873015873 0.7920386904761905 0.11342592592592593 0.0662202380952381
4 0.546792328042328 0.7235863095238095 0.09556878306878307 0.053323412698412696
4 0.4408068783068783 0.5923859126984127 0.08597883597883597 0.045882936507936505
1 0.26091269841269843 0.8012152777777778 0.04298941798941799 0.051835317460317464
4 0.4593098958333333 0.552734375 0.083740234375 0.04302978515625
5 0.7434895833333334 0.6240234375 0.10188802083333333 0.061187744140625
4 0.611328125 0.59423828125 0.09122721354166667 0.048583984375
4 0.4091796875 0.63720703125 0.08992513020833333 0.046478271484375
4 0.572265625 0.67626953125 0.09440104166666667 0.047882080078125
5 0.849609375 0.57275390625 0.10693359375 0.0560302734375
5 0.869140625 0.5078125 0.09187825520833333 0.0469970703125