3 0.15592447916666666 0.411865234375 0.06722005208333333 0.05987548828125
3 0.21695963541666666 0.48486328125 0.06888834635416667 0.06109619140625
3 0.2771809895833333 0.450927734375 0.06949869791666667 0.061981201171875
3 0.3388671875 0.52490234375 0.06937662760416667 0.06268310546875
3 0.21533203125 0.3779296875 0.06660970052083333 0.058349609375
3 0.21370442708333334 0.5888671875 0.07002766927083333 0.0631103515625
3 0.2744140625 0.6640625 0.06709798177083333 0.063232421875
4 0.6598307291666666 0.5341796875 0.06502278645833333 0.07781982421875
4 0.7662760416666666 0.4208984375 0.06563313802083333 0.0775146484375
4 0.7005208333333334 0.410888671875 0.0638427734375 0.07696533203125
4 0.7259114583333334 0.54443359375 0.06612141927083333 0.078369140625
3 0.3408203125 0.63232421875 0.06978352864583333 0.06536865234375
3 0.09651692708333333 0.443115234375 0.06660970052083333 0.05865478515625
3 0.2801106770833333 0.55615234375 0.06925455729166667 0.0638427734375
3 0.15462239583333334 0.51513671875 0.067626953125 0.061187744140625
4 0.8333333333333334 0.431640625 0.06599934895833333 0.07696533203125
4 0.904296875 0.44189453125 0.06901041666666667 0.07891845703125
3 0.40234375 0.60107421875 0.07002766927083333 0.06512451171875
4 0.8645833333333334 0.57080078125 0.06966145833333333 0.08062744140625
0 0.5319010416666666 0.69775390625 0.09375 0.07171630859375
4 0.7981770833333334 0.560546875 0.0584716796875 0.070068359375
4 0.6341145833333334 0.399658203125 0.062174479166666664 0.07366943359375
5 0.4342447916666667 0.1988525390625 0.07027180989583333 0.0816650390625
4 0.5940755208333334 0.52099609375 0.0634765625 0.076416015625
5 0.4654947916666667 0.139404296875 0.07279459635416667 0.0863037109375
5 0.7180989583333334 0.2509765625 0.07401529947916667 0.07666015625
5 0.6256510416666666 0.2384033203125 0.07637532552083333 0.0836181640625
2 0.5442708333333334 0.304443359375 0.0595703125 0.052032470703125
5 0.6520182291666666 0.1727294921875 0.08146158854166667 0.0872802734375
5 0.7486979166666666 0.1903076171875 0.06925455729166667 0.072509765625
5 0.5608723958333334 0.15771484375 0.06551106770833333 0.07476806640625
5 0.3411458333333333 0.1744384765625 0.07609049479166667 0.08447265625
5 0.5266927083333334 0.2197265625 0.07637532552083333 0.08465576171875
5 0.3688151041666667 0.116943359375 0.07666015625 0.0885009765625
1 0.2939453125 0.3115234375 0.057820638020833336 0.034881591796875
1 0.2693684895833333 0.265380859375 0.0523681640625 0.034088134765625
0 0.5895182291666666 0.7421875 0.09952799479166667 0.07763671875