5 0.2556966145833333 0.72314453125 0.0748291015625 0.10687255859375
3 0.8255208333333334 0.6943359375 0.06526692708333333 0.07611083984375
0 0.3125 0.413330078125 0.07596842447916667 0.08251953125
5 0.11328125 0.457275390625 0.0721435546875 0.1026611328125
5 0.3395182291666667 0.6748046875 0.0706787109375 0.1041259765625
5 0.18863932291666666 0.53076171875 0.07307942708333333 0.1019287109375
3 0.7838541666666666 0.58056640625 0.0633544921875 0.075439453125
3 0.703125 0.5625 0.060343424479166664 0.07586669921875
3 0.8990885416666666 0.49951171875 0.06502278645833333 0.07452392578125
5 0.18245442708333334 0.6513671875 0.07027180989583333 0.106689453125
3 0.86328125 0.5966796875 0.06490071614583333 0.0762939453125
3 0.822265625 0.480224609375 0.06477864583333333 0.07501220703125
5 0.3284505208333333 0.7958984375 0.07108561197916667 0.11065673828125
3 0.7434895833333334 0.461669921875 0.0634765625 0.07586669921875
5 0.2643229166666667 0.6044921875 0.06925455729166667 0.10089111328125
5 0.4130859375 0.477783203125 0.08011881510416667 0.0792236328125
0 0.349609375 0.52587890625 0.058919270833333336 0.09332275390625
3 0.859375 0.38037109375 0.0633544921875 0.0738525390625
2 0.3359375 0.347900390625 0.08430989583333333 0.05511474609375
3 0.74609375 0.677734375 0.061848958333333336 0.0762939453125
3 0.4860026041666667 0.505859375 0.0489501953125 0.07464599609375
5 0.02947998046875 0.50439453125 0.058024088541666664 0.10467529296875
3 0.6647135416666666 0.666015625 0.060465494791666664 0.07684326171875
3 0.9375 0.399169921875 0.06587727864583333 0.0726318359375
4 0.5283203125 0.17822265625 0.09635416666666667 0.08404541015625
4 0.4469401041666667 0.578125 0.08634440104166667 0.06268310546875
5 0.10294596354166667 0.57958984375 0.07373046875 0.10760498046875
4 0.4710286458333333 0.14013671875 0.09513346354166667 0.08758544921875
4 0.5888671875 0.2158203125 0.095947265625 0.08416748046875
4 0.4088541666666667 0.09979248046875 0.09806315104166667 0.08880615234375
4 0.5270182291666666 0.36279296875 0.09847005208333333 0.07708740234375
4 0.3453776041666667 0.258056640625 0.097900390625 0.08709716796875
4 0.4645182291666667 0.326171875 0.09635416666666667 0.0809326171875
4 0.2805989583333333 0.2176513671875 0.09952799479166667 0.0863037109375
4 0.4059244791666667 0.29296875 0.09635416666666667 0.08465576171875
1 0.6009114583333334 0.445556640625 0.047566731770833336 0.0504150390625
1 0.5465494791666666 0.68408203125 0.050984700520833336 0.05511474609375