5 0.615135582010582 0.42408482142857146 0.06629960317460318 0.08293650793650793
3 0.4899074074074074 0.55859375 0.08068783068783068 0.05529761904761905
3 0.6357407407407407 0.5634771825396826 0.08308862433862434 0.055602678571428574
3 0.6432308201058201 0.7207043650793651 0.08447420634920634 0.06042410714285714
3 0.5387367724867725 0.6635739087301588 0.08028108465608466 0.05856398809523809
3 0.6927083333333334 0.671875 0.08528769841269843 0.05966269841269841
3 0.4417328042328042 0.6069345238095237 0.07995701058201057 0.05676339285714286
3 0.5354828042328043 0.5063467261904762 0.08040343915343914 0.05261160714285714
3 0.3417956349206349 0.5512698412698412 0.08011904761904762 0.05398561507936508
3 0.7421891534391535 0.6225595238095237 0.08862433862433862 0.05780009920634921
3 0.39355489417989414 0.5068353174603174 0.08390211640211641 0.05358878968253968
3 0.5888657407407407 0.6123040674603174 0.08174603174603175 0.05780009920634921
3 0.4355456349206349 0.45239335317460316 0.07609126984126983 0.04760664682539682
4 0.296875 0.8022470238095237 0.08618055555555557 0.07574404761904761
5 0.42903769841269845 0.3574231150793651 0.06160383597883597 0.0808110119047619
4 0.34960978835978834 0.6674801587301588 0.08463624338624338 0.07104414682539682
5 0.5611970899470899 0.3315426587301587 0.0628670634920635 0.08209325396825397
5 0.655598544973545 0.3615724206349206 0.059814814814814814 0.07861359126984127
4 0.40299603174603177 0.7036135912698412 0.08976190476190476 0.07421875
4 0.34667989417989414 0.8388665674603174 0.08618055555555557 0.07922371031746032
4 0.19498677248677249 0.7353521825396826 0.08296626984126984 0.06927579365079364
0 0.18326719576719577 0.4160168650793651 0.05708664021164021 0.08251984126984127
5 0.5205092592592593 0.3911135912698413 0.061726190476190476 0.08020089285714285
4 0.29915343915343917 0.6376959325396826 0.08308862433862434 0.06719990079365079
0 0.25618386243386243 0.40332093253968254 0.05464616402116402 0.08154265873015873
5 0.47591269841269845 0.30371031746031746 0.06392526455026455 0.08599950396825397
4 0.5 0.76953125 0.08146164021164021 0.07763640873015873
5 0.3417956349206349 0.31933531746031746 0.06001653439153439 0.07891865079365079
4 0.2454431216931217 0.7670907738095237 0.08699404761904762 0.0754389880952381
2 0.6998710317460317 0.5395510912698412 0.07401455026455027 0.04699652777777778
5 0.7506514550264549 0.3964856150793651 0.07482804232804233 0.08831845238095239
1 0.7102876984126983 0.8300793650793651 0.06709656084656085 0.044434523809523806
5 0.38085978835978834 0.26196180555555554 0.05643849206349206 0.0784920634920635
5 0.7057308201058201 0.45556547619047616 0.06416666666666666 0.08154265873015873
1 0.6559259259259259 0.875 0.057374338624338626 0.05090277777777778
4 0.45019510582010586 0.7368154761904763 0.07678240740740741 0.06744295634920636
4 0.38855820105820105 0.8788020833333333 0.07385251322751323 0.06448412698412699