0 0.226521164021164 0.46763392857142855 0.1388888888888889 0.08754960317460317
4 0.44990079365079366 0.6545138888888888 0.0916005291005291 0.11904761904761904
4 0.6182208994708994 0.9058779761904762 0.09755291005291006 0.13516865079365079
4 0.5593584656084656 0.6731150793650794 0.08101851851851852 0.11210317460317461
4 0.6579034391534392 0.6886160714285714 0.08035714285714286 0.11334325396825397
4 0.34871031746031744 0.6365327380952381 0.0916005291005291 0.1148313492063492
4 0.2843915343915344 0.8606150793650794 0.09259259259259259 0.13293650793650794
0 0.6765873015873016 0.3630952380952381 0.11375661375661375 0.07539682539682539
2 0.6891534391534392 0.5694444444444444 0.10912698412698413 0.057539682539682536
4 0.5033068783068783 0.8912450396825397 0.09193121693121693 0.13616071428571427
1 0.16732804232804233 0.42683531746031744 0.08465608465608465 0.05109126984126984
4 0.3955026455026455 0.8758680555555556 0.08664021164021164 0.13616071428571427
1 0.2853835978835979 0.3838045634920635 0.0958994708994709 0.046875
5 0.4131944444444444 0.4079861111111111 0.14252645502645503 0.043154761904761904
4 0.7276785714285714 0.9237351190476191 0.08300264550264551 0.13020833333333334
4 0.45089285714285715 0.5280257936507936 0.105489417989418 0.08085317460317461
3 0.4602864583333333 0.469970703125 0.10221354166666667 0.0843505859375