2 0.703042328042328 0.41716269841269843 0.1111111111111111 0.07390873015873016
0 0.18171296296296297 0.41021825396825395 0.12268518518518519 0.11259920634920635
4 0.7022156084656085 0.5518353174603174 0.07771164021164022 0.11259920634920635
5 0.3503637566137566 0.29699900793650796 0.1550925925925926 0.07514880952380952
4 0.482473544973545 0.5559275793650794 0.07671957671957672 0.11929563492063493
0 0.6316137566137566 0.17311507936507936 0.1164021164021164 0.10813492063492064
4 0.597718253968254 0.5536954365079365 0.0710978835978836 0.11433531746031746
4 0.390542328042328 0.7743055555555556 0.08002645502645503 0.1314484126984127
1 0.2027116402116402 0.30257936507936506 0.10648148148148148 0.05109126984126984
4 0.8212632275132276 0.7548363095238095 0.0882936507936508 0.12723214285714285
4 0.37351190476190477 0.5598958333333334 0.06382275132275132 0.11185515873015874
4 0.5004960317460317 0.7687251984126984 0.0744047619047619 0.12574404761904762
4 0.4356812169312169 0.42472718253968256 0.12466931216931217 0.0726686507936508
4 0.7180886243386243 0.7569444444444444 0.0763888888888889 0.12549603174603174
4 0.6049933862433863 0.7641369047619048 0.07374338624338625 0.12450396825396826
3 0.42773478835978834 0.35790922619047616 0.12736111111111112 0.08361855158730158
1 0.10087301587301588 0.3840873015873016 0.10357473544973544 0.050342261904761904