3 0.13590494791666666 0.642578125 0.101318359375 0.042083740234375
3 0.14347330729166666 0.703125 0.107177734375 0.045196533203125
3 0.4065755208333333 0.6611328125 0.09969075520833333 0.044097900390625
3 0.26513671875 0.62158203125 0.09684244791666667 0.0416259765625
3 0.2740885416666667 0.68212890625 0.097900390625 0.043121337890625
3 0.12646484375 0.58056640625 0.09700520833333333 0.04046630859375
3 0.5309244791666666 0.640625 0.092529296875 0.0411376953125
3 0.3776041666666667 0.5439453125 0.09358723958333333 0.039947509765625
3 0.4970703125 0.52587890625 0.09236653645833333 0.03985595703125
3 0.5146484375 0.583984375 0.092529296875 0.03912353515625
3 0.3932291666666667 0.60302734375 0.094970703125 0.040374755859375
5 0.740234375 0.350341796875 0.07014973958333333 0.06903076171875
5 0.6686197916666666 0.359619140625 0.06266276041666667 0.06268310546875
5 0.6946614583333334 0.424560546875 0.070556640625 0.06585693359375
4 0.48046875 0.336669921875 0.042805989583333336 0.06524658203125
4 0.3658854166666667 0.350830078125 0.041748046875 0.06292724609375
4 0.314453125 0.457763671875 0.0458984375 0.0635986328125
5 0.814453125 0.47314453125 0.0775146484375 0.07574462890625
4 0.4205729166666667 0.34619140625 0.046427408854166664 0.0616455078125
5 0.6363932291666666 0.30615234375 0.068603515625 0.062103271484375
5 0.77734375 0.411376953125 0.07132975260416667 0.06597900390625
2 0.791015625 0.837890625 0.09342447916666667 0.048309326171875
4 0.3040364583333333 0.353759765625 0.0450439453125 0.06500244140625
3 0.25390625 0.5615234375 0.09611002604166667 0.04107666015625
4 0.2511393229166667 0.46484375 0.0533447265625 0.0706787109375
5 0.7239583333333334 0.4912109375 0.08219401041666667 0.07965087890625
5 0.6803385416666666 0.2425537109375 0.0634765625 0.061431884765625
0 0.79296875 0.75048828125 0.10026041666666667 0.07489013671875
5 0.6119791666666666 0.25048828125 0.061848958333333336 0.058563232421875
4 0.5045572916666666 0.44189453125 0.053263346354166664 0.070556640625
0 0.841796875 0.7021484375 0.102783203125 0.0728759765625
4 0.3776041666666667 0.447998046875 0.04144287109375 0.06304931640625
4 0.447265625 0.44677734375 0.050333658854166664 0.0706787109375
4 0.24137369791666666 0.358642578125 0.049031575520833336 0.0638427734375
5 0.7122395833333334 0.2998046875 0.061726888020833336 0.055206298828125
1 0.6015625 0.7001953125 0.042887369791666664 0.049224853515625
1 0.681640625 0.7021484375 0.041219075520833336 0.048492431640625