2 0.5543981481481481 0.7013888888888888 0.06316137566137567 0.09275793650793651
4 0.388723544973545 0.6561259920634921 0.14583333333333334 0.05679563492063492
4 0.8068783068783069 0.7854662698412699 0.10978835978835978 0.09672619047619048
0 0.5772156084656085 0.8959573412698413 0.16633597883597884 0.06473214285714286
5 0.8050595238095238 0.5383184523809523 0.11541005291005291 0.08258928571428571
1 0.6443452380952381 0.5329861111111112 0.08697089947089948 0.04563492063492063
3 0.7192460317460317 0.6236359126984127 0.11904761904761904 0.0716765873015873
1 0.9108796296296297 0.6809275793650794 0.06712962962962964 0.07465277777777778
4 0.39467592592592593 0.5840773809523809 0.13525132275132276 0.04662698412698413
4 0.4044312169312169 0.45101686507936506 0.12896825396825398 0.043402777777777776
4 0.13392857142857142 0.6526537698412699 0.14484126984126985 0.05084325396825397
4 0.40029761904761907 0.5151289682539683 0.13326719576719576 0.04117063492063492
4 0.15244708994708994 0.5830853174603174 0.14351851851851852 0.050595238095238096
4 0.18088624338624337 0.45188492063492064 0.13690476190476192 0.050595238095238096
4 0.16964285714285715 0.5135168650793651 0.1402116402116402 0.05233134920634921
4 0.4105489417989418 0.3932291666666667 0.11607142857142858 0.037450396825396824