3 0.3421223958333333 0.38623046875 0.0792236328125 0.076416015625
0 0.75390625 0.67578125 0.11490885416666667 0.04486083984375
5 0.884765625 0.56298828125 0.12272135416666667 0.040313720703125
2 0.80859375 0.5849609375 0.054036458333333336 0.06658935546875
3 0.18733723958333334 0.449951171875 0.08308919270833333 0.0809326171875
3 0.2760416666666667 0.48193359375 0.08203125 0.07861328125
3 0.4225260416666667 0.418212890625 0.078369140625 0.07611083984375
5 0.6315104166666666 0.71337890625 0.08732096354166667 0.08990478515625
4 0.79296875 0.27099609375 0.088623046875 0.090576171875
4 0.8619791666666666 0.29443359375 0.08699544270833333 0.090576171875
0 0.6650390625 0.556640625 0.10888671875 0.0755615234375
3 0.3629557291666667 0.51220703125 0.08174641927083333 0.079345703125
1 0.6565755208333334 0.65185546875 0.07539876302083333 0.044281005859375
5 0.5270182291666666 0.69189453125 0.0791015625 0.09075927734375
3 0.153564453125 0.66650390625 0.08146158854166667 0.07861328125
5 0.4951171875 0.763671875 0.07938639322916667 0.09234619140625
5 0.814453125 0.83154296875 0.07442220052083333 0.07977294921875
4 0.7141927083333334 0.407470703125 0.086669921875 0.0894775390625
3 0.2972005208333333 0.603515625 0.08235677083333333 0.0802001953125
5 0.7434895833333334 0.74462890625 0.07291666666666667 0.0762939453125
4 0.783203125 0.430419921875 0.08780924479166667 0.08978271484375
3 0.123779296875 0.544921875 0.08430989583333333 0.0792236328125
5 0.8522135416666666 0.771484375 0.07401529947916667 0.08038330078125
3 0.2138671875 0.5732421875 0.08308919270833333 0.07965087890625
4 0.72265625 0.24658203125 0.09025065104166667 0.093994140625
4 0.5791015625 0.61669921875 0.08101399739583333 0.06683349609375
5 0.7102864583333334 0.810546875 0.07198079427083333 0.08282470703125
4 0.8509114583333334 0.4521484375 0.08683268229166667 0.0894775390625
4 0.919921875 0.472900390625 0.08585611979166667 0.08447265625
5 0.6012369791666666 0.78515625 0.08601888020833333 0.09600830078125
4 0.6432291666666666 0.386474609375 0.0849609375 0.090087890625
3 0.0634765625 0.640625 0.078369140625 0.0753173828125
1 0.4527994791666667 0.58203125 0.06551106770833333 0.04083251953125
4 0.931640625 0.317626953125 0.09122721354166667 0.09039306640625
3 0.23453776041666666 0.69482421875 0.072265625 0.07080078125
5 0.4202473958333333 0.6748046875 0.07568359375 0.08123779296875
3 0.5221354166666666 0.54541015625 0.09041341145833333 0.06109619140625