3 0.15625 0.57568359375 0.10221354166666667 0.0374755859375
3 0.15437825520833334 0.63916015625 0.103759765625 0.0391845703125
3 0.4235026041666667 0.62255859375 0.10205078125 0.041473388671875
3 0.28662109375 0.630859375 0.09806315104166667 0.0391845703125
3 0.28662109375 0.56787109375 0.09716796875 0.037109375
3 0.4212239583333333 0.5595703125 0.10026041666666667 0.038116455078125
3 0.5576171875 0.61474609375 0.10245768229166667 0.040618896484375
3 0.5419921875 0.48974609375 0.09895833333333333 0.03790283203125
3 0.5498046875 0.55224609375 0.10221354166666667 0.03753662109375
3 0.15511067708333334 0.51220703125 0.09952799479166667 0.03759765625
4 0.4957682291666667 0.287353515625 0.046346028645833336 0.06939697265625
3 0.28466796875 0.5048828125 0.09578450520833333 0.036895751953125
5 0.802734375 0.1922607421875 0.08650716145833333 0.072265625
5 0.798828125 0.4716796875 0.10074869791666667 0.08465576171875
5 0.7779947916666666 0.3974609375 0.09090169270833333 0.075439453125
4 0.3053385416666667 0.2880859375 0.045206705729166664 0.06915283203125
5 0.76171875 0.326904296875 0.08390299479166667 0.0723876953125
5 0.8684895833333334 0.388916015625 0.09326171875 0.075439453125
4 0.564453125 0.39892578125 0.052164713541666664 0.07696533203125
5 0.8190104166666666 0.25634765625 0.09187825520833333 0.07342529296875
4 0.5026041666666666 0.394775390625 0.039388020833333336 0.06500244140625
5 0.84375 0.322509765625 0.088134765625 0.07305908203125
5 0.7311197916666666 0.263671875 0.08528645833333333 0.0704345703125
4 0.43359375 0.287353515625 0.04144287109375 0.06512451171875
5 0.716796875 0.1954345703125 0.08797200520833333 0.0753173828125
4 0.3684895833333333 0.2890625 0.048583984375 0.0709228515625
4 0.2976888020833333 0.402587890625 0.0567626953125 0.072509765625
5 0.8951822916666666 0.460693359375 0.09440104166666667 0.081787109375
2 0.7981770833333334 0.849609375 0.101318359375 0.043853759765625
4 0.55859375 0.28369140625 0.045206705729166664 0.07354736328125
4 0.361328125 0.39892578125 0.0408935546875 0.0635986328125
3 0.4150390625 0.497314453125 0.099365234375 0.036834716796875
4 0.4309895833333333 0.401611328125 0.052449544270833336 0.07763671875
0 0.8821614583333334 0.71240234375 0.10221354166666667 0.086181640625
1 0.6201171875 0.68505859375 0.044637044270833336 0.051177978515625
1 0.7044270833333334 0.693359375 0.044270833333333336 0.054412841796875
0 0.814453125 0.7587890625 0.1005859375 0.09039306640625