2 0.33118386243386244 0.8337053571428571 0.10284391534391535 0.1029265873015873
5 0.20072751322751323 0.4243551587301587 0.10119047619047619 0.18452380952380953
0 0.31630291005291006 0.9086061507936508 0.19874338624338625 0.07018849206349206
4 0.4007936507936508 0.8136160714285714 0.09259259259259259 0.11433531746031746
3 0.2761243386243386 0.7263144841269841 0.14947089947089948 0.12624007936507936
3 0.84375 0.7412109375 0.10205078125 0.1309814453125
3 0.6569010416666666 0.60009765625 0.10693359375 0.1446533203125
3 0.4895833333333333 0.6337890625 0.11165364583333333 0.1466064453125
3 0.5358072916666666 0.79931640625 0.112060546875 0.134521484375
3 0.4339192708333333 0.437744140625 0.12337239583333333 0.16162109375
3 0.7180989583333334 0.90869140625 0.09220377604166667 0.1153564453125
1 0.3528645833333333 0.703125 0.11637369791666667 0.08990478515625
3 0.5771484375 0.93896484375 0.09895833333333333 0.1187744140625
3 0.6907552083333334 0.76318359375 0.10294596354166667 0.132080078125
3 0.8229166666666666 0.57421875 0.10986328125 0.1468505859375
1 0.26806640625 0.57666015625 0.124267578125 0.06463623046875
3 0.6168619791666666 0.40625 0.11946614583333333 0.1650390625
3 0.796875 0.37890625 0.11930338541666667 0.169189453125