5 0.3212890625 0.2127685546875 0.11027018229166667 0.05889892578125
5 0.5325520833333334 0.1611328125 0.103515625 0.053009033203125
5 0.23160807291666666 0.302490234375 0.11409505208333333 0.0616455078125
5 0.3414713541666667 0.27490234375 0.11612955729166667 0.062103271484375
5 0.4527994791666667 0.25390625 0.10986328125 0.060211181640625
4 0.333984375 0.771484375 0.134521484375 0.053009033203125
4 0.13102213541666666 0.6484375 0.13028971354166666 0.046905517578125
4 0.333984375 0.70458984375 0.13004557291666666 0.04986572265625
3 0.4778645833333333 0.4541015625 0.0504150390625 0.08154296875
4 0.3336588541666667 0.642578125 0.12760416666666666 0.047332763671875
0 0.8743489583333334 0.50390625 0.11971028645833333 0.06866455078125
4 0.13102213541666666 0.587890625 0.129150390625 0.04351806640625
4 0.12312825520833333 0.77685546875 0.13834635416666666 0.05242919921875
4 0.129150390625 0.7109375 0.133544921875 0.049957275390625
3 0.4827473958333333 0.56298828125 0.0538330078125 0.08477783203125
3 0.4886067708333333 0.677734375 0.0560302734375 0.090576171875
3 0.5709635416666666 0.45166015625 0.054361979166666664 0.08251953125
1 0.9322916666666666 0.69384765625 0.053751627604166664 0.061187744140625
4 0.3299153645833333 0.521484375 0.123779296875 0.0439453125
2 0.779296875 0.6025390625 0.06925455729166667 0.071044921875
0 0.81640625 0.44189453125 0.11612955729166667 0.06561279296875
5 0.21728515625 0.23779296875 0.11775716145833333 0.06646728515625
5 0.12117513020833333 0.3203125 0.11588541666666667 0.063232421875
3 0.6650390625 0.446533203125 0.053955078125 0.081787109375
3 0.701171875 0.79248046875 0.06746419270833333 0.10284423828125
5 0.5621744791666666 0.2281494140625 0.11800130208333333 0.06658935546875
4 0.3333333333333333 0.58154296875 0.12467447916666667 0.0455322265625
5 0.423828125 0.1884765625 0.10074869791666667 0.05572509765625
3 0.689453125 0.66943359375 0.06477864583333333 0.0982666015625
4 0.13126627604166666 0.52978515625 0.12516276041666666 0.04376220703125
5 0.10392252604166667 0.25732421875 0.11930338541666667 0.06793212890625
3 0.6764322916666666 0.5537109375 0.0594482421875 0.08599853515625
1 0.837890625 0.66845703125 0.0574951171875 0.05877685546875
3 0.5771484375 0.55908203125 0.06103515625 0.08526611328125
3 0.5953776041666666 0.79443359375 0.06787109375 0.10394287109375
3 0.490234375 0.79736328125 0.06612141927083333 0.10540771484375
3 0.5869140625 0.67333984375 0.0679931640625 0.09283447265625