3 0.7318121693121693 0.808655753968254 0.08465608465608465 0.08308531746031746
3 0.5770502645502645 0.7229662698412699 0.08134920634920635 0.07341269841269842
3 0.8449074074074074 0.5280257936507936 0.07407407407407407 0.06547619047619048
4 0.45866402116402116 0.6533978174603174 0.09060846560846561 0.047867063492063495
3 0.9173280423280423 0.5611359126984127 0.07275132275132275 0.06671626984126984
3 0.716931216931217 0.564484126984127 0.07142857142857142 0.06597222222222222
3 0.7213955026455027 0.6808035714285714 0.07903439153439154 0.07490079365079365
3 0.8611111111111112 0.6372767857142857 0.07605820105820106 0.0726686507936508
3 0.8002645502645502 0.7194940476190477 0.08267195767195767 0.07787698412698413
3 0.6491402116402116 0.6409970238095238 0.07671957671957672 0.07068452380952381
3 0.7847222222222222 0.6013144841269841 0.07539682539682539 0.06919642857142858
3 0.65244708994709 0.7643849206349206 0.08134920634920635 0.07837301587301587
0 0.35697751322751325 0.6029265873015873 0.09953703703703703 0.054563492063492064
4 0.40790343915343913 0.44047619047619047 0.08035714285714286 0.05952380952380952
2 0.37566137566137564 0.5608878968253969 0.08068783068783068 0.03993055555555555
4 0.19857804232804233 0.42931547619047616 0.08234126984126984 0.062003968253968256
5 0.39285714285714285 0.7270585317460317 0.10185185185185185 0.0662202380952381
0 0.2243716931216931 0.6614583333333334 0.11210317460317461 0.059027777777777776
4 0.3123346560846561 0.5079365079365079 0.08366402116402116 0.061507936507936505
3 0.5269510582010583 0.5673363095238095 0.07705026455026455 0.05679563492063492
4 0.29017857142857145 0.36929563492063494 0.07771164021164022 0.059027777777777776
1 0.326223544973545 0.6577380952380952 0.06646825396825397 0.034722222222222224
4 0.09424603174603174 0.49181547619047616 0.08002645502645503 0.05853174603174603
1 0.4525462962962963 0.5101686507936508 0.049933862433862435 0.03521825396825397
4 0.2459325396825397 0.39965773809523814 0.0841468253968254 0.06152281746031746
4 0.1459953703703704 0.46166914682539684 0.08390211640211641 0.06549107142857143
4 0.3642592592592592 0.47412202380952384 0.08601851851851852 0.0647594246031746
4 0.2646494708994709 0.5424801587301588 0.09041335978835979 0.06536954365079364