3 0.106201171875 0.72802734375 0.044881184895833336 0.070068359375
2 0.5901692708333334 0.52392578125 0.041219075520833336 0.0592041015625
5 0.7766927083333334 0.451904296875 0.052449544270833336 0.08209228515625
5 0.5709635416666666 0.37939453125 0.0462646484375 0.0755615234375
5 0.6393229166666666 0.33642578125 0.054443359375 0.08526611328125
3 0.2548828125 0.72802734375 0.044108072916666664 0.06964111328125
5 0.6399739583333334 0.4375 0.052083333333333336 0.07977294921875
5 0.8522135416666666 0.51318359375 0.0567626953125 0.0889892578125
3 0.181640625 0.7275390625 0.044108072916666664 0.06878662109375
3 0.10432942708333333 0.63671875 0.045979817708333336 0.06878662109375
3 0.2522786458333333 0.54345703125 0.045206705729166664 0.06781005859375
3 0.10392252604166667 0.546875 0.045125325520833336 0.06744384765625
0 0.2996419270833333 0.861328125 0.11287434895833333 0.044342041015625
3 0.18180338541666666 0.63720703125 0.0452880859375 0.06903076171875
4 0.5247395833333334 0.7783203125 0.08280436197916667 0.0635986328125
3 0.25341796875 0.6357421875 0.043782552083333336 0.06903076171875
0 0.3203125 0.92138671875 0.11572265625 0.048492431640625
5 0.78125 0.55615234375 0.056233723958333336 0.08868408203125
1 0.3681640625 0.42431640625 0.060791015625 0.027587890625
5 0.5732421875 0.279296875 0.053548177083333336 0.08990478515625
4 0.6985677083333334 0.7236328125 0.079833984375 0.0592041015625
1 0.3802083333333333 0.371826171875 0.060587565104166664 0.0280609130859375
5 0.7063802083333334 0.3935546875 0.043863932291666664 0.077392578125
3 0.17838541666666666 0.54638671875 0.043863932291666664 0.06683349609375
5 0.70703125 0.49755859375 0.048299153645833336 0.08251953125
5 0.5081380208333334 0.3212890625 0.041280110677083336 0.076416015625
3 0.24951171875 0.452392578125 0.043294270833333336 0.0638427734375
3 0.102783203125 0.4580078125 0.044637044270833336 0.06634521484375
3 0.17561848958333334 0.455810546875 0.044108072916666664 0.06463623046875
4 0.646484375 0.681640625 0.089599609375 0.06756591796875
4 0.7975260416666666 0.802734375 0.08357747395833333 0.0634765625
4 0.7467447916666666 0.7568359375 0.09391276041666667 0.07122802734375
4 0.572265625 0.8095703125 0.09220377604166667 0.0726318359375
4 0.4807942708333333 0.7353515625 0.08650716145833333 0.06817626953125
4 0.66796875 0.8984375 0.08028157552083333 0.061431884765625
4 0.62109375 0.857421875 0.08650716145833333 0.063232421875
4 0.6002604166666666 0.6474609375 0.07954915364583333 0.056243896484375