1 0.11177248677248677 0.5827132936507936 0.07738095238095238 0.05233134920634921
5 0.1984126984126984 0.5267857142857143 0.08862433862433862 0.10367063492063493
4 0.3890542328042328 0.7062251984126984 0.09490740740740741 0.08407738095238096
3 0.40327380952380953 0.45709325396825395 0.11144179894179894 0.06597222222222222
2 0.5150462962962963 0.49950396825396826 0.07837301587301587 0.0763888888888889
4 0.6137566137566137 0.5802331349206349 0.10978835978835978 0.09399801587301587
0 0.2916666666666667 0.3912450396825397 0.0873015873015873 0.1029265873015873
4 0.7584325396825397 0.7284226190476191 0.09623015873015874 0.09375
1 0.09689153439153439 0.6737351190476191 0.07804232804232804 0.03794642857142857
4 0.5362103174603174 0.8523065476190477 0.09226190476190477 0.08556547619047619
0 0.16683201058201058 0.6688988095238095 0.05324074074074074 0.10367063492063493
4 0.6083984375 0.80810546875 0.09757486979166667 0.0867919921875
4 0.5364583333333334 0.6181640625 0.118408203125 0.0953369140625
3 0.8326822916666666 0.448974609375 0.13981119791666666 0.06817626953125
4 0.3675130208333333 0.5908203125 0.10465494791666667 0.0751953125
4 0.8372395833333334 0.69482421875 0.09822591145833333 0.082275390625
3 0.4368489583333333 0.145263671875 0.1298828125 0.0703125
3 0.3961588541666667 0.2281494140625 0.12687174479166666 0.0699462890625
3 0.3518880208333333 0.305908203125 0.122314453125 0.06744384765625
3 0.5094401041666666 0.35302734375 0.12443033854166667 0.06817626953125
3 0.8756510416666666 0.370849609375 0.134033203125 0.070556640625
3 0.6630859375 0.40087890625 0.12849934895833334 0.06854248046875
3 0.5966796875 0.191162109375 0.13142903645833334 0.07147216796875
3 0.5572916666666666 0.275634765625 0.13264973958333334 0.07196044921875
4 0.6796875 0.76171875 0.11368815104166667 0.105224609375
3 0.7063802083333334 0.321533203125 0.12849934895833334 0.07171630859375
4 0.4654947916666667 0.6572265625 0.11328125 0.09552001953125