4 0.705191798941799 0.6755952380952381 0.07506613756613757 0.10267857142857142
4 0.6170634920634921 0.6759672619047619 0.07142857142857142 0.10193452380952381
5 0.3619378306878307 0.904265873015873 0.11408730158730158 0.09573412698412699
4 0.5289351851851852 0.6768353174603174 0.07043650793650794 0.10168650793650794
4 0.4416335978835979 0.6783234126984127 0.07175925925925926 0.10119047619047619
4 0.5277777777777778 0.5104166666666666 0.0667989417989418 0.09325396825396826
5 0.5004960317460317 0.9027777777777778 0.11607142857142858 0.09821428571428571
5 0.7825727513227513 0.9145585317460317 0.12136243386243387 0.0974702380952381
5 0.640542328042328 0.9079861111111112 0.11838624338624339 0.09821428571428571
4 0.6089616402116402 0.5089285714285714 0.06580687830687831 0.09375
4 0.3578042328042328 0.509796626984127 0.0667989417989418 0.09052579365079365
4 0.3548280423280423 0.6780753968253969 0.06878306878306878 0.10168650793650794
5 0.7824074074074074 0.8208085317460317 0.11838624338624339 0.09399801587301587
4 0.44146825396825395 0.509796626984127 0.06415343915343916 0.09052579365079365
5 0.638723544973545 0.810515873015873 0.12202380952380952 0.09970238095238096
5 0.5036375661375662 0.8080357142857143 0.11970899470899471 0.09573412698412699
5 0.36491402116402116 0.8046875 0.11210317460317461 0.09449404761904762
5 0.22602513227513227 0.8046875 0.11342592592592593 0.08754960317460317
3 0.3792317708333333 0.335205078125 0.10872395833333333 0.04351806640625
3 0.5283203125 0.326171875 0.11263020833333333 0.042633056640625
3 0.2275390625 0.343017578125 0.11149088541666667 0.04376220703125
3 0.3714192708333333 0.265380859375 0.11002604166666667 0.045196533203125
3 0.6783854166666666 0.31396484375 0.11368815104166667 0.042877197265625
3 0.5387369791666666 0.39013671875 0.11246744791666667 0.042724609375
3 0.3860677083333333 0.400390625 0.11181640625 0.041778564453125
3 0.22281901041666666 0.275146484375 0.11027018229166667 0.04376220703125
3 0.5185546875 0.25439453125 0.11344401041666667 0.04559326171875
3 0.6920572916666666 0.379150390625 0.11572265625 0.042816162109375
3 0.6653645833333334 0.2447509765625 0.11653645833333333 0.046905517578125