4 0.5371097883597884 0.6708978174603174 0.07780092592592593 0.03359871031746032
4 0.23567791005291008 0.5131845238095237 0.07694444444444444 0.06347718253968254
3 0.7675793650793651 0.3730481150793651 0.05578703703703703 0.06500248015873016
0 0.3330092592592592 0.7954092261904763 0.10750330687830686 0.05081101190476191
4 0.14103174603174604 0.6108407738095237 0.08129960317460318 0.06829861111111112
3 0.6175132275132275 0.40869047619047616 0.05012896825396825 0.06231646825396825
3 0.6901058201058201 0.3923338293650794 0.05305886243386243 0.06311011904761905
3 0.7936210317460317 0.6430654761904763 0.05603174603174603 0.06536954365079364
3 0.6861970899470899 0.5756845238095237 0.051269841269841264 0.06256200396825397
4 0.19368386243386246 0.6376959325396826 0.08113756613756615 0.06707837301587301
4 0.08845899470899471 0.5864260912698412 0.08146164021164021 0.06781001984126984
3 0.6523445767195767 0.49194444444444446 0.051107804232804234 0.06311011904761905
3 0.8014318783068783 0.4575198412698413 0.05558201058201059 0.06408730158730158
3 0.8352876984126983 0.5419915674603174 0.05497354497354498 0.06408730158730158
5 0.2726223544973545 0.4162599206349206 0.06404761904761905 0.07287698412698412
3 0.7246097883597883 0.4760739087301587 0.055380291005291 0.06323164682539682
3 0.7591137566137566 0.5590823412698412 0.05497354497354498 0.06500248015873016
5 0.36165343915343917 0.4458010912698413 0.061279761904761906 0.0699454365079365
3 0.7213558201058201 0.6591790674603174 0.05224537037037037 0.0647594246031746
4 0.29313161375661373 0.6918948412698412 0.08357804232804233 0.06817708333333333
0 0.47623677248677254 0.7915029761904763 0.06860449735449736 0.06878720238095239
4 0.24381613756613754 0.6655282738095237 0.08113756613756615 0.06890873015873016
5 0.3084325396825397 0.35913194444444446 0.058022486772486774 0.07159474206349206
1 0.40885582010582017 0.71875 0.06404761904761905 0.03131200396825397
4 0.33984457671957674 0.5649404761904763 0.07694444444444444 0.06549107142857143
4 0.18440806878306878 0.48754960317460316 0.07080026455026454 0.0594171626984127
3 0.6182142857142857 0.6557614087301588 0.08270502645502645 0.03326388888888889
5 0.48079365079365083 0.4135739087301587 0.0637202380952381 0.07134920634920636
5 0.4541005291005291 0.47802827380952384 0.06636574074074074 0.0793452380952381
4 0.28662037037037036 0.5405282738095237 0.07108465608465608 0.057708333333333334
5 0.18391865079365077 0.38745039682539684 0.0628670634920635 0.0706795634920635
5 0.2208664021164021 0.32836805555555554 0.061726190476190476 0.07226686507936508
5 0.39746031746031746 0.38818452380952384 0.061279761904761906 0.0754389880952381
2 0.43359457671957674 0.6816418650793651 0.06978505291005291 0.039947916666666666
1 0.5511078042328043 0.6079092261904763 0.05326388888888889 0.027953869047619047
5 0.5377612433862434 0.5009771825396826 0.057374338624338626 0.07055555555555557
5 0.671223544973545 0.73828125 0.08748346560846561 0.04742311507936508