3 0.5865885416666666 0.53271484375 0.07014973958333333 0.0701904296875
3 0.5625 0.43359375 0.0631103515625 0.06292724609375
3 0.6077473958333334 0.361328125 0.0611572265625 0.05975341796875
3 0.4915364583333333 0.407958984375 0.0628662109375 0.061767578125
3 0.5130208333333334 0.5078125 0.07185872395833333 0.06866455078125
3 0.677734375 0.379638671875 0.060587565104166664 0.059967041015625
3 0.4368489583333333 0.48291015625 0.06888834635416667 0.06744384765625
3 0.3805338541666667 0.56591796875 0.07442220052083333 0.071044921875
5 0.7037760416666666 0.68701171875 0.10148111979166667 0.06817626953125
3 0.4580078125 0.59228515625 0.07307942708333333 0.0728759765625
4 0.349609375 0.4189453125 0.091064453125 0.05511474609375
3 0.6318359375 0.45458984375 0.061279296875 0.064208984375
2 0.3606770833333333 0.69677734375 0.0465087890625 0.06561279296875
4 0.6022135416666666 0.65478515625 0.046142578125 0.070068359375
5 0.7337239583333334 0.452880859375 0.09269205729166667 0.053009033203125
5 0.8046875 0.69921875 0.10791015625 0.07354736328125
0 0.3502604166666667 0.8349609375 0.129638671875 0.0816650390625
5 0.7220052083333334 0.5283203125 0.09684244791666667 0.062103271484375
4 0.3167317708333333 0.461669921875 0.09220377604166667 0.056121826171875
4 0.1787109375 0.412353515625 0.09407552083333333 0.053497314453125
5 0.8138020833333334 0.5361328125 0.09969075520833333 0.05987548828125
4 0.25146484375 0.541015625 0.10099283854166667 0.06085205078125
3 0.537109375 0.6171875 0.07173665364583333 0.0728759765625
3 0.521484375 0.767578125 0.0496826171875 0.0802001953125
4 0.10652669270833333 0.49169921875 0.09456380208333333 0.051361083984375
5 0.8229166666666666 0.462890625 0.092529296875 0.05450439453125
5 0.5647786458333334 0.6806640625 0.0465087890625 0.0843505859375
4 0.28515625 0.50146484375 0.097412109375 0.054901123046875
4 0.145263671875 0.450927734375 0.09375 0.054595947265625
1 0.3359375 0.76318359375 0.06685384114583333 0.05126953125
0 0.4814453125 0.73974609375 0.050252278645833336 0.08770751953125
5 0.6946614583333334 0.7783203125 0.10099283854166667 0.071044921875
5 0.7102864583333334 0.607421875 0.10465494791666667 0.073974609375
4 0.3805338541666667 0.380615234375 0.091552734375 0.05291748046875
4 0.21223958333333334 0.37451171875 0.09187825520833333 0.05108642578125
5 0.8059895833333334 0.623046875 0.11653645833333333 0.07684326171875
1 0.4036458333333333 0.7392578125 0.040364583333333336 0.05291748046875