3 0.28466796875 0.375244140625 0.041910807291666664 0.05572509765625
3 0.4163411458333333 0.58544921875 0.048014322916666664 0.0638427734375
3 0.3250325520833333 0.52099609375 0.0450439453125 0.05975341796875
3 0.392578125 0.5078125 0.045572916666666664 0.060760498046875
3 0.3046875 0.446533203125 0.043701171875 0.058563232421875
3 0.2392578125 0.456298828125 0.0439453125 0.056854248046875
3 0.2566731770833333 0.5322265625 0.0452880859375 0.061431884765625
3 0.3492838541666667 0.3623046875 0.042724609375 0.055816650390625
4 0.3802083333333333 0.8447265625 0.055094401041666664 0.08447265625
3 0.3714192708333333 0.434326171875 0.045206705729166664 0.0592041015625
3 0.2747395833333333 0.61181640625 0.047037760416666664 0.0633544921875
4 0.3040364583333333 0.720703125 0.055379231770833336 0.076416015625
3 0.22119140625 0.3857421875 0.043375651041666664 0.05499267578125
4 0.36328125 0.7158203125 0.053670247395833336 0.0743408203125
4 0.2516276041666667 0.859375 0.0545654296875 0.0849609375
4 0.423828125 0.70849609375 0.054768880208333336 0.072509765625
4 0.3165690104166667 0.85107421875 0.057088216145833336 0.08465576171875
1 0.6383463541666666 0.61328125 0.0369873046875 0.041473388671875
4 0.505859375 0.83349609375 0.054361979166666664 0.08709716796875
4 0.443359375 0.837890625 0.056315104166666664 0.086181640625
5 0.60546875 0.474853515625 0.07527669270833333 0.07452392578125
4 0.24072265625 0.72607421875 0.053670247395833336 0.0765380859375
5 0.5276692708333334 0.49169921875 0.07722981770833333 0.07196044921875
3 0.3473307291666667 0.59912109375 0.050699869791666664 0.06488037109375
4 0.48046875 0.70458984375 0.045206705729166664 0.06732177734375
2 0.7740885416666666 0.85888671875 0.042643229166666664 0.06781005859375
5 0.4860026041666667 0.370361328125 0.073486328125 0.06646728515625
5 0.4651692708333333 0.3115234375 0.07430013020833333 0.06512451171875
5 0.5084635416666666 0.430908203125 0.07649739583333333 0.0699462890625
5 0.5826822916666666 0.41552734375 0.07609049479166667 0.07183837890625
0 0.83203125 0.751953125 0.049845377604166664 0.08251953125
1 0.5712890625 0.61767578125 0.0374755859375 0.04376220703125
0 0.7545572916666666 0.76171875 0.0465087890625 0.08209228515625
5 0.4404296875 0.257568359375 0.0748291015625 0.06573486328125
5 0.5556640625 0.349609375 0.07108561197916667 0.06280517578125
5 0.5374348958333334 0.300048828125 0.07527669270833333 0.06719970703125
5 0.5123697916666666 0.2420654296875 0.062296549479166664 0.059112548828125