3 0.7953042328042328 0.6369047619047619 0.06878306878306878 0.06547619047619048
3 0.6703042328042328 0.6739831349206349 0.06415343915343916 0.0662202380952381
3 0.7245370370370371 0.7563244047619048 0.06944444444444445 0.07068452380952381
3 0.6205357142857143 0.5997023809523809 0.060515873015873016 0.06001984126984127
3 0.6803902116402116 0.5855654761904762 0.06183862433862434 0.060515873015873016
3 0.7888558201058201 0.7349950396825397 0.07308201058201058 0.07018849206349206
3 0.8543320105820106 0.7142857142857143 0.0763888888888889 0.06944444444444445
3 0.7430555555555556 0.5667162698412699 0.06349206349206349 0.062003968253968256
0 0.25826719576719576 0.7321428571428571 0.08068783068783068 0.07490079365079365
3 0.7328042328042328 0.6567460317460317 0.06812169312169312 0.06597222222222222
5 0.5147156084656085 0.8355654761904762 0.09755291005291006 0.07192460317460317
5 0.4072420634920635 0.8430059523809523 0.09093915343915344 0.07043650793650794
3 0.5201719576719577 0.6125992063492064 0.06613756613756613 0.04861111111111111
5 0.2977843915343915 0.8469742063492064 0.09292328042328042 0.07291666666666667
2 0.408234126984127 0.6246279761904762 0.05588624338624339 0.04836309523809524
4 0.3330026455026455 0.45126488095238093 0.07539682539682539 0.047371031746031744
4 0.11425264550264551 0.49181547619047616 0.07705026455026455 0.04662698412698413
5 0.7367724867724867 0.8955853174603174 0.1078042328042328 0.0763888888888889
5 0.40757275132275134 0.7238343253968254 0.10218253968253968 0.034970238095238096
5 0.4103835978835979 0.9197668650793651 0.10119047619047619 0.078125
3 0.5229828042328042 0.7111855158730159 0.07771164021164022 0.05431547619047619
5 0.5208333333333334 0.9119543650793651 0.10912698412698413 0.08085317460317461
5 0.6302910052910053 0.9045138888888888 0.10714285714285714 0.07886904761904762
5 0.2953042328042328 0.9253472222222222 0.09523809523809523 0.07688492063492064
5 0.6173941798941799 0.8266369047619048 0.08994708994708994 0.06597222222222222
1 0.34077380952380953 0.6941964285714286 0.05588624338624339 0.03670634920634921
4 0.2175925925925926 0.40835813492063494 0.06944444444444445 0.04389880952380952
4 0.2671957671957672 0.5135168650793651 0.07804232804232804 0.04935515873015873
4 0.3265542328042328 0.5735367063492064 0.06977513227513228 0.046875
0 0.3951719576719577 0.6613343253968254 0.09523809523809523 0.03050595238095238
3 0.6947751322751323 0.501984126984127 0.057539682539682536 0.05654761904761905
1 0.4689153439153439 0.5799851190476191 0.04365079365079365 0.03249007936507937
4 0.15332010582010583 0.46337797619047616 0.07568452380952381 0.04534970238095238
4 0.30078042328042326 0.4821775793650794 0.07291666666666667 0.0450124007936508
4 0.45149801587301586 0.6791989087301588 0.07120701058201058 0.0528249007936508
4 0.07401455026455027 0.5209970238095237 0.07637566137566137 0.046478174603174605
4 0.18571097883597884 0.43237351190476186 0.06901124338624338 0.039947916666666666