3 0.7265625 0.55224609375 0.09529622395833333 0.04107666015625
5 0.19775390625 0.294921875 0.0806884765625 0.092041015625
0 0.3782552083333333 0.341796875 0.09822591145833333 0.06805419921875
3 0.6227213541666666 0.63671875 0.09423828125 0.04248046875
3 0.857421875 0.5859375 0.09090169270833333 0.040252685546875
3 0.7643229166666666 0.66943359375 0.09375 0.04400634765625
3 0.6057942708333334 0.4248046875 0.090576171875 0.033538818359375
5 0.4752604166666667 0.408447265625 0.08447265625 0.06304931640625
3 0.7421875 0.611328125 0.09220377604166667 0.040771484375
3 0.5237630208333334 0.72119140625 0.09684244791666667 0.049224853515625
5 0.2859700520833333 0.446533203125 0.08174641927083333 0.08538818359375
5 0.23860677083333334 0.3720703125 0.07853190104166667 0.08831787109375
3 0.87890625 0.642578125 0.09456380208333333 0.04217529296875
4 0.5042317708333334 0.513671875 0.054972330729166664 0.060638427734375
4 0.66015625 0.32275390625 0.09236653645833333 0.056640625
3 0.6451822916666666 0.69482421875 0.09342447916666667 0.045013427734375
5 0.150146484375 0.3974609375 0.08280436197916667 0.08770751953125
2 0.4869791666666667 0.2352294921875 0.06514485677083333 0.054901123046875
3 0.6041666666666666 0.5771484375 0.091064453125 0.04217529296875
5 0.19710286458333334 0.474365234375 0.08650716145833333 0.0885009765625
4 0.6966145833333334 0.365234375 0.09285481770833333 0.05645751953125
5 0.10538736979166667 0.317626953125 0.08414713541666667 0.093994140625
3 0.5022786458333334 0.66259765625 0.09407552083333333 0.044189453125
4 0.6302083333333334 0.279052734375 0.09220377604166667 0.05560302734375
1 0.5400390625 0.5244140625 0.049031575520833336 0.043609619140625
4 0.7428385416666666 0.173583984375 0.08634440104166667 0.05340576171875
0 0.4254557291666667 0.453857421875 0.07198079427083333 0.0836181640625
5 0.23763020833333334 0.5458984375 0.089111328125 0.08416748046875
4 0.7708333333333334 0.2213134765625 0.09171549479166667 0.055511474609375
3 0.4798177083333333 0.60107421875 0.09391276041666667 0.044189453125
5 0.3302408854166667 0.51953125 0.08390299479166667 0.08587646484375
5 0.2823893229166667 0.62646484375 0.08601888020833333 0.094482421875
4 0.8352864583333334 0.306640625 0.091552734375 0.05242919921875
4 0.7330729166666666 0.407470703125 0.09090169270833333 0.05511474609375
4 0.806640625 0.265380859375 0.08780924479166667 0.05072021484375
4 0.6002604166666666 0.2349853515625 0.088623046875 0.052825927734375
1 0.5289713541666666 0.305908203125 0.058268229166666664 0.03521728515625