4 0.4383267195767196 0.8148561507936508 0.0763888888888889 0.10739087301587301
4 0.35383597883597884 0.810515873015873 0.07539682539682539 0.10466269841269842
4 0.18683862433862433 0.8043154761904762 0.07738095238095238 0.10168650793650794
4 0.37037037037037035 0.6424851190476191 0.0667989417989418 0.09102182539682539
4 0.10466269841269842 0.8012152777777778 0.07572751322751323 0.09945436507936507
4 0.27099867724867727 0.8081597222222222 0.07572751322751323 0.10243055555555555
4 0.21114417989417988 0.6408730158730159 0.06580687830687831 0.08978174603174603
4 0.29365079365079366 0.6427331349206349 0.06746031746031746 0.0900297619047619
5 0.6071428571428571 0.24280753968253968 0.10449735449735449 0.04117063492063492
5 0.5028108465608465 0.37462797619047616 0.10615079365079365 0.046378968253968256
4 0.13425925925925927 0.6382688492063492 0.062169312169312166 0.08506944444444445
5 0.5580357142857143 0.3074156746031746 0.10482804232804233 0.04439484126984127
5 0.638723544973545 0.33742559523809523 0.105489417989418 0.03943452380952381
5 0.5891203703703703 0.4038938492063492 0.11011904761904762 0.046378968253968256
5 0.38227513227513227 0.5094246031746031 0.11772486772486772 0.04365079365079365
5 0.5315806878306878 0.47507440476190477 0.11541005291005291 0.045882936507936505
5 0.6954365079365079 0.27157738095238093 0.10714285714285714 0.04365079365079365
5 0.44328703703703703 0.439484126984127 0.11144179894179894 0.041666666666666664
3 0.6998697916666666 0.87548828125 0.062174479166666664 0.10760498046875
3 0.8834635416666666 0.62353515625 0.0611572265625 0.0872802734375
3 0.8059895833333334 0.8740234375 0.07120768229166667 0.10931396484375
3 0.791015625 0.74267578125 0.061360677083333336 0.097412109375
3 0.7662760416666666 0.5146484375 0.052937825520833336 0.07989501953125
3 0.6907552083333334 0.7421875 0.055501302083333336 0.09588623046875
3 0.681640625 0.625 0.0528564453125 0.08660888671875
3 0.9016927083333334 0.7431640625 0.06599934895833333 0.09637451171875
3 0.7786458333333334 0.62548828125 0.0560302734375 0.08740234375
3 0.9212239583333334 0.875 0.06502278645833333 0.10052490234375
3 0.8658854166666666 0.51171875 0.0584716796875 0.08050537109375