3 0.8058862433862434 0.5487351190476191 0.06547619047619048 0.06671626984126984
5 0.23313492063492064 0.666046626984127 0.07407407407407407 0.07415674603174603
3 0.8587962962962963 0.6323164682539683 0.0701058201058201 0.0716765873015873
3 0.8249007936507936 0.45188492063492064 0.06316137566137567 0.06299603174603174
3 0.7878637566137566 0.6517857142857143 0.06448412698412699 0.07043650793650794
5 0.44560185185185186 0.7074652777777778 0.07572751322751323 0.078125
3 0.7776124338624338 0.37983630952380953 0.059854497354497355 0.06125992063492063
3 0.6886574074074074 0.484375 0.060515873015873016 0.06299603174603174
3 0.875165343915344 0.5298859126984127 0.06646825396825397 0.06721230158730158
3 0.9302248677248677 0.6124751984126984 0.07076719576719577 0.06919642857142858
3 0.7372685185185185 0.5648561507936508 0.06316137566137567 0.06671626984126984
5 0.31415343915343913 0.759796626984127 0.08002645502645503 0.08209325396825397
5 0.5520833333333334 0.7235863095238095 0.0763888888888889 0.07862103174603174
3 0.7554563492063492 0.4694940476190476 0.06117724867724868 0.06398809523809523
5 0.2037037037037037 0.7378472222222222 0.07539682539682539 0.08085317460317461
4 0.3940145502645503 0.37189980158730157 0.06779100529100529 0.06374007936507936
5 0.3412698412698413 0.6879960317460317 0.07208994708994709 0.07589285714285714
4 0.5158730158730159 0.560515873015873 0.083994708994709 0.037698412698412696
4 0.28505291005291006 0.41418650793650796 0.06878306878306878 0.06696428571428571
5 0.42410714285714285 0.7802579365079365 0.08366402116402116 0.08581349206349206
4 0.1574074074074074 0.34486607142857145 0.06812169312169312 0.06274801587301587
3 0.5757275132275133 0.4837549603174603 0.06878306878306878 0.04985119047619048
0 0.41980820105820105 0.5187251984126984 0.09490740740740741 0.04439484126984127
3 0.5950727513227513 0.6252480158730159 0.06977513227513228 0.06299603174603174
4 0.26455026455026454 0.30592757936507936 0.06812169312169312 0.05927579365079365
5 0.5325727513227513 0.8018353174603174 0.08498677248677249 0.09077380952380952
5 0.640542328042328 0.8198164682539683 0.08465608465608465 0.08953373015873016
0 0.3057208994708995 0.574156746031746 0.10218253968253968 0.05952380952380952
5 0.4601521164021164 0.6267361111111112 0.10218253968253968 0.03869047619047619
4 0.3478835978835979 0.4773065476190476 0.082010582010582 0.043402777777777776
1 0.5162037037037037 0.45163690476190477 0.04563492063492063 0.03521825396825397
2 0.4312169312169312 0.48226686507936506 0.07341269841269842 0.0339781746031746
1 0.39732142857142855 0.5677083333333334 0.05787037037037037 0.03273809523809524
4 0.21077380952380953 0.32543898809523814 0.06575396825396826 0.06427083333333333
4 0.34082010582010586 0.39331101190476186 0.06762566137566138 0.06610119047619047
4 0.3146164021164021 0.28393601190476186 0.06913359788359788 0.06524553571428571
4 0.1007473544973545 0.36328125 0.07043320105820106 0.06878720238095239