3 0.7832043650793651 0.4235838293650794 0.07173611111111111 0.06610119047619047
3 0.8463558201058201 0.5053720238095238 0.07291666666666667 0.06561259920634921
3 0.7207043650793651 0.34082093253968254 0.07043320105820106 0.06927579365079364
3 0.90625 0.5874032738095237 0.07511243386243385 0.06671130952380953
3 0.8515641534391535 0.39428819444444446 0.07348544973544974 0.06768849206349206
3 0.8417956349206349 0.6196279761904763 0.07267195767195767 0.06634424603174603
3 0.7148445767195767 0.4553224206349206 0.07145171957671957 0.06854166666666667
3 0.7792956349206349 0.5375967261904763 0.07055555555555557 0.06646825396825397
3 0.9127612433862434 0.47753968253968254 0.0733234126984127 0.06719990079365079
3 0.7890641534391535 0.31103422619047616 0.07185846560846561 0.0703125
3 0.9683531746031747 0.5576165674603174 0.06329365079365079 0.06695436507936507
5 0.6103505291005291 0.45459077380952384 0.07014880952380952 0.07476686507936507
1 0.6393220899470899 0.6323239087301588 0.04614417989417989 0.05032242063492064
2 0.6207671957671957 0.5078125 0.08068783068783068 0.04162698412698413
4 0.5081382275132275 0.4475099206349206 0.0611574074074074 0.06118799603174603
0 0.7135416666666666 0.6323239087301588 0.10408399470899471 0.05185019841269841
4 0.5709623015873015 0.6748040674603174 0.059447751322751326 0.06927579365079364
5 0.6598313492063492 0.8642584325396826 0.1163723544973545 0.05602926587301587
5 0.5214847883597884 0.84375 0.11930224867724867 0.0565500992063492
4 0.3886706349206349 0.5024404761904762 0.07238756613756614 0.06719990079365079
4 0.2688789682539683 0.5541989087301588 0.06636574074074074 0.06420882936507936
5 0.42903769841269845 0.8891592261904763 0.12443121693121692 0.05856398809523809
5 0.7063789682539683 0.7636731150793651 0.11694444444444443 0.05203125
5 0.5660813492063492 0.9057614087301588 0.1237797619047619 0.05865575396825397
5 0.7486970899470899 0.8232415674603174 0.11970899470899471 0.0551140873015873
5 0.6142592592592593 0.8022470238095237 0.11970899470899471 0.05212301587301587
5 0.8040376984126983 0.7241220238095237 0.11970899470899471 0.05041418650793651
0 0.5315740740740741 0.5893551587301588 0.061970899470899475 0.0823983134920635
4 0.35644510582010586 0.3571775793650794 0.07401455026455027 0.06982390873015873
5 0.8430985449735451 0.7861334325396826 0.12312830687830686 0.05398561507936508
1 0.4371759259259259 0.7124032738095237 0.05326388888888889 0.04138144841269841
4 0.17171296296296296 0.43823164682539684 0.07360780423280423 0.06756696428571429
4 0.2939451058201058 0.38427827380952384 0.0742989417989418 0.07171626984126984
3 0.40111111111111114 0.6763194444444445 0.0641765873015873 0.07205109126984127
4 0.4505224867724868 0.47509672619047616 0.0733234126984127 0.06854166666666667
4 0.32991402116402113 0.5278323412698412 0.07836970899470899 0.0699454365079365
4 0.23440145502645504 0.40934027777777776 0.0752876984126984 0.06884672619047619