3 0.32080026455026456 0.7529290674603174 0.08797288359788359 0.05706845238095238
3 0.27734457671957674 0.7016592261904763 0.08715939153439153 0.05398561507936508
3 0.6331382275132275 0.5830084325396826 0.08463624338624338 0.052703373015873016
0 0.7571626984126983 0.4174801587301587 0.109864417989418 0.03726190476190477
3 0.43033730158730155 0.6948239087301588 0.08666997354497354 0.05706845238095238
5 0.6822916666666666 0.7758779761904763 0.12076719576719576 0.043854166666666666
5 0.7682308201058201 0.6083978174603174 0.10261904761904762 0.02964781746031746
0 0.75 0.4707043650793651 0.108885582010582 0.037383432539682536
5 0.8274735449735451 0.6596676587301588 0.12801256613756615 0.044097222222222225
3 0.5813789682539682 0.53515625 0.08325066137566138 0.05291666666666667
5 0.8359391534391535 0.5546875 0.10847883597883598 0.028214285714285716
5 0.90625 0.6020510912698412 0.11547949735449735 0.028107638888888887
3 0.484375 0.5903323412698412 0.08390211640211641 0.054290674603174605
5 0.5354828042328043 0.7846676587301588 0.12337301587301587 0.04434275793650794
3 0.23258597883597884 0.6484375 0.08561177248677249 0.05441220238095238
3 0.43815145502645503 0.5395510912698412 0.08406415343915344 0.05233878968253968
2 0.4384755291005291 0.7485342261904763 0.07751322751322752 0.05349702380952381
4 0.25504629629629627 0.39526289682539684 0.07014880952380952 0.06143105158730159
3 0.5315740740740741 0.6386731150793651 0.08264219576719577 0.056855158730158735
3 0.38476521164021166 0.64453125 0.08528769841269843 0.05541914682539682
3 0.3388657407407408 0.5942385912698412 0.08715939153439153 0.05358878968253968
4 0.33251984126984124 0.4865724206349206 0.06502314814814815 0.05520585317460318
4 0.22346891534391533 0.5341790674603174 0.06311177248677248 0.05865575396825397
4 0.19987103174603174 0.41796875 0.07291666666666667 0.06359871031746032
5 0.6197916666666666 0.72265625 0.10774801587301587 0.031617063492063495
5 0.6090509259259259 0.8383779761904763 0.11450066137566138 0.03384424603174603
5 0.6953141534391535 0.6674801587301588 0.11344246031746032 0.042328869047619046
4 0.14705357142857142 0.44116319444444446 0.07552248677248677 0.06707837301587301
5 0.7649735449735451 0.71484375 0.11653769841269843 0.030959821428571427
4 0.44628968253968254 0.43481398809523814 0.0635978835978836 0.0555109126984127
4 0.3886706349206349 0.46411210317460316 0.07527777777777778 0.06164434523809524
1 0.08797288359788359 0.6606448412698412 0.06978505291005291 0.045441468253968255
1 0.059123677248677245 0.6113293650793651 0.06925595238095238 0.03671378968253968
4 0.36198082010582017 0.3457043650793651 0.0742989417989418 0.06188988095238095
4 0.30810515873015876 0.37255952380952384 0.07808531746031745 0.06658978174603175
4 0.2791335978835979 0.5107415674603174 0.06575396825396826 0.05529761904761905
3 0.539619708994709 0.4897991071428571 0.08053902116402117 0.04574900793650794