4 0.244140625 0.286376953125 0.07853190104166667 0.061981201171875
4 0.3984375 0.32275390625 0.08040364583333333 0.0631103515625
4 0.19873046875 0.321044921875 0.08113606770833333 0.06658935546875
4 0.2845052083333333 0.25439453125 0.08203125 0.061431884765625
4 0.4401041666666667 0.28857421875 0.08235677083333333 0.061431884765625
3 0.60546875 0.450927734375 0.08406575520833333 0.05780029296875
4 0.3111979166666667 0.39111328125 0.08101399739583333 0.061431884765625
3 0.6572265625 0.404296875 0.085693359375 0.058013916015625
3 0.7571614583333334 0.45849609375 0.09187825520833333 0.06097412109375
3 0.70703125 0.50634765625 0.08894856770833333 0.060638427734375
4 0.153564453125 0.34765625 0.0767822265625 0.06085205078125
3 0.5107421875 0.398193359375 0.08040364583333333 0.057586669921875
3 0.5556640625 0.498046875 0.08780924479166667 0.062225341796875
3 0.6555989583333334 0.55517578125 0.08544921875 0.061431884765625
4 0.3253580729166667 0.2198486328125 0.08101399739583333 0.05987548828125
3 0.4606119791666667 0.44287109375 0.08085123697916667 0.059326171875
4 0.26318359375 0.4248046875 0.08219401041666667 0.06256103515625
3 0.8170572916666666 0.56640625 0.099365234375 0.06439208984375
2 0.7506510416666666 0.3857421875 0.063232421875 0.056976318359375
0 0.716796875 0.294921875 0.050984700520833336 0.0810546875
5 0.5537109375 0.6259765625 0.0491943359375 0.0809326171875
5 0.4645182291666667 0.57373046875 0.046142578125 0.0802001953125
5 0.5804036458333334 0.73974609375 0.050333658854166664 0.09368896484375
1 0.8359375 0.392333984375 0.05224609375 0.043853759765625
0 0.6363932291666666 0.2890625 0.054036458333333336 0.0849609375
3 0.869140625 0.5146484375 0.10245768229166667 0.0631103515625
5 0.4947916666666667 0.68603515625 0.0465087890625 0.0823974609375
4 0.3515625 0.358642578125 0.08390299479166667 0.0618896484375
3 0.5589192708333334 0.353759765625 0.08040364583333333 0.055938720703125
5 0.32177734375 0.5859375 0.046142578125 0.0810546875
5 0.380859375 0.5302734375 0.0452880859375 0.08135986328125
5 0.6770833333333334 0.798828125 0.051106770833333336 0.09686279296875
3 0.765625 0.619140625 0.0947265625 0.06610107421875
5 0.734375 0.73486328125 0.054972330729166664 0.090576171875
5 0.4078776041666667 0.6318359375 0.0609130859375 0.09588623046875
5 0.6442057291666666 0.67822265625 0.060709635416666664 0.09515380859375
1 0.9016927083333334 0.364990234375 0.0560302734375 0.0379638671875