5 0.7851554232804233 0.47143601190476186 0.08357804232804233 0.0738516865079365
3 0.28043650793650793 0.5009771825396826 0.05118716931216931 0.07055555555555557
3 0.18082671957671959 0.4079588293650794 0.05444444444444444 0.07574404761904761
3 0.26578703703703704 0.40210069444444446 0.052367724867724876 0.07501240079365079
3 0.09285383597883598 0.4140625 0.057374338624338626 0.07720982142857143
5 0.7311210317460317 0.31787202380952384 0.07967261904761905 0.08196924603174603
3 0.07527777777777778 0.31396577380952384 0.05904100529100529 0.0797718253968254
3 0.1632473544973545 0.30932539682539684 0.05423941798941799 0.07739335317460318
3 0.10905092592592593 0.5126959325396826 0.05517526455026455 0.07287698412698412
5 0.8769543650793651 0.4511731150793651 0.0841468253968254 0.07824652777777778
5 0.8203141534391535 0.29834077380952384 0.08040343915343914 0.0793452380952381
5 0.7558597883597883 0.39306547619047616 0.08084986772486773 0.07629464285714285
3 0.25016203703703704 0.30224702380952384 0.05375 0.07879712301587301
3 0.1977546296296296 0.5068353174603174 0.05167658730158731 0.07275297619047619
3 0.15014550264550267 0.20483382936507935 0.060138888888888895 0.08477678571428571
4 0.6425793650793651 0.5913095238095237 0.10261904761904762 0.0394890873015873
3 0.23535052910052912 0.19909722222222223 0.05651785714285714 0.08496031746031746
4 0.6354166666666666 0.6972668650793651 0.09562169312169314 0.031371527777777776
0 0.39355489417989414 0.40356398809523814 0.05814484126984128 0.09588541666666667
5 0.7962235449735451 0.21252480158730158 0.07609126984126983 0.08227430555555557
5 0.7076818783068783 0.23034722222222223 0.07967261904761905 0.08343501984126984
5 0.8424470899470899 0.37426835317460316 0.08357804232804233 0.07989583333333333
0 0.47819113756613757 0.39770585317460316 0.056233465608465615 0.09448164682539682
5 0.8157539682539683 0.5483407738095237 0.07360780423280423 0.07104414682539682
3 0.05891865079365079 0.21032738095238093 0.06184854497354497 0.08496031746031746
4 0.4667956349206349 0.6347668650793651 0.09513227513227514 0.03396577380952381
2 0.5983068783068783 0.35644593253968254 0.05664021164021164 0.06188988095238095
5 0.9023445767195767 0.5292981150793651 0.07666005291005291 0.07171626984126984
4 0.47167989417989414 0.5834970238095237 0.09985449735449735 0.041230158730158735
4 0.6487632275132275 0.54296875 0.10522486772486772 0.04193204365079365
4 0.4736342592592592 0.53125 0.10278439153439153 0.042328869047619046
4 0.6305324074074075 0.74609375 0.08959986772486772 0.030151289682539682
4 0.45605489417989414 0.6840823412698412 0.10058531746031747 0.042023809523809526
1 0.3014318783068783 0.640625 0.06734126984126984 0.03408730158730159
1 0.30257275132275135 0.6928720238095237 0.06901124338624338 0.030959821428571427
4 0.453125 0.7392584325396826 0.094239417989418 0.03390625
4 0.6420866402116402 0.6489756944444445 0.09149140211640212 0.02976190476190476