2 0.3172200520833333 0.66845703125 0.0496826171875 0.060638427734375
5 0.6744791666666666 0.6943359375 0.10791015625 0.034423828125
5 0.6110026041666666 0.76171875 0.10847981770833333 0.03338623046875
5 0.53515625 0.83154296875 0.11824544270833333 0.039703369140625
4 0.5419921875 0.70556640625 0.0565185546875 0.06890869140625
3 0.4345703125 0.7587890625 0.046427408854166664 0.07684326171875
3 0.4928385416666667 0.485107421875 0.08341471354166667 0.058990478515625
5 0.8815104166666666 0.615234375 0.11287434895833333 0.030792236328125
4 0.3961588541666667 0.42138671875 0.08528645833333333 0.072509765625
0 0.3942057291666667 0.7431640625 0.053955078125 0.08868408203125
3 0.69140625 0.521484375 0.088134765625 0.06109619140625
3 0.5452473958333334 0.53369140625 0.08296712239583333 0.0592041015625
3 0.6370442708333334 0.476806640625 0.08251953125 0.059661865234375
1 0.2521158854166667 0.720703125 0.072265625 0.049041748046875
3 0.3938802083333333 0.54638671875 0.08280436197916667 0.059661865234375
3 0.7311197916666666 0.417724609375 0.08028157552083333 0.0560302734375
5 0.7337239583333334 0.6318359375 0.116943359375 0.0455322265625
4 0.3421223958333333 0.45068359375 0.08414713541666667 0.07135009765625
5 0.8131510416666666 0.56982421875 0.11490885416666667 0.03125
4 0.2874348958333333 0.4814453125 0.086181640625 0.0704345703125
3 0.783203125 0.46142578125 0.08512369791666667 0.057281494140625
3 0.5026041666666666 0.646484375 0.0819091796875 0.05975341796875
3 0.6028645833333334 0.58154296875 0.08544921875 0.0604248046875
4 0.29296875 0.3251953125 0.08296712239583333 0.07305908203125
4 0.1826171875 0.384521484375 0.08414713541666667 0.06903076171875
4 0.4462890625 0.3896484375 0.08113606770833333 0.07196044921875
3 0.583984375 0.426513671875 0.0849609375 0.05706787109375
3 0.4514973958333333 0.59521484375 0.08390299479166667 0.0618896484375
4 0.23974609375 0.35400390625 0.08296712239583333 0.0723876953125
5 0.4957682291666667 0.71484375 0.06587727864583333 0.07879638671875
5 0.685546875 0.81103515625 0.11124674479166667 0.0374755859375
5 0.814453125 0.67822265625 0.12443033854166667 0.042388916015625
0 0.22819010416666666 0.77880859375 0.0947265625 0.09283447265625
4 0.49609375 0.3603515625 0.07779947916666667 0.06927490234375
4 0.3440755208333333 0.296630859375 0.08101399739583333 0.0728759765625
1 0.3444010416666667 0.72119140625 0.043375651041666664 0.047698974609375
5 0.7467447916666666 0.7431640625 0.12312825520833333 0.04168701171875