3 0.2775065104166667 0.8134765625 0.09578450520833333 0.0751953125
3 0.5908203125 0.59814453125 0.087646484375 0.06536865234375
3 0.5348307291666666 0.5546875 0.08512369791666667 0.059539794921875
3 0.3916015625 0.736328125 0.09651692708333333 0.072509765625
2 0.763671875 0.6005859375 0.06734212239583333 0.061767578125
3 0.4918619791666667 0.66650390625 0.086669921875 0.06634521484375
3 0.16927083333333334 0.70703125 0.09611002604166667 0.0699462890625
3 0.22412109375 0.75830078125 0.09847005208333333 0.071044921875
4 0.2236328125 0.5517578125 0.08463541666666667 0.06793212890625
5 0.4453125 0.239501953125 0.0491943359375 0.06744384765625
1 0.6595052083333334 0.6796875 0.06278483072916667 0.04168701171875
3 0.4407552083333333 0.619140625 0.09326171875 0.06622314453125
3 0.3308919270833333 0.68603515625 0.0596923828125 0.039642333984375
3 0.3818359375 0.56787109375 0.06453450520833333 0.04132080078125
1 0.7024739583333334 0.630859375 0.06697591145833333 0.039642333984375
5 0.6272786458333334 0.374267578125 0.049479166666666664 0.07305908203125
5 0.5618489583333334 0.415283203125 0.0518798828125 0.0784912109375
5 0.5006510416666666 0.286865234375 0.050048828125 0.06903076171875
4 0.2799479166666667 0.51904296875 0.08174641927083333 0.06109619140625
4 0.3308919270833333 0.3505859375 0.07763671875 0.06256103515625
0 0.8313802083333334 0.5654296875 0.10205078125 0.045440673828125
4 0.3260091145833333 0.485107421875 0.08040364583333333 0.058990478515625
5 0.4375 0.3173828125 0.047119140625 0.07080078125
5 0.5634765625 0.329345703125 0.046671549479166664 0.06646728515625
5 0.6298828125 0.464111328125 0.0538330078125 0.07879638671875
4 0.3876953125 0.452880859375 0.07954915364583333 0.064208984375
3 0.4788411458333333 0.50927734375 0.08280436197916667 0.060089111328125
3 0.2791341145833333 0.638671875 0.091552734375 0.06878662109375
5 0.6927083333333334 0.421875 0.051106770833333336 0.0792236328125
4 0.24169921875 0.4033203125 0.07820638020833333 0.06463623046875
0 0.7884114583333334 0.5078125 0.0986328125 0.042327880859375
5 0.5006510416666666 0.359375 0.0439453125 0.06817626953125
4 0.4375 0.427734375 0.08280436197916667 0.06622314453125
4 0.12760416666666666 0.457763671875 0.07938639322916667 0.057586669921875
4 0.2804361979166667 0.376953125 0.07853190104166667 0.060302734375
5 0.3811848958333333 0.26953125 0.0517578125 0.07208251953125
4 0.18310546875 0.4326171875 0.07820638020833333 0.0634765625