3 0.6253240740740741 0.4458010912698413 0.08129960317460318 0.04107638888888889
3 0.5240873015873015 0.41479414682539684 0.07735119047619048 0.040984623015873016
3 0.5813789682539682 0.3247073412698413 0.07763558201058202 0.04217509920634921
3 0.6539715608465608 0.4006349206349206 0.07967261904761905 0.04168650793650794
3 0.6816402116402117 0.3537599206349206 0.08129960317460318 0.043365575396825395
3 0.7337235449735451 0.4785168650793651 0.08569444444444443 0.041840277777777775
3 0.45442791005291006 0.34252976190476186 0.07625330687830688 0.04009920634920635
3 0.5517592592592593 0.37207093253968254 0.07649801587301587 0.04083333333333333
3 0.7584623015873017 0.43261656746031746 0.08569444444444443 0.04394593253968254
1 0.5960284391534392 0.6967782738095237 0.04882936507936508 0.048125
3 0.4833994708994709 0.29614335317460316 0.07568452380952381 0.040679563492063496
4 0.6311838624338625 0.5927728174603174 0.06404761904761905 0.06097470238095238
5 0.46061177248677254 0.4826661706349206 0.09008928571428572 0.03927579365079365
4 0.17985119047619047 0.671875 0.06184854497354497 0.07489087301587301
3 0.42448082010582017 0.3847668650793651 0.07678240740740741 0.03979414682539682
5 0.7910152116402117 0.5639657738095237 0.04386243386243386 0.07171626984126984
3 0.6656911375661375 0.5375967261904763 0.06034391534391534 0.05706845238095238
5 0.33984457671957674 0.4575198412698413 0.09090277777777778 0.03711061507936508
4 0.4192724867724868 0.7568353174603174 0.05354828042328043 0.07641617063492064
0 0.7233068783068783 0.7099603174603174 0.0633531746031746 0.08587549603174603
4 0.24739748677248677 0.66015625 0.06091269841269841 0.07611111111111112
5 0.2838558201058201 0.5410168650793651 0.09912037037037037 0.044097222222222225
5 0.25471891534391533 0.48510664682539684 0.09936507936507936 0.0450124007936508
5 0.16072751322751325 0.5107415674603174 0.09375 0.04248015873015873
4 0.31559193121693124 0.6464856150793651 0.06563161375661376 0.07598958333333333
4 0.3515641534391535 0.7758779761904763 0.07145171957671957 0.08831845238095239
2 0.5738921957671957 0.6611334325396826 0.04748677248677249 0.05602926587301587
5 0.06384259259259259 0.5385739087301588 0.09741071428571428 0.044097222222222225
4 0.4833994708994709 0.7451165674603174 0.07092261904761905 0.08465525793650794
5 0.3730456349206349 0.5112301587301588 0.10042328042328043 0.044677579365079365
5 0.08781084656084656 0.5981448412698412 0.09952711640211641 0.04638640873015873
4 0.3802083333333333 0.6323239087301588 0.06901124338624338 0.0758655753968254
5 0.1899404761904762 0.5688467261904763 0.10620039682539682 0.04568452380952381
4 0.28059854497354497 0.7905282738095237 0.07173611111111111 0.09124751984126984
4 0.20914682539682541 0.8081051587301588 0.0730787037037037 0.09552083333333333
0 0.6253240740740741 0.80859375 0.08479828042328043 0.09075892857142857
1 0.5735681216931217 0.5449231150793651 0.04919312169312169 0.041840277777777775