3 0.31787109375 0.427490234375 0.099365234375 0.05450439453125
3 0.11149088541666667 0.568359375 0.10408528645833333 0.053802490234375
3 0.3883463541666667 0.544921875 0.10335286458333333 0.052337646484375
3 0.2596028645833333 0.5869140625 0.09879557291666667 0.052032470703125
3 0.19580078125 0.468505859375 0.10245768229166667 0.053985595703125
3 0.13932291666666666 0.62841796875 0.101318359375 0.0531005859375
3 0.23209635416666666 0.52880859375 0.10172526041666667 0.05224609375
3 0.3538411458333333 0.488037109375 0.10074869791666667 0.053802490234375
5 0.4169921875 0.2841796875 0.10115559895833333 0.053314208984375
3 0.4716796875 0.445068359375 0.09912109375 0.052032470703125
3 0.07511393229166667 0.50830078125 0.10205078125 0.05340576171875
4 0.904296875 0.488525390625 0.11775716145833333 0.05987548828125
5 0.10986328125 0.371337890625 0.11181640625 0.055938720703125
3 0.5081380208333334 0.50390625 0.094970703125 0.05059814453125
4 0.78515625 0.287841796875 0.11149088541666667 0.06280517578125
2 0.5061848958333334 0.61767578125 0.08748372395833333 0.045440673828125
4 0.7233072916666666 0.54248046875 0.10652669270833333 0.05572509765625
4 0.6627604166666666 0.443359375 0.10148111979166667 0.058013916015625
5 0.3870442708333333 0.2183837890625 0.10538736979166667 0.055419921875
0 0.5260416666666666 0.70703125 0.07173665364583333 0.0982666015625
4 0.693359375 0.4921875 0.1044921875 0.058349609375
0 0.4391276041666667 0.72705078125 0.061971028645833336 0.09173583984375
5 0.08040364583333333 0.30078125 0.10563151041666667 0.05499267578125
4 0.6357421875 0.39111328125 0.106201171875 0.05987548828125
4 0.8111979166666666 0.33837890625 0.11263020833333333 0.060760498046875
4 0.8704427083333334 0.438720703125 0.11385091145833333 0.059967041015625
5 0.21077473958333334 0.34130859375 0.10652669270833333 0.053985595703125
4 0.6100260416666666 0.341796875 0.10579427083333333 0.060760498046875
1 0.2766927083333333 0.66455078125 0.063232421875 0.036834716796875
5 0.3107096354166667 0.313720703125 0.10042317708333333 0.056640625
1 0.224609375 0.71142578125 0.06266276041666667 0.0345458984375
5 0.2877604166666667 0.2476806640625 0.10506184895833333 0.051361083984375
3 0.4381510416666667 0.385986328125 0.10042317708333333 0.053192138671875
4 0.8430989583333334 0.388427734375 0.115478515625 0.061309814453125
5 0.18229166666666666 0.27685546875 0.10538736979166667 0.054412841796875