5 0.23627645502645503 0.23685515873015872 0.0882936507936508 0.1359126984126984
2 0.27397486772486773 0.6409970238095238 0.09490740740740741 0.12822420634920634
4 0.35267857142857145 0.6066468253968254 0.08697089947089948 0.1314484126984127
3 0.24156746031746032 0.5079365079365079 0.13128306878306878 0.12202380952380952
0 0.2414021164021164 0.7464037698412699 0.22420634920634921 0.09399801587301587
3 0.41829365079365083 0.2729489087301587 0.0915542328042328 0.1285391865079365
3 0.5354828042328043 0.8305654761904763 0.11181547619047619 0.17028769841269842
3 0.5605456349206349 0.2768551587301587 0.09122685185185185 0.12658730158730158
1 0.3209623015873016 0.48120039682539684 0.10677248677248677 0.0910639880952381
3 0.6920568783068783 0.27246031746031746 0.0959457671957672 0.12292410714285715
3 0.45475198412698414 0.44213789682539684 0.09912037037037037 0.1381845238095238
3 0.6012367724867725 0.43359375 0.09700396825396825 0.1339112103174603
3 0.734375 0.4279786706349206 0.1071792328042328 0.13549851190476192
3 0.49121031746031746 0.6235342261904763 0.10693452380952381 0.15173363095238093
1 0.2659490740740741 0.34789930555555554 0.13077711640211642 0.07318204365079364
3 0.6861970899470899 0.8032217261904763 0.12036044973544975 0.16699156746031746
3 0.6396494708994709 0.609375 0.11547949735449735 0.15356398809523808
3 0.7838558201058201 0.59375 0.11490740740740742 0.1473387896825397