0 0.2412367724867725 0.7798859126984127 0.1636904761904762 0.09300595238095238
5 0.3098544973544973 0.36123511904761907 0.08465608465608465 0.12177579365079365
1 0.3151455026455027 0.46242559523809523 0.09325396825396826 0.04985119047619048
2 0.27959656084656087 0.7025049603174603 0.06316137566137567 0.10540674603174603
1 0.3368055555555556 0.5766369047619048 0.07308201058201058 0.07936507936507936
4 0.34093915343915343 0.6858878968253969 0.06746031746031746 0.12177579365079365
3 0.279296875 0.59521484375 0.09847005208333333 0.10931396484375
3 0.6044921875 0.7080078125 0.092529296875 0.13818359375
3 0.455078125 0.70556640625 0.08894856770833333 0.1373291015625
3 0.59375 0.38525390625 0.07161458333333333 0.11920166015625
3 0.6002604166666666 0.54345703125 0.072265625 0.1214599609375
3 0.4573567708333333 0.54150390625 0.087646484375 0.1259765625
3 0.4576822916666667 0.38916015625 0.0679931640625 0.1153564453125
3 0.7467447916666666 0.5400390625 0.09611002604166667 0.1318359375
3 0.7584635416666666 0.7099609375 0.09700520833333333 0.1414794921875
3 0.4534505208333333 0.88720703125 0.09309895833333333 0.153076171875
3 0.7317708333333334 0.379638671875 0.07625325520833333 0.120849609375
3 0.6070963541666666 0.8876953125 0.094970703125 0.153076171875