5 0.7998408564814813 0.6349464699074072 0.0951244212962963 0.06717371057581012
3 0.5638020833333334 0.67578125 0.054158528645833336 0.0726318359375
3 0.5338541666666666 0.767578125 0.052652994791666664 0.07342529296875
3 0.5817057291666666 0.876953125 0.052571614583333336 0.073974609375
3 0.5029296875 0.85791015625 0.053548177083333336 0.07501220703125
3 0.4215494791666667 0.84521484375 0.051188151041666664 0.077392578125
3 0.6129557291666666 0.7841796875 0.055379231770833336 0.07464599609375
3 0.4505208333333333 0.75390625 0.0509033203125 0.07354736328125
3 0.6438802083333334 0.69140625 0.053466796875 0.07318115234375
3 0.6731770833333334 0.5986328125 0.055094401041666664 0.0709228515625
3 0.4820963541666667 0.6611328125 0.05224609375 0.07171630859375
3 0.5904947916666666 0.58251953125 0.054239908854166664 0.06982421875
3 0.5126953125 0.5673828125 0.052164713541666664 0.0701904296875
4 0.18684895833333334 0.6279296875 0.09326171875 0.04400634765625
4 0.3092447916666667 0.76220703125 0.09309895833333333 0.046295166015625
4 0.3264973958333333 0.71337890625 0.09375 0.0455322265625
5 0.7858072916666666 0.71533203125 0.09847005208333333 0.06658935546875
4 0.1650390625 0.6767578125 0.09757486979166667 0.04620361328125
1 0.25341796875 0.89990234375 0.048583984375 0.046112060546875
2 0.66796875 0.81982421875 0.046142578125 0.0634765625
5 0.8098958333333334 0.54931640625 0.095947265625 0.06292724609375
4 0.20361328125 0.57958984375 0.094970703125 0.04248046875
4 0.3629557291666667 0.6201171875 0.08634440104166667 0.042877197265625
4 0.3854166666666667 0.568359375 0.09407552083333333 0.04779052734375
4 0.22526041666666666 0.52978515625 0.10319010416666667 0.045867919921875
5 0.8203125 0.470947265625 0.10506184895833333 0.06597900390625
1 0.32080078125 0.923828125 0.037129720052083336 0.04840087890625
5 0.7766927083333334 0.7978515625 0.095947265625 0.07183837890625
5 0.9016927083333334 0.55859375 0.10904947916666667 0.06488037109375
4 0.14933268229166666 0.72119140625 0.102783203125 0.04949951171875
5 0.8912760416666666 0.64208984375 0.09895833333333333 0.06451416015625
5 0.8743489583333334 0.80712890625 0.099365234375 0.07171630859375
5 0.8815104166666666 0.72265625 0.11328125 0.07794189453125
5 0.9147135416666666 0.47705078125 0.10636393229166667 0.06451416015625
4 0.3483072916666667 0.66552734375 0.101318359375 0.053192138671875
0 0.666015625 0.43115234375 0.10791015625 0.06439208984375
0 0.6181640625 0.38330078125 0.11002604166666667 0.06732177734375