3 0.14225260416666666 0.50927734375 0.06538899739583333 0.0394287109375
3 0.3401692708333333 0.54345703125 0.06978352864583333 0.04217529296875
3 0.21614583333333334 0.54443359375 0.0679931640625 0.039947509765625
3 0.4231770833333333 0.5810546875 0.07185872395833333 0.04376220703125
3 0.2618815104166667 0.509765625 0.0679931640625 0.03985595703125
3 0.24967447916666666 0.615234375 0.06901041666666667 0.043365478515625
3 0.3818359375 0.61669921875 0.07291666666666667 0.0439453125
3 0.296875 0.57958984375 0.06925455729166667 0.042388916015625
3 0.16845703125 0.57666015625 0.0682373046875 0.042877197265625
3 0.18701171875 0.47705078125 0.06538899739583333 0.038818359375
5 0.314453125 0.412353515625 0.038065592447916664 0.0604248046875
4 0.5367838541666666 0.61572265625 0.07332356770833333 0.029144287109375
0 0.5048828125 0.78271484375 0.06949869791666667 0.07891845703125
5 0.2674153645833333 0.378662109375 0.039449055989583336 0.057708740234375
3 0.3365885416666667 0.6572265625 0.07291666666666667 0.04638671875
5 0.4697265625 0.444091796875 0.039164225260416664 0.061767578125
1 0.4169921875 0.697265625 0.044881184895833336 0.04046630859375
5 0.41796875 0.482421875 0.04058837890625 0.06451416015625
4 0.6611328125 0.51611328125 0.07198079427083333 0.0548095703125
0 0.26953125 0.7490234375 0.06937662760416667 0.08123779296875
5 0.41796875 0.412841796875 0.040364583333333336 0.059539794921875
4 0.7024739583333334 0.54296875 0.07373046875 0.056549072265625
4 0.7467447916666666 0.57373046875 0.07637532552083333 0.052825927734375
5 0.3196614583333333 0.349365234375 0.039896647135416664 0.056976318359375
5 0.3671875 0.44775390625 0.0447998046875 0.060302734375
5 0.3668619791666667 0.382568359375 0.040201822916666664 0.060302734375
2 0.4752604166666667 0.67431640625 0.061848958333333336 0.04132080078125
4 0.7688802083333334 0.447265625 0.06787109375 0.0509033203125
5 0.4703776041666667 0.513671875 0.037556966145833336 0.06915283203125
4 0.85546875 0.501953125 0.07625325520833333 0.0546875
4 0.8131510416666666 0.47802734375 0.07185872395833333 0.051544189453125
4 0.6240234375 0.489501953125 0.068603515625 0.050506591796875
3 0.6070963541666666 0.62255859375 0.07527669270833333 0.043121337890625
4 0.732421875 0.42431640625 0.07120768229166667 0.050506591796875
4 0.7897135416666666 0.6083984375 0.07808430989583333 0.0604248046875
5 0.716796875 0.69873046875 0.10188802083333333 0.042633056640625
1 0.5458984375 0.55126953125 0.0484619140625 0.0202484130859375