4 0.3609457671957672 0.6987847222222222 0.08961640211640212 0.09796626984126984
4 0.28174603174603174 0.685515873015873 0.08333333333333333 0.09672619047619048
4 0.3414351851851852 0.5317460317460317 0.0763888888888889 0.08333333333333333
4 0.2706679894179894 0.5230654761904762 0.07506613756613757 0.08432539682539683
4 0.1962632275132275 0.5112847222222222 0.07903439153439154 0.08506944444444445
4 0.12946428571428573 0.6592261904761905 0.08101851851851852 0.09375
5 0.5388558201058201 0.29501488095238093 0.11011904761904762 0.03943452380952381
5 0.6746031746031746 0.18055555555555555 0.10912698412698413 0.03720238095238095
4 0.12665343915343916 0.49950396825396826 0.06746031746031746 0.07539682539682539
4 0.05704365079365079 0.6447172619047619 0.0744047619047619 0.08407738095238096
4 0.20453042328042328 0.671875 0.08101851851851852 0.09573412698412699
5 0.3862433862433862 0.41009424603174605 0.12037037037037036 0.035962301587301584
5 0.7561177248677249 0.21589781746031747 0.11210317460317461 0.036458333333333336
5 0.5400132275132276 0.39248511904761907 0.11574074074074074 0.03794642857142857
5 0.46378968253968256 0.3506944444444444 0.11078042328042328 0.03521825396825397
5 0.6087962962962963 0.2374751984126984 0.10912698412698413 0.036458333333333336
5 0.6170634920634921 0.33122519841269843 0.11044973544973545 0.03794642857142857
5 0.6823743386243386 0.27393353174603174 0.11210317460317461 0.033482142857142856
3 0.7252604166666666 0.6806640625 0.061360677083333336 0.0948486328125
3 0.6236979166666666 0.662109375 0.0595703125 0.09332275390625
3 0.646484375 0.55029296875 0.060017903645833336 0.0843505859375
3 0.8639322916666666 0.465576171875 0.059814453125 0.08447265625
3 0.744140625 0.564453125 0.0634765625 0.087890625
3 0.8385416666666666 0.69287109375 0.07808430989583333 0.105224609375
3 0.76171875 0.456298828125 0.057698567708333336 0.07794189453125
3 0.59375 0.79052734375 0.07967122395833333 0.11126708984375
3 0.705078125 0.80712890625 0.06673177083333333 0.103759765625
3 0.8509114583333334 0.57421875 0.063232421875 0.089599609375
3 0.8235677083333334 0.82421875 0.08101399739583333 0.11395263671875