2 0.5583664021164021 0.8829365079365079 0.07374338624338625 0.06944444444444445
3 0.15244708994708994 0.486359126984127 0.061507936507936505 0.05853174603174603
3 0.28406084656084657 0.5132688492063492 0.05886243386243386 0.0597718253968254
3 0.18766534391534392 0.6768353174603174 0.06845238095238096 0.07093253968253968
3 0.11904761904761904 0.6607142857142857 0.07208994708994709 0.07043650793650794
0 0.39914021164021163 0.8278769841269841 0.07738095238095238 0.09672619047619048
3 0.10085978835978836 0.5612599206349206 0.06746031746031746 0.0625
3 0.2390873015873016 0.5911458333333334 0.06481481481481481 0.0662202380952381
3 0.21726190476190477 0.5011160714285714 0.06018518518518518 0.05927579365079365
3 0.04497354497354497 0.6424851190476191 0.07341269841269842 0.06919642857142858
3 0.16947751322751323 0.5770089285714286 0.06712962962962964 0.06473214285714286
3 0.19973544973544974 0.41877480158730157 0.0582010582010582 0.054811507936507936
3 0.2622354497354497 0.4320436507936508 0.056216931216931214 0.05505952380952381
3 0.3265542328042328 0.4417162698412698 0.055224867724867725 0.05555555555555555
0 0.4828042328042328 0.8563988095238095 0.07671957671957672 0.09970238095238096
5 0.7005621693121693 0.5420386904761905 0.10218253968253968 0.05530753968253968
1 0.18386243386243387 0.8129960317460317 0.046296296296296294 0.054563492063492064
5 0.6598875661375662 0.6888640873015873 0.1087962962962963 0.06324404761904762
5 0.7250330687830688 0.4756944444444444 0.09556878306878307 0.05406746031746032
5 0.7610780423280423 0.7059771825396826 0.10747354497354497 0.0662202380952381
4 0.5036375661375662 0.6765873015873016 0.10449735449735449 0.053075396825396824
1 0.26537698412698413 0.8030753968253969 0.045304232804232805 0.05357142857142857
4 0.5676256613756614 0.5404265873015873 0.09490740740740741 0.04712301587301587
5 0.6815476190476191 0.613343253968254 0.10648148148148148 0.06001984126984127
4 0.5459656084656085 0.5868055555555556 0.10052910052910052 0.049107142857142856
5 0.6420304232804233 0.7684771825396826 0.105489417989418 0.06274801587301587
5 0.7442129629629629 0.7872023809523809 0.11144179894179894 0.06746031746031746
4 0.39021164021164023 0.5462549603174603 0.08928571428571429 0.041914682539682536
4 0.36937830687830686 0.5889136904761905 0.08796296296296297 0.044890873015873016
4 0.3126653439153439 0.6796875 0.09689153439153439 0.04985119047619048
4 0.48032407407407407 0.7235863095238095 0.10284391534391535 0.05084325396825397
4 0.3402777777777778 0.6354166666666666 0.09457671957671958 0.04117063492063492
5 0.7911706349206349 0.5589037698412699 0.10615079365079365 0.056299603174603176
5 0.775390625 0.63134765625 0.10872395833333333 0.06488037109375
4 0.4134114583333333 0.5087890625 0.089599609375 0.0439453125
5 0.8098958333333334 0.489990234375 0.103515625 0.0582275390625
4 0.5234375 0.63134765625 0.089111328125 0.04620361328125