3 0.22135416666666666 0.465087890625 0.07108561197916667 0.054412841796875
3 0.2687174479166667 0.498291015625 0.06925455729166667 0.052520751953125
3 0.3955078125 0.468505859375 0.0687255859375 0.054412841796875
3 0.3181966145833333 0.53125 0.07120768229166667 0.05450439453125
3 0.3444010416666667 0.436279296875 0.06888834635416667 0.053192138671875
3 0.4694010416666667 0.405029296875 0.06990559895833333 0.05560302734375
3 0.4182942708333333 0.374267578125 0.07080078125 0.05389404296875
3 0.19352213541666666 0.56298828125 0.07120768229166667 0.05419921875
3 0.2931315104166667 0.40478515625 0.07145182291666667 0.052703857421875
5 0.8489583333333334 0.60986328125 0.08414713541666667 0.0794677734375
3 0.144287109375 0.5263671875 0.07267252604166667 0.0526123046875
5 0.7623697916666666 0.62353515625 0.08414713541666667 0.07891845703125
5 0.876953125 0.68798828125 0.08748372395833333 0.085693359375
0 0.638671875 0.5888671875 0.06298828125 0.07891845703125
5 0.787109375 0.70166015625 0.08296712239583333 0.08197021484375
3 0.5279947916666666 0.56689453125 0.053263346354166664 0.060302734375
5 0.7356770833333334 0.54931640625 0.07865397135416667 0.07147216796875
3 0.3681640625 0.343017578125 0.07002766927083333 0.053497314453125
5 0.8229166666666666 0.53564453125 0.08203125 0.07318115234375
5 0.798828125 0.465576171875 0.08414713541666667 0.07501220703125
0 0.6168619791666666 0.68017578125 0.040283203125 0.079345703125
2 0.5670572916666666 0.72509765625 0.052571614583333336 0.05633544921875
5 0.7766927083333334 0.39453125 0.0775146484375 0.07318115234375
5 0.7135416666666666 0.478515625 0.07808430989583333 0.07501220703125
4 0.4586588541666667 0.70654296875 0.089599609375 0.04681396484375
4 0.3372395833333333 0.80810546875 0.08846028645833333 0.047607421875
4 0.517578125 0.796875 0.09407552083333333 0.049774169921875
5 0.5729166666666666 0.60400390625 0.040974934895833336 0.07452392578125
4 0.4313151041666667 0.662109375 0.0849609375 0.04376220703125
4 0.4889322916666667 0.75 0.09847005208333333 0.05419921875
1 0.5647786458333334 0.420166015625 0.0450439453125 0.044281005859375
1 0.4169921875 0.5791015625 0.053548177083333336 0.038604736328125
4 0.5915119045368178 0.5227891379285768 0.08351058246075604 0.035326956259515964
4 0.5481770833333334 0.84228515625 0.097900390625 0.058441162109375
4 0.3662109375 0.8515625 0.09879557291666667 0.0574951171875
4 0.3909505208333333 0.90380859375 0.08976236979166667 0.05108642578125
4 0.3134765625 0.759765625 0.091552734375 0.0517578125