4 0.14754231770833334 0.6455078125 0.09879557291666667 0.033843994140625
3 0.4300130208333333 0.5859375 0.042236328125 0.06268310546875
4 0.2967122395833333 0.6572265625 0.091064453125 0.033203125
4 0.2864583333333333 0.703125 0.09326171875 0.0364990234375
3 0.5045572916666666 0.5927734375 0.041280110677083336 0.0634765625
3 0.4033203125 0.767578125 0.045979817708333336 0.07122802734375
4 0.17333984375 0.5546875 0.09122721354166667 0.034088134765625
3 0.5764973958333334 0.59619140625 0.043701171875 0.0634765625
3 0.4417317708333333 0.5029296875 0.041605631510416664 0.060760498046875
3 0.5110677083333334 0.50830078125 0.040364583333333336 0.060211181640625
4 0.31005859375 0.61376953125 0.08797200520833333 0.0312042236328125
4 0.33251953125 0.5224609375 0.091552734375 0.036895751953125
3 0.568359375 0.68505859375 0.04296875 0.06793212890625
3 0.5843098958333334 0.51025390625 0.041748046875 0.060760498046875
3 0.4173177083333333 0.67431640625 0.045572916666666664 0.06683349609375
1 0.32080078125 0.86279296875 0.041524251302083336 0.051361083984375
3 0.4944661458333333 0.68017578125 0.042887369791666664 0.06719970703125
4 0.16349283854166666 0.599609375 0.09326171875 0.034698486328125
1 0.2521158854166667 0.84912109375 0.0491943359375 0.050994873046875
3 0.482421875 0.77490234375 0.045979817708333336 0.07122802734375
3 0.5589192708333334 0.77978515625 0.043863932291666664 0.0728759765625
5 0.7955729166666666 0.59814453125 0.094970703125 0.07489013671875
4 0.3214518229166667 0.568359375 0.08976236979166667 0.033905029296875
0 0.5052083333333334 0.35009765625 0.08203125 0.06243896484375
4 0.12736002604166666 0.68701171875 0.085693359375 0.033477783203125
0 0.5524088541666666 0.383056640625 0.08406575520833333 0.061309814453125
5 0.6861979166666666 0.4580078125 0.0819091796875 0.063720703125
5 0.7057291666666666 0.60107421875 0.08943684895833333 0.073974609375
4 0.18636067708333334 0.5107421875 0.091552734375 0.034698486328125
5 0.6946614583333334 0.5283203125 0.08544921875 0.06982421875
5 0.7571614583333334 0.387939453125 0.08512369791666667 0.06707763671875
5 0.7805989583333334 0.5234375 0.09025065104166667 0.06842041015625
5 0.7669270833333334 0.455322265625 0.08650716145833333 0.06451416015625
5 0.677734375 0.39111328125 0.07625325520833333 0.06805419921875
5 0.7200520833333334 0.67822265625 0.09187825520833333 0.07611083984375
5 0.8098958333333334 0.673828125 0.09407552083333333 0.0782470703125
2 0.6282552083333334 0.7119140625 0.040669759114583336 0.060089111328125