3 0.279296875 0.5595703125 0.087646484375 0.08038330078125
3 0.3522135416666667 0.47265625 0.08650716145833333 0.07989501953125
3 0.18115234375 0.396484375 0.09073893229166667 0.08270263671875
5 0.6116536458333334 0.69091796875 0.08174641927083333 0.093017578125
3 0.42578125 0.378173828125 0.08430989583333333 0.0784912109375
3 0.3440755208333333 0.33935546875 0.08601888020833333 0.079345703125
5 0.8860677083333334 0.55029296875 0.12491861979166667 0.03656005859375
3 0.1982421875 0.52392578125 0.09138997395833333 0.08050537109375
0 0.7369791666666666 0.65771484375 0.11775716145833333 0.054107666015625
2 0.8040364583333334 0.56884765625 0.050699869791666664 0.06781005859375
4 0.7923177083333334 0.407958984375 0.09456380208333333 0.090087890625
4 0.654296875 0.357666015625 0.092529296875 0.091552734375
5 0.5729166666666666 0.75927734375 0.0791015625 0.09466552734375
4 0.8196614583333334 0.244384765625 0.09529622395833333 0.09332275390625
4 0.7233072916666666 0.382568359375 0.09423828125 0.091552734375
3 0.12801106770833334 0.61669921875 0.08430989583333333 0.0743408203125
5 0.4638671875 0.73388671875 0.07320149739583333 0.08978271484375
4 0.861328125 0.434326171875 0.09090169270833333 0.0869140625
5 0.5013020833333334 0.65771484375 0.07499186197916667 0.08978271484375
5 0.677734375 0.7861328125 0.0806884765625 0.0965576171875
4 0.7513020833333334 0.21533203125 0.099853515625 0.0948486328125
0 0.6578776041666666 0.53271484375 0.11344401041666667 0.07598876953125
5 0.7174479166666666 0.7216796875 0.07967122395833333 0.091064453125
4 0.8860677083333334 0.272705078125 0.09220377604166667 0.09234619140625
5 0.8294270833333334 0.76123046875 0.07132975260416667 0.0810546875
4 0.9303385416666666 0.46142578125 0.09700520833333333 0.08526611328125
4 0.953125 0.301513671875 0.09122721354166667 0.09320068359375
1 0.6419270833333334 0.6298828125 0.07938639322916667 0.044586181640625
3 0.5143229166666666 0.5107421875 0.09529622395833333 0.0552978515625
3 0.2099609375 0.6474609375 0.088134765625 0.078369140625
3 0.041035970052083336 0.583984375 0.08207194010416667 0.080078125
3 0.10677083333333333 0.4892578125 0.09171549479166667 0.08197021484375
3 0.2693684895833333 0.433837890625 0.09122721354166667 0.0823974609375
5 0.7845052083333334 0.81787109375 0.08406575520833333 0.0975341796875
4 0.5703125 0.58740234375 0.08943684895833333 0.06524658203125
5 0.3997395833333333 0.64013671875 0.0736083984375 0.08538818359375
1 0.443359375 0.54638671875 0.06673177083333333 0.04052734375