2 0.5052910052910053 0.7087053571428571 0.07804232804232804 0.10441468253968254
4 0.373015873015873 0.6569940476190477 0.16600529100529102 0.07142857142857142
5 0.7081679894179894 0.4361359126984127 0.08961640211640212 0.11185515873015874
1 0.7093253968253969 0.6016865079365079 0.0701058201058201 0.0798611111111111
4 0.34837962962962965 0.7393353174603174 0.16832010582010581 0.07291666666666667
1 0.6111111111111112 0.4955357142857143 0.09523809523809523 0.05009920634920635
4 0.3950066137566138 0.5788690476190477 0.1597222222222222 0.07142857142857142
4 0.13690476190476192 0.5398065476190477 0.14947089947089948 0.06324404761904762
4 0.09970238095238096 0.6221478174603174 0.1636904761904762 0.0642361111111111
4 0.16137566137566137 0.466765873015873 0.14616402116402116 0.060515873015873016
4 0.4366732804232804 0.4280753968253968 0.1378968253968254 0.05505952380952381
4 0.4168320105820106 0.4986359126984127 0.14914021164021163 0.06125992063492063
4 0.07324735449735449 0.7037450396825397 0.14649470899470898 0.06671626984126984
0 0.6547619047619048 0.8779761904761905 0.18716931216931218 0.054563492063492064
4 0.6208664021164021 0.734375 0.14252645502645503 0.07936507936507936
3 0.5772156084656085 0.6016865079365079 0.12797619047619047 0.08333333333333333