3 0.5641276041666666 0.422119140625 0.057373046875 0.063720703125
3 0.5966796875 0.34765625 0.053670247395833336 0.06085205078125
3 0.6686197916666666 0.359130859375 0.05517578125 0.062103271484375
5 0.8346354166666666 0.499267578125 0.09269205729166667 0.06597900390625
3 0.609375 0.51806640625 0.06254069010416667 0.07159423828125
3 0.6380208333333334 0.436767578125 0.054972330729166664 0.06524658203125
3 0.5751953125 0.607421875 0.06392415364583333 0.073974609375
5 0.7421875 0.50048828125 0.09187825520833333 0.06573486328125
4 0.6494140625 0.63916015625 0.054850260416666664 0.0703125
3 0.4918619791666667 0.59130859375 0.06673177083333333 0.073974609375
3 0.4524739583333333 0.484619140625 0.059122721354166664 0.06805419921875
3 0.4098307291666667 0.572265625 0.06787109375 0.072265625
2 0.4153645833333333 0.7060546875 0.044189453125 0.06781005859375
3 0.59375 0.7568359375 0.047648111979166664 0.08197021484375
0 0.544921875 0.73388671875 0.0439453125 0.08929443359375
1 0.4046223958333333 0.7724609375 0.062296549479166664 0.0537109375
5 0.763671875 0.7490234375 0.0986328125 0.077392578125
3 0.529296875 0.50341796875 0.062174479166666664 0.06890869140625
4 0.3505859375 0.4296875 0.0947265625 0.049224853515625
3 0.4889322916666667 0.4052734375 0.05859375 0.0634765625
5 0.6168619791666666 0.669921875 0.056233723958333336 0.085693359375
4 0.3727213541666667 0.388916015625 0.09407552083333333 0.046630859375
4 0.3024088541666667 0.51806640625 0.10245768229166667 0.05072021484375
4 0.2763671875 0.56298828125 0.10188802083333333 0.054412841796875
0 0.4329427083333333 0.84423828125 0.13761393229166666 0.07275390625
4 0.1787109375 0.43994140625 0.09822591145833333 0.0496826171875
5 0.7408854166666666 0.424560546875 0.08797200520833333 0.059326171875
4 0.3255208333333333 0.474609375 0.09757486979166667 0.04840087890625
4 0.150390625 0.483154296875 0.09847005208333333 0.048126220703125
5 0.8287760416666666 0.427490234375 0.087646484375 0.0616455078125
5 0.8463541666666666 0.57861328125 0.0947265625 0.06829833984375
4 0.20361328125 0.400390625 0.09375 0.047882080078125
5 0.7486979166666666 0.57861328125 0.10294596354166667 0.0816650390625
5 0.755859375 0.6591796875 0.09684244791666667 0.07501220703125
4 0.12101236979166667 0.52587890625 0.10026041666666667 0.044677734375
5 0.8587239583333334 0.6640625 0.11263020833333333 0.08648681640625
1 0.4694010416666667 0.740234375 0.049112955729166664 0.056976318359375