3 0.7992724867724867 0.5218253968253969 0.07341269841269842 0.06696428571428571
3 0.9328703703703703 0.572296626984127 0.07738095238095238 0.06770833333333333
3 0.8010912698412699 0.6273561507936508 0.07506613756613757 0.06919642857142858
3 0.671957671957672 0.46924603174603174 0.06613756613756613 0.061507936507936505
3 0.7352843915343915 0.4479166666666667 0.06845238095238096 0.062003968253968256
3 0.7346230158730159 0.5447668650793651 0.06911375661375661 0.06522817460317461
3 0.5582010582010583 0.47978670634920634 0.07341269841269842 0.046378968253968256
3 0.8649140211640212 0.4959077380952381 0.07308201058201058 0.06572420634920635
3 0.8660714285714286 0.5998263888888888 0.07605820105820106 0.06820436507936507
5 0.345734126984127 0.7848462301587301 0.09027777777777778 0.07961309523809523
4 0.2584325396825397 0.3053075396825397 0.07175925925925926 0.05952380952380952
4 0.16137566137566137 0.35453869047619047 0.07539682539682539 0.06225198412698413
5 0.4712301587301587 0.7186259920634921 0.0873015873015873 0.07415674603174603
5 0.23098544973544974 0.7746775793650794 0.08564814814814815 0.07911706349206349
5 0.685515873015873 0.8095238095238095 0.09391534391534391 0.08283730158730158
3 0.8014219576719577 0.42311507936507936 0.06911375661375661 0.06299603174603174
0 0.4083994708994709 0.5311259920634921 0.09656084656084656 0.03695436507936508
5 0.24768518518518517 0.6987847222222222 0.08531746031746032 0.07366071428571429
4 0.304728835978836 0.4104662698412698 0.0763888888888889 0.06398809523809523
5 0.361276455026455 0.7108134920634921 0.08366402116402116 0.07390873015873016
1 0.39616402116402116 0.5834573412698413 0.056878306878306875 0.03695436507936508
5 0.5796957671957672 0.7229662698412699 0.08531746031746032 0.0744047619047619
3 0.7412367724867724 0.35478670634920634 0.06448412698412699 0.05927579365079365
3 0.603505291005291 0.6194196428571429 0.07539682539682539 0.06125992063492063
5 0.5750661375661376 0.8034474206349206 0.09788359788359788 0.08556547619047619
0 0.3037367724867725 0.5988343253968254 0.09953703703703703 0.06721230158730158
5 0.45982142857142855 0.792906746031746 0.09623015873015874 0.0818452380952381
4 0.3275462962962963 0.4957837301587302 0.08035714285714286 0.049107142857142856
5 0.46875 0.6362847222222222 0.10085978835978836 0.031001984126984128
2 0.41534391534391535 0.4930555555555556 0.07605820105820106 0.03720238095238095
1 0.49173280423280424 0.453125 0.046296296296296294 0.03422619047619048
4 0.05125661375661376 0.40327380952380953 0.07671957671957672 0.06101190476190476
4 0.10986328125 0.381103515625 0.08158365885416667 0.06878662109375
4 0.21126302083333334 0.33251953125 0.07694498697916667 0.06243896484375
4 0.5113932291666666 0.56005859375 0.08296712239583333 0.03302001953125
4 0.3570963541666667 0.383544921875 0.0767822265625 0.06231689453125
4 0.25390625 0.43896484375 0.07706705729166667 0.06536865234375