3 0.7523148148148148 0.6505456349206349 0.08664021164021164 0.05555555555555555
3 0.8387896825396826 0.5688244047619048 0.08630952380952381 0.05282738095238095
3 0.6529431216931217 0.5961061507936508 0.08234126984126984 0.05282738095238095
4 0.5085978835978836 0.7935267857142857 0.05291005291005291 0.0726686507936508
3 0.8591269841269841 0.7111855158730159 0.09656084656084656 0.06125992063492063
3 0.7427248677248677 0.5212053571428571 0.082010582010582 0.050347222222222224
3 0.9441137566137566 0.621155753968254 0.09523809523809523 0.05530753968253968
4 0.32688492063492064 0.7068452380952381 0.09623015873015874 0.033234126984126984
3 0.6521164021164021 0.47544642857142855 0.07407407407407407 0.04712301587301587
4 0.15889550264550265 0.7137896825396826 0.10284391534391535 0.036210317460317464
4 0.3287037037037037 0.6573660714285714 0.09986772486772487 0.03794642857142857
3 0.5755208333333334 0.62548828125 0.08447265625 0.0310211181640625
3 0.6656901041666666 0.70458984375 0.089599609375 0.03302001953125
4 0.5891927083333334 0.71240234375 0.055501302083333336 0.06744384765625
4 0.15275065104166666 0.7666015625 0.10847981770833333 0.040985107421875
4 0.16650390625 0.66748046875 0.099853515625 0.036895751953125
3 0.6953125 0.5615234375 0.07735188802083333 0.049957275390625
3 0.90234375 0.666015625 0.09440104166666667 0.058013916015625
4 0.17057291666666666 0.62451171875 0.09716796875 0.036285400390625
3 0.7962239583333334 0.61083984375 0.08797200520833333 0.053497314453125
4 0.3284505208333333 0.61376953125 0.09684244791666667 0.035736083984375
4 0.13688151041666666 0.81396484375 0.09440104166666667 0.03607177734375