3 0.7008928571428571 0.4244791666666667 0.05919312169312169 0.08010912698412699
3 0.7435515873015873 0.6400049603174603 0.06646825396825397 0.0900297619047619
3 0.623181216931217 0.5369543650793651 0.06316137566137567 0.08333333333333333
3 0.7223875661375662 0.5288938492063492 0.06382275132275132 0.0845734126984127
3 0.6635251322751323 0.7651289682539683 0.06911375661375661 0.09375
3 0.529265873015873 0.5414186507936508 0.05787037037037037 0.08134920634920635
3 0.765542328042328 0.7579365079365079 0.07076719576719577 0.09424603174603174
3 0.5436507936507936 0.654265873015873 0.061507936507936505 0.08680555555555555
4 0.27959656084656087 0.6440972222222222 0.07308201058201058 0.07589285714285714
3 0.3864087301587302 0.4853670634920635 0.06845238095238096 0.07043650793650794
3 0.5590277777777778 0.7736855158730159 0.06382275132275132 0.09399801587301587
3 0.642526455026455 0.6474454365079365 0.06746031746031746 0.08854166666666667
4 0.392526455026455 0.5615079365079365 0.05092592592592592 0.07539682539682539
3 0.451223544973545 0.5901537698412699 0.060515873015873016 0.07762896825396826