3 0.8290343915343915 0.5691964285714286 0.07605820105820106 0.06299603174603174
3 0.669973544973545 0.8350694444444444 0.08928571428571429 0.0798611111111111
4 0.42212301587301587 0.6521577380952381 0.08564814814814815 0.053323412698412696
3 0.6959325396825397 0.5905257936507936 0.07506613756613757 0.0625
3 0.6818783068783069 0.7059771825396826 0.08333333333333333 0.07068452380952381
4 0.4117063492063492 0.4392361111111111 0.07473544973544974 0.061507936507936505
3 0.5972222222222222 0.7829861111111112 0.0873015873015873 0.07490079365079365
3 0.5284391534391535 0.7328869047619048 0.0873015873015873 0.07142857142857142
3 0.8968253968253969 0.6081349206349206 0.07605820105820106 0.06646825396825397
0 0.3318452380952381 0.591765873015873 0.09424603174603174 0.060515873015873016
3 0.6159060846560847 0.6583581349206349 0.08101851851851852 0.0662202380952381
3 0.7541335978835979 0.7527281746031746 0.08630952380952381 0.07490079365079365
3 0.8285383597883598 0.6768353174603174 0.08167989417989419 0.0689484126984127
4 0.31117724867724866 0.36061507936507936 0.06944444444444445 0.05654761904761905
4 0.30456349206349204 0.4955357142857143 0.07804232804232804 0.06696428571428571
3 0.7585978835978836 0.6344246031746031 0.0787037037037037 0.06696428571428571
4 0.15046296296296297 0.4340277777777778 0.07738095238095238 0.06101190476190476
1 0.28852513227513227 0.6431051587301587 0.06779100529100529 0.034722222222222224
5 0.3416005291005291 0.7177579365079365 0.1111111111111111 0.05952380952380952
0 0.18716931216931218 0.6341765873015873 0.12037037037037036 0.051587301587301584
2 0.357473544973545 0.5518353174603174 0.08267195767195767 0.034722222222222224
1 0.4427910052910053 0.5114087301587301 0.04894179894179894 0.03373015873015873
3 0.5077711640211641 0.574156746031746 0.07175925925925926 0.05952380952380952
4 0.2086574074074074 0.4079588293650794 0.07763558201058202 0.0637202380952381
4 0.2615575396825397 0.3828125 0.07706679894179895 0.06420882936507936
4 0.25130291005291006 0.5214856150793651 0.08068783068783068 0.06658978174603175
4 0.3603505291005291 0.46777281746031746 0.07955026455026455 0.0699454365079365
4 0.08982473544973545 0.4507217261904762 0.0651851851851852 0.05723462301587302