5 0.59765625 0.67041015625 0.11328125 0.0401611328125
3 0.5966796875 0.5458984375 0.07027180989583333 0.0469970703125
3 0.3776041666666667 0.6123046875 0.07649739583333333 0.0521240234375
3 0.236328125 0.623046875 0.0819091796875 0.053009033203125
3 0.548828125 0.5068359375 0.07145182291666667 0.0460205078125
3 0.5130208333333334 0.59716796875 0.07413736979166667 0.04931640625
3 0.2823893229166667 0.66845703125 0.08085123697916667 0.05291748046875
3 0.419921875 0.515625 0.07332356770833333 0.0469970703125
5 0.5309244791666666 0.72900390625 0.11328125 0.043609619140625
3 0.3284505208333333 0.71240234375 0.08203125 0.05706787109375
3 0.4248046875 0.65380859375 0.07763671875 0.0531005859375
3 0.5042317708333334 0.468994140625 0.07014973958333333 0.045867919921875
3 0.4661458333333333 0.5595703125 0.07389322916666667 0.049224853515625
3 0.3310546875 0.568359375 0.07820638020833333 0.0504150390625
5 0.658203125 0.71533203125 0.10392252604166667 0.04083251953125
5 0.6022135416666666 0.77490234375 0.11824544270833333 0.042083740234375
0 0.6907552083333334 0.444580078125 0.09041341145833333 0.0299224853515625
2 0.4388020833333333 0.703125 0.0679931640625 0.049957275390625
0 0.69140625 0.400146484375 0.09073893229166667 0.030670166015625
5 0.7233072916666666 0.6591796875 0.10205078125 0.038909912109375
1 0.09969075520833333 0.6435546875 0.0635986328125 0.044189453125
4 0.2703450520833333 0.49951171875 0.07108561197916667 0.05718994140625
5 0.6552734375 0.615234375 0.10294596354166667 0.036773681640625
4 0.318359375 0.4765625 0.06673177083333333 0.0546875
1 0.06636555989583333 0.60400390625 0.07637532552083333 0.045257568359375
4 0.3649088541666667 0.450439453125 0.0611572265625 0.050506591796875
5 0.7799479166666666 0.60107421875 0.10026041666666667 0.02886962890625
5 0.7083333333333334 0.56201171875 0.095458984375 0.034759521484375
5 0.837890625 0.548828125 0.09716796875 0.0247039794921875
4 0.18343098958333334 0.41796875 0.061279296875 0.0535888671875
4 0.4134114583333333 0.427734375 0.06477864583333333 0.05419921875
4 0.21940104166666666 0.5205078125 0.06465657552083333 0.05450439453125
5 0.7740885416666666 0.5126953125 0.09440104166666667 0.0287017822265625
4 0.2825520833333333 0.37353515625 0.0635986328125 0.0504150390625
4 0.23665364583333334 0.397216796875 0.060791015625 0.050811767578125
4 0.33154296875 0.351318359375 0.06551106770833333 0.051361083984375
4 0.13541666666666666 0.4375 0.0635986328125 0.054290771484375