3 0.8313802083333334 0.38671875 0.057820638020833336 0.06732177734375
3 0.798828125 0.302978515625 0.055704752604166664 0.0635986328125
3 0.8274739583333334 0.57861328125 0.062296549479166664 0.07342529296875
3 0.7897135416666666 0.4833984375 0.060262044270833336 0.0703125
3 0.8717447916666666 0.294677734375 0.056233723958333336 0.06585693359375
3 0.9055989583333334 0.56640625 0.06587727864583333 0.0726318359375
3 0.9440104166666666 0.462158203125 0.06624348958333333 0.06982421875
0 0.6194661458333334 0.61376953125 0.11881510416666667 0.056549072265625
3 0.7571614583333334 0.39453125 0.0557861328125 0.06683349609375
0 0.4645182291666667 0.64404296875 0.08797200520833333 0.075439453125
4 0.384765625 0.449951171875 0.06685384114583333 0.06927490234375
3 0.8665364583333334 0.473876953125 0.0628662109375 0.070556640625
5 0.4212239583333333 0.86669921875 0.13883463541666666 0.07598876953125
4 0.3746744791666667 0.320556640625 0.06254069010416667 0.06927490234375
2 0.318359375 0.5517578125 0.0799560546875 0.049774169921875
5 0.5540364583333334 0.5673828125 0.09456380208333333 0.0634765625
4 0.4462890625 0.426025390625 0.0682373046875 0.0738525390625
5 0.4986979166666667 0.75439453125 0.13028971354166666 0.06756591796875
4 0.31201171875 0.341064453125 0.06660970052083333 0.06982421875
4 0.5055338541666666 0.405029296875 0.0684814453125 0.07305908203125
3 0.9075520833333334 0.376708984375 0.0638427734375 0.06829833984375
5 0.3883463541666667 0.78857421875 0.13102213541666666 0.07183837890625
5 0.7018229166666666 0.68994140625 0.11800130208333333 0.06451416015625
4 0.4313151041666667 0.299560546875 0.0628662109375 0.06903076171875
5 0.5335286458333334 0.82958984375 0.13785807291666666 0.07708740234375
5 0.6429036458333334 0.79345703125 0.123779296875 0.07208251953125
5 0.7591145833333334 0.76220703125 0.12312825520833333 0.071044921875
5 0.6057942708333334 0.720703125 0.13053385416666666 0.06793212890625
4 0.7044270833333334 0.556640625 0.090087890625 0.04620361328125
1 0.72265625 0.5283203125 0.057698567708333336 0.03704833984375
3 0.9739583333333334 0.5546875 0.049845377604166664 0.07366943359375
3 0.5810546875 0.473876953125 0.047403971354166664 0.06756591796875
5 0.8639322916666666 0.728515625 0.13639322916666666 0.071044921875
4 0.2511393229166667 0.3603515625 0.0679931640625 0.0706787109375
4 0.3255208333333333 0.4697265625 0.0638427734375 0.06719970703125
4 0.5641276041666666 0.381103515625 0.070556640625 0.07183837890625
1 0.4208984375 0.52490234375 0.0478515625 0.043853759765625