3 0.6514550264550265 0.5100446428571429 0.06812169312169312 0.061755952380952384
3 0.8470568783068783 0.5323660714285714 0.07705026455026455 0.06671626984126984
3 0.9169973544973545 0.6097470238095238 0.08002645502645503 0.06870039682539683
3 0.781415343915344 0.4609375 0.07275132275132275 0.06522817460317461
3 0.8493716931216931 0.6387648809523809 0.07837301587301587 0.06919642857142858
3 0.7199074074074074 0.3940972222222222 0.0667989417989418 0.05952380952380952
3 0.7152777777777778 0.48834325396825395 0.07208994708994709 0.06349206349206349
3 0.7820767195767195 0.6675347222222222 0.07473544973544974 0.06919642857142858
3 0.7799272486772487 0.560515873015873 0.07506613756613757 0.06646825396825397
3 0.714781746031746 0.5858134920634921 0.07242063492063493 0.06646825396825397
4 0.34424603174603174 0.44419642857142855 0.09259259259259259 0.044642857142857144
4 0.302744708994709 0.5280257936507936 0.09556878306878307 0.0441468253968254
4 0.10119047619047619 0.5797371031746031 0.09986772486772487 0.04985119047619048
4 0.1787367724867725 0.45436507936507936 0.09556878306878307 0.04513888888888889
3 0.5648148148148148 0.5174851190476191 0.082010582010582 0.041914682539682536
4 0.419921875 0.64892578125 0.0682373046875 0.06097412109375
3 0.6041666666666666 0.611328125 0.083740234375 0.046722412109375
4 0.3263346354166667 0.485595703125 0.09358723958333333 0.043609619140625
4 0.126220703125 0.53759765625 0.09285481770833333 0.04168701171875
4 0.20052083333333334 0.41552734375 0.09073893229166667 0.04302978515625
4 0.15511067708333334 0.4951171875 0.094970703125 0.044921875
4 0.5305989583333334 0.59765625 0.037211100260416664 0.06549072265625