5 0.6217447916666666 0.77294921875 0.06888834635416667 0.08477783203125
3 0.408203125 0.56591796875 0.101318359375 0.060516357421875
3 0.5084635416666666 0.43701171875 0.10221354166666667 0.06231689453125
5 0.4020182291666667 0.7216796875 0.07792154947916667 0.0872802734375
5 0.24658203125 0.775390625 0.08414713541666667 0.09124755859375
4 0.3404947916666667 0.61962890625 0.10652669270833333 0.036895751953125
0 0.10319010416666667 0.392822265625 0.12247721354166667 0.10247802734375
5 0.515625 0.74609375 0.07198079427083333 0.083740234375
1 0.2099609375 0.388671875 0.07722981770833333 0.057281494140625
3 0.5758463541666666 0.55419921875 0.10205078125 0.06280517578125
5 0.2893880208333333 0.6953125 0.07539876302083333 0.08740234375
4 0.8450520833333334 0.29833984375 0.09806315104166667 0.0850830078125
3 0.7955729166666666 0.65234375 0.09407552083333333 0.0582275390625
3 0.22347005208333334 0.55517578125 0.122314453125 0.047149658203125
2 0.3046875 0.423095703125 0.10465494791666667 0.042022705078125
0 0.22737630208333334 0.51806640625 0.13639322916666666 0.043609619140625
3 0.5286458333333334 0.6171875 0.10205078125 0.060516357421875
5 0.3642578125 0.7958984375 0.07694498697916667 0.094482421875
5 0.580078125 0.84033203125 0.06660970052083333 0.0838623046875
3 0.7506510416666666 0.708984375 0.091064453125 0.05792236328125
3 0.6448567708333334 0.66357421875 0.09440104166666667 0.057373046875
3 0.6868489583333334 0.60498046875 0.09375 0.05865478515625
4 0.5602213541666666 0.324462890625 0.099853515625 0.08758544921875
4 0.8079427083333334 0.449462890625 0.08943684895833333 0.07342529296875
4 0.6848958333333334 0.388427734375 0.09578450520833333 0.08154296875
1 0.244140625 0.46923828125 0.08174641927083333 0.03662109375
5 0.3046875 0.5869140625 0.13566080729166666 0.037811279296875
5 0.15974934895833334 0.66845703125 0.088134765625 0.08819580078125
3 0.630859375 0.495849609375 0.10319010416666667 0.06085205078125
4 0.7903645833333334 0.26611328125 0.09969075520833333 0.0863037109375
4 0.6253255208333334 0.359375 0.09716796875 0.0885009765625
4 0.7473958333333334 0.41748046875 0.09611002604166667 0.0784912109375
5 0.4739583333333333 0.818359375 0.07389322916666667 0.08990478515625
4 0.7272135416666666 0.230712890625 0.0966796875 0.08648681640625
4 0.6617838541666666 0.19189453125 0.09171549479166667 0.089111328125
3 0.4524739583333333 0.5029296875 0.10026041666666667 0.062103271484375
3 0.7408854166666666 0.55029296875 0.09440104166666667 0.0537109375