3 0.06612141927083333 0.544921875 0.08528645833333333 0.07135009765625
1 0.61328125 0.6357421875 0.061279296875 0.049224853515625
3 0.3694661458333333 0.34521484375 0.0792236328125 0.06866455078125
4 0.5914713541666666 0.48583984375 0.092041015625 0.037109375
3 0.203125 0.61962890625 0.08296712239583333 0.07080078125
3 0.146240234375 0.463623046875 0.08203125 0.06878662109375
3 0.5540364583333334 0.55029296875 0.0819091796875 0.06488037109375
3 0.4371744791666667 0.37646484375 0.07637532552083333 0.06805419921875
3 0.22477213541666666 0.385009765625 0.08390299479166667 0.06781005859375
3 0.2830403645833333 0.53515625 0.07893880208333333 0.070068359375
3 0.361328125 0.454833984375 0.0792236328125 0.06829833984375
5 0.6881510416666666 0.4814453125 0.0723876953125 0.09515380859375
2 0.3570963541666667 0.6298828125 0.0775146484375 0.05865478515625
5 0.84375 0.51171875 0.07539876302083333 0.10015869140625
5 0.76953125 0.44140625 0.070556640625 0.09466552734375
5 0.751953125 0.55224609375 0.07373046875 0.1007080078125
5 0.6516927083333334 0.3046875 0.07080078125 0.08990478515625
5 0.7063802083333334 0.373779296875 0.07267252604166667 0.093994140625
0 0.5052083333333334 0.654296875 0.10734049479166667 0.05419921875
3 0.2942708333333333 0.421630859375 0.08011881510416667 0.06781005859375
5 0.6233723958333334 0.407958984375 0.073486328125 0.09173583984375
1 0.4215494791666667 0.50830078125 0.060587565104166664 0.045257568359375
3 0.21565755208333334 0.5009765625 0.083251953125 0.06927490234375
5 0.5706380208333334 0.343505859375 0.07132975260416667 0.09088134765625
0 0.4488932291666667 0.5869140625 0.107177734375 0.08251953125
3 0.13639322916666666 0.58251953125 0.08797200520833333 0.07135009765625
4 0.8606770833333334 0.91943359375 0.07307942708333333 0.1087646484375
4 0.693359375 0.75146484375 0.042236328125 0.08343505859375
4 0.5279947916666666 0.912109375 0.06392415364583333 0.10723876953125
4 0.69140625 0.9140625 0.06612141927083333 0.10760498046875
4 0.5289713541666666 0.7509765625 0.045572916666666664 0.08209228515625
4 0.7669270833333334 0.751953125 0.06624348958333333 0.10125732421875
4 0.7747395833333334 0.91748046875 0.0704345703125 0.11029052734375
4 0.6116536458333334 0.91796875 0.0482177734375 0.09027099609375
5 0.5944010416666666 0.237060546875 0.06978352864583333 0.093017578125
5 0.5221354166666666 0.61328125 0.11653645833333333 0.037109375
4 0.60546875 0.74951171875 0.0634765625 0.0982666015625