4 0.8872354497354498 0.8044394841269841 0.10052910052910052 0.07762896825396826
4 0.6703042328042328 0.6830357142857143 0.11441798941798942 0.039186507936507936
4 0.4720568783068783 0.621155753968254 0.11210317460317461 0.03794642857142857
4 0.4751984126984127 0.5694444444444444 0.11177248677248677 0.039186507936507936
4 0.6628637566137566 0.5710565476190477 0.11342592592592593 0.03993055555555555
3 0.912109375 0.72509765625 0.07637532552083333 0.0816650390625
4 0.47265625 0.67822265625 0.1142578125 0.042633056640625
4 0.6686197916666666 0.62646484375 0.10847981770833333 0.041229248046875
4 0.4703776041666667 0.73876953125 0.122314453125 0.046630859375
3 0.8782552083333334 0.61474609375 0.050252278645833336 0.07464599609375
4 0.8470052083333334 0.67626953125 0.10205078125 0.0504150390625
4 0.4635416666666667 0.7998046875 0.11344401041666667 0.03955078125