3 0.1712962962962963 0.5135168650793651 0.05489417989417989 0.06572420634920635
2 0.5358796296296297 0.8516865079365079 0.06712962962962964 0.07192460317460317
3 0.09623015873015874 0.5088045634920635 0.057539682539682536 0.06671626984126984
3 0.02562830687830688 0.5007440476190477 0.05125661375661376 0.06498015873015874
3 0.06349206349206349 0.5954861111111112 0.06283068783068783 0.07192460317460317
3 0.055224867724867725 0.421875 0.056216931216931214 0.062003968253968256
3 0.1984126984126984 0.43179563492063494 0.052248677248677246 0.062003968253968256
3 0.12665343915343916 0.42844742063492064 0.05357142857142857 0.06125992063492063
0 0.4546957671957672 0.8355654761904762 0.06547619047619048 0.10168650793650794
3 0.10796957671957672 0.6981646825396826 0.0625 0.07787698412698413
3 0.14153439153439154 0.6020585317460317 0.05952380952380952 0.07217261904761904
3 0.032407407407407406 0.6904761904761905 0.06415343915343916 0.07738095238095238
0 0.36574074074074076 0.8208085317460317 0.0667989417989418 0.10342261904761904
5 0.6952711640211641 0.572296626984127 0.1001984126984127 0.07118055555555555
4 0.43898809523809523 0.6548859126984127 0.11078042328042328 0.046875
4 0.45072751322751325 0.605406746031746 0.10912698412698413 0.044642857142857144
4 0.4224537037037037 0.7078373015873016 0.11607142857142858 0.05009920634920635
1 0.2230489417989418 0.8160962301587301 0.05324074074074074 0.05530753968253968
5 0.7022156084656085 0.4283234126984127 0.09358465608465609 0.0625
4 0.4626322751322751 0.5574156746031746 0.10383597883597884 0.04290674603174603
1 0.14087301587301587 0.8386656746031746 0.05026455026455026 0.05431547619047619
4 0.4742063492063492 0.5066964285714286 0.10317460317460317 0.042162698412698416
5 0.6982473544973545 0.49987599206349204 0.09821428571428571 0.06473214285714286
5 0.6965939153439153 0.7337549603174603 0.09689153439153439 0.07118055555555555
5 0.6180555555555556 0.4224950396825397 0.08994708994708994 0.061755952380952384
5 0.6954365079365079 0.6511656746031746 0.10251322751322751 0.07663690476190477
5 0.6101190476190477 0.49342757936507936 0.09523809523809523 0.06473214285714286
5 0.5942460317460317 0.7279265873015873 0.09788359788359788 0.07192460317460317
4 0.2414021164021164 0.6861359126984127 0.10846560846560846 0.047867063492063495
5 0.5988756613756614 0.6449652777777778 0.0992063492063492 0.0716765873015873
4 0.26256613756613756 0.6344246031746031 0.10515873015873016 0.03869047619047619
4 0.2916666666666667 0.5344742063492064 0.0992063492063492 0.03670634920634921
5 0.6038359788359788 0.5658482142857143 0.09788359788359788 0.06919642857142858
4 0.30968915343915343 0.4915674603174603 0.10152116402116403 0.04017857142857143
4 0.2804232804232804 0.5824652777777778 0.0992063492063492 0.03993055555555555