3 0.3460286458333333 0.370361328125 0.0966796875 0.03656005859375
3 0.5901692708333334 0.294921875 0.09578450520833333 0.038818359375
3 0.4752604166666667 0.360107421875 0.0947265625 0.036346435546875
3 0.6012369791666666 0.35009765625 0.09513346354166667 0.037200927734375
3 0.7278645833333334 0.33984375 0.09578450520833333 0.0364990234375
3 0.3375651041666667 0.314453125 0.095458984375 0.0379638671875
3 0.3294270833333333 0.2548828125 0.09578450520833333 0.039642333984375
3 0.7122395833333334 0.2841796875 0.09375 0.03704833984375
3 0.578125 0.237548828125 0.09513346354166667 0.0386962890625
3 0.697265625 0.22802734375 0.09684244791666667 0.039794921875
3 0.4557291666666667 0.2462158203125 0.09651692708333333 0.039337158203125
4 0.3870442708333333 0.66552734375 0.11409505208333333 0.06292724609375
4 0.1787109375 0.66796875 0.12117513020833333 0.06463623046875
4 0.3616536458333333 0.611328125 0.11368815104166667 0.060302734375
3 0.46484375 0.30615234375 0.095458984375 0.0394287109375
4 0.22932942708333334 0.77734375 0.12312825520833333 0.06536865234375
4 0.4147135416666667 0.7197265625 0.11328125 0.0640869140625
4 0.31005859375 0.5078125 0.10929361979166667 0.054412841796875
4 0.15462239583333334 0.61328125 0.11881510416666667 0.062225341796875
1 0.42578125 0.49365234375 0.055582682291666664 0.039642333984375
4 0.3359375 0.56103515625 0.11124674479166667 0.0582275390625
4 0.13004557291666666 0.56396484375 0.11775716145833333 0.05877685546875
4 0.203125 0.7216796875 0.120361328125 0.06622314453125
2 0.5823567708333334 0.5732421875 0.07389322916666667 0.05889892578125
5 0.8346354166666666 0.432861328125 0.11246744791666667 0.039337158203125
5 0.7265625 0.5712890625 0.115478515625 0.0460205078125
0 0.6725260416666666 0.43505859375 0.10408528645833333 0.05706787109375
5 0.9153645833333334 0.4677734375 0.11344401041666667 0.03802490234375
1 0.4772135416666667 0.44970703125 0.060791015625 0.037689208984375
5 0.7623697916666666 0.6826171875 0.119873046875 0.051361083984375
5 0.779296875 0.49853515625 0.1044921875 0.038177490234375
5 0.86328125 0.5380859375 0.11124674479166667 0.0364990234375
0 0.6305338541666666 0.4892578125 0.10408528645833333 0.05633544921875
5 0.705078125 0.765625 0.11083984375 0.046112060546875
5 0.8170572916666666 0.60791015625 0.115478515625 0.043365478515625
5 0.6712239583333334 0.64404296875 0.11027018229166667 0.038543701171875
5 0.6136067708333334 0.720703125 0.11368815104166667 0.046630859375