3 0.2955729166666667 0.46484375 0.10970052083333333 0.040313720703125
3 0.4274088541666667 0.457763671875 0.10677083333333333 0.038818359375
3 0.6842447916666666 0.30859375 0.11181640625 0.0457763671875
3 0.4205729166666667 0.391845703125 0.10750325520833333 0.042327880859375
3 0.2744140625 0.3310546875 0.10636393229166667 0.044586181640625
5 0.6552734375 0.67529296875 0.107177734375 0.03643798828125
3 0.5475260416666666 0.316650390625 0.10677083333333333 0.045013427734375
3 0.5589192708333334 0.45166015625 0.10465494791666667 0.038238525390625
4 0.173828125 0.77978515625 0.10677083333333333 0.055816650390625
3 0.5537109375 0.38623046875 0.10636393229166667 0.042572021484375
1 0.3717447916666667 0.59375 0.056315104166666664 0.041534423828125
4 0.2862955729166667 0.6474609375 0.10392252604166667 0.053192138671875
3 0.2859700520833333 0.398681640625 0.10693359375 0.04107666015625
1 0.4251302083333333 0.5517578125 0.06254069010416667 0.03759765625
4 0.3362630208333333 0.7412109375 0.101318359375 0.053009033203125
3 0.6868489583333334 0.3759765625 0.107177734375 0.040679931640625
0 0.623046875 0.54296875 0.10319010416666667 0.05780029296875
3 0.6927083333333334 0.4443359375 0.10986328125 0.039337158203125
4 0.19873046875 0.8271484375 0.10262044270833333 0.052337646484375
4 0.09513346354166667 0.64599609375 0.10888671875 0.05560302734375
5 0.5338541666666666 0.7998046875 0.10652669270833333 0.039642333984375
5 0.791015625 0.64892578125 0.11002604166666667 0.0318603515625
5 0.7890625 0.55029296875 0.11637369791666667 0.036834716796875
4 0.1240234375 0.69189453125 0.10636393229166667 0.056640625
5 0.669921875 0.7724609375 0.10929361979166667 0.040008544921875
5 0.728515625 0.7099609375 0.10595703125 0.031982421875
5 0.86328125 0.587890625 0.114501953125 0.035614013671875
4 0.14957682291666666 0.73291015625 0.1044921875 0.05450439453125
3 0.412109375 0.32470703125 0.10831705729166667 0.04132080078125
4 0.359375 0.78466796875 0.103515625 0.05633544921875
4 0.2605794270833333 0.60205078125 0.103515625 0.05511474609375
4 0.3111979166666667 0.69482421875 0.103759765625 0.055419921875
5 0.7174479166666666 0.61083984375 0.10465494791666667 0.03594970703125
5 0.5927734375 0.73583984375 0.107177734375 0.03277587890625
0 0.5738932291666666 0.59326171875 0.099853515625 0.058013916015625
5 0.6083984375 0.83740234375 0.10904947916666667 0.042633056640625
2 0.517578125 0.669921875 0.0709228515625 0.0582275390625