3 0.6957671957671958 0.6749751984126984 0.08928571428571429 0.038938492063492064
3 0.8812830687830688 0.6439732142857143 0.10383597883597884 0.04985119047619048
4 0.5750661375661376 0.7937748015873016 0.041666666666666664 0.07564484126984126
4 0.623181216931217 0.6985367063492064 0.06779100529100529 0.061755952380952384
3 0.8113425925925926 0.5137648809523809 0.08895502645502645 0.04439484126984127
3 0.6746031746031746 0.5295138888888888 0.08597883597883597 0.04265873015873016
3 0.7590939153439153 0.6066468253968254 0.09424603174603174 0.04712301587301587
3 0.6441798941798942 0.5729166666666666 0.08664021164021164 0.04365079365079365
4 0.3272156084656085 0.652405753968254 0.09424603174603174 0.047371031746031744
4 0.16881613756613756 0.6935763888888888 0.10416666666666667 0.046378968253968256
3 0.7853835978835979 0.5615079365079365 0.09325396825396826 0.0441468253968254
4 0.3447420634920635 0.697296626984127 0.09821428571428571 0.05233134920634921
4 0.2003968253968254 0.841765873015873 0.1078042328042328 0.05555555555555555
4 0.35962301587301587 0.7455357142857143 0.1001984126984127 0.0496031746031746
3 0.9269179894179894 0.5437748015873016 0.09523809523809523 0.045882936507936505
3 0.5807291666666666 0.61572265625 0.08544921875 0.040985107421875
3 0.7018229166666666 0.484375 0.0826416015625 0.042327880859375
4 0.18994140625 0.78857421875 0.11043294270833333 0.05499267578125
4 0.17740885416666666 0.73779296875 0.10872395833333333 0.055511474609375
3 0.9036458333333334 0.59423828125 0.099365234375 0.04742431640625
3 0.6018880208333334 0.458251953125 0.07820638020833333 0.040313720703125
4 0.205078125 0.8955078125 0.10595703125 0.0526123046875