5 0.7798181216931217 0.35954613095238097 0.11492724867724868 0.09485863095238097
3 0.44563822751322746 0.5791021825396826 0.05476851851851852 0.08648561507936507
3 0.4322916666666667 0.46606398809523814 0.058267195767195766 0.08770833333333333
5 0.8938789682539683 0.2319345238095238 0.1305324074074074 0.1110218253968254
3 0.6523445767195767 0.7700198412698412 0.049480820105820104 0.08196924603174603
3 0.6490873015873015 0.6728521825396826 0.05196097883597883 0.08343501984126984
5 0.9186210317460317 0.44409226190476186 0.1242691798941799 0.09057539682539682
5 0.90625 0.34301835317460316 0.1264649470899471 0.09552083333333333
3 0.5465509259259259 0.5727529761904763 0.05326388888888889 0.08447172619047619
3 0.6409490740740741 0.45410218253968254 0.05847222222222222 0.08990575396825397
3 0.5550132275132275 0.6738293650793651 0.050251322751322755 0.08386160714285715
5 0.9466137566137566 0.6328125 0.10563161375661376 0.08727926587301588
3 0.5621759259259259 0.7719717261904763 0.048379629629629634 0.08154265873015873
3 0.6448578042328043 0.5688467261904763 0.05305886243386243 0.08404513888888888
0 0.5553373015873015 0.24975694444444443 0.13191798941798943 0.11084077380952381
3 0.4573578042328042 0.6840823412698412 0.053465608465608466 0.08300843253968254
5 0.7695304232804233 0.2556150793650794 0.11775793650793652 0.10760416666666667
5 0.8359391534391535 0.6455084325396826 0.10319113756613757 0.09204117063492064
3 0.46744708994708994 0.7792981150793651 0.04959986772486773 0.07946676587301588
5 0.8183597883597883 0.5566418650793651 0.11083994708994709 0.08898809523809524
3 0.5338558201058201 0.46020585317460316 0.05651785714285714 0.08898809523809524
5 0.9342460317460317 0.5405282738095237 0.11987433862433862 0.08911210317460318
2 0.7233068783068783 0.6948239087301588 0.039976851851851854 0.06878720238095239
4 0.29768849206349207 0.6733407738095237 0.11906084656084656 0.049134424603174603
4 0.28125 0.49975694444444446 0.13264880952380953 0.05203125
4 0.10375992063492064 0.7299801587301588 0.12491732804232804 0.049042658730158735
5 0.8007804232804233 0.46240327380952384 0.11067791005291006 0.0933234126984127
4 0.08748346560846561 0.6186532738095237 0.12963955026455026 0.048492063492063496
4 0.2864583333333333 0.5610342261904763 0.1276058201058201 0.051361607142857146
4 0.07596891534391534 0.5615228174603174 0.13191798941798943 0.049315476190476194
4 0.3035482804232804 0.7285168650793651 0.11588624338624338 0.04553323412698413
4 0.2913425925925926 0.62109375 0.12076719576719576 0.0499578373015873
4 0.0633531746031746 0.5048834325396826 0.1262202380952381 0.049315476190476194
4 0.09545965608465609 0.6772470238095237 0.12915013227513228 0.05050595238095238
1 0.39876322751322746 0.8745114087301588 0.04496362433862434 0.04638640873015873
1 0.31721891534391533 0.8725595238095237 0.04528769841269841 0.04486111111111111
0 0.4662698412698413 0.19138640873015872 0.11463955026455026 0.10334077380952382