4 0.37565145502645503 0.49926835317460316 0.06575396825396826 0.07092261904761904
4 0.18896494708994707 0.45434523809523814 0.05676256613756614 0.06396577380952381
4 0.2524404761904762 0.4682614087301587 0.06599867724867725 0.07226686507936508
5 0.4576818783068783 0.30859375 0.07995701058201057 0.06646825396825397
4 0.3154298941798942 0.4826661706349206 0.06587632275132276 0.07122767857142857
5 0.14624007936507938 0.35278273809523814 0.08219246031746032 0.06536954365079364
5 0.4453141534391535 0.38037202380952384 0.07185846560846561 0.06671130952380953
5 0.547526455026455 0.38427827380952384 0.0851223544973545 0.07006944444444443
5 0.35709656084656083 0.30175843253968254 0.08028108465608466 0.07122767857142857
5 0.2578141534391534 0.2924801587301587 0.07938492063492064 0.07104414682539682
4 0.38704365079365083 0.6333010912698412 0.06978505291005291 0.07653769841269842
5 0.24658068783068782 0.36206101190476186 0.08158399470899472 0.06854166666666667
4 0.2006845238095238 0.5874032738095237 0.06787037037037037 0.07489087301587301
5 0.15486772486772488 0.2834474206349206 0.08251984126984127 0.06842013888888888
4 0.2613921957671958 0.6020510912698412 0.06978505291005291 0.07489087301587301
4 0.32438161375661373 0.6171875 0.0719808201058201 0.0758655753968254
5 0.34960978835978834 0.37231398809523814 0.08496031746031747 0.06964037698412699
2 0.5172519841269841 0.5942385912698412 0.06721891534391534 0.05023313492063492
3 0.7402347883597883 0.19372519841269842 0.07568452380952381 0.07226686507936508
3 0.6650396825396825 0.2319345238095238 0.07145171957671957 0.06756696428571429
3 0.6947123015873016 0.525766369047619 0.0865707671957672 0.0475
3 0.8046891534391535 0.50390625 0.07108465608465608 0.06347718253968254
4 0.14005621693121692 0.5712896825396826 0.07173611111111111 0.07501240079365079
3 0.7356779100529101 0.42480406746031746 0.06901124338624338 0.0637202380952381
3 0.8782539682539683 0.35644593253968254 0.0719808201058201 0.06707837301587301
3 0.5966798941798942 0.26806547619047616 0.06937499999999999 0.06463541666666667
3 0.8092460317460317 0.2739260912698413 0.07348544973544974 0.06793154761904761
1 0.5081382275132275 0.6337896825396826 0.060261243386243384 0.03698660714285714
3 0.6660152116402116 0.3481448412698413 0.06872685185185186 0.0659796626984127
3 0.7356779100529101 0.3129885912698413 0.07348544973544974 0.06463541666666667
3 0.8066402116402117 0.39086805555555554 0.07389219576719576 0.06622271825396825
4 0.6168617724867725 0.5600595238095237 0.07967261904761905 0.04486111111111111
3 0.8730456349206349 0.4707043650793651 0.07482804232804233 0.06463541666666667
5 0.7858068783068783 0.5966790674603174 0.08927248677248677 0.06280505952380952
1 0.6070965608465608 0.49291914682539684 0.05761574074074074 0.03050347222222222
0 0.46061177248677254 0.7285168650793651 0.09790013227513228 0.05706845238095238
0 0.6028637566137566 0.6928720238095237 0.05969246031746032 0.07781994047619047