4 0.07159391534391535 0.5849454365079365 0.07903439153439154 0.07415674603174603
4 0.2779431216931217 0.6703869047619048 0.07903439153439154 0.07936507936507936
5 0.6096230158730159 0.44915674603174605 0.10615079365079365 0.03968253968253968
5 0.4624669312169312 0.4303075396825397 0.10681216931216932 0.043154761904761904
5 0.8209325396825397 0.26686507936507936 0.10681216931216932 0.04117063492063492
5 0.5577050264550265 0.38913690476190477 0.10945767195767196 0.03968253968253968
4 0.3158068783068783 0.5135168650793651 0.08465608465608465 0.078125
4 0.210978835978836 0.6400049603174603 0.07738095238095238 0.07514880952380952
5 0.8735119047619048 0.3244047619047619 0.10813492063492064 0.040674603174603176
5 0.703042328042328 0.40773809523809523 0.1078042328042328 0.03869047619047619
5 0.7341269841269841 0.3098958333333333 0.1078042328042328 0.036458333333333336
5 0.7860449735449735 0.36408730158730157 0.10648148148148148 0.04017857142857143
4 0.18055555555555555 0.45634920634920634 0.08597883597883597 0.07886904761904762
5 0.6468253968253969 0.35131448412698413 0.1078042328042328 0.03546626984126984
4 0.14186507936507936 0.6118551587301587 0.0787037037037037 0.07589285714285714
3 0.8606770833333334 0.59130859375 0.07401529947916667 0.07476806640625
3 0.525390625 0.82470703125 0.07637532552083333 0.08599853515625
3 0.7799479166666666 0.5615234375 0.0721435546875 0.07318115234375
4 0.24886067708333334 0.485107421875 0.087646484375 0.07763671875
3 0.6061197916666666 0.853515625 0.078369140625 0.08880615234375
4 0.3802083333333333 0.5390625 0.08561197916666667 0.07781982421875
3 0.8072916666666666 0.68505859375 0.07808430989583333 0.08050537109375
3 0.6500651041666666 0.6240234375 0.06949869791666667 0.0753173828125
3 0.6927083333333334 0.8857421875 0.08011881510416667 0.0880126953125
3 0.58984375 0.7216796875 0.0723876953125 0.07879638671875
3 0.666015625 0.74951171875 0.0799560546875 0.08477783203125
3 0.7233072916666666 0.65283203125 0.07853190104166667 0.08270263671875
4 0.3486328125 0.69921875 0.08085123697916667 0.08123779296875
3 0.7532552083333334 0.7802734375 0.07763671875 0.08447265625