4 0.3583984375 0.6337890625 0.10677083333333333 0.03802490234375
3 0.58984375 0.560546875 0.10188802083333333 0.060211181640625
3 0.8177083333333334 0.654296875 0.09407552083333333 0.054290771484375
4 0.7897135416666666 0.267578125 0.09684244791666667 0.08819580078125
3 0.705078125 0.609375 0.09895833333333333 0.057708740234375
4 0.8463541666666666 0.298583984375 0.095947265625 0.0867919921875
1 0.21744791666666666 0.406982421875 0.07735188802083333 0.055816650390625
3 0.23486328125 0.572265625 0.1171875 0.051361083984375
3 0.6416015625 0.50048828125 0.10245768229166667 0.060302734375
4 0.689453125 0.3916015625 0.092529296875 0.08197021484375
3 0.5110677083333334 0.447021484375 0.102783203125 0.0631103515625
4 0.7259114583333334 0.234375 0.094970703125 0.087890625
5 0.3092447916666667 0.7119140625 0.07938639322916667 0.08660888671875
2 0.3136393229166667 0.43798828125 0.10432942708333333 0.043701171875
0 0.23958333333333334 0.53466796875 0.13639322916666666 0.049774169921875
3 0.77734375 0.71142578125 0.09236653645833333 0.05633544921875
5 0.18050130208333334 0.6884765625 0.09326171875 0.087890625
4 0.564453125 0.332763671875 0.10099283854166667 0.09075927734375
4 0.7552083333333334 0.41845703125 0.09391276041666667 0.07989501953125
3 0.6653645833333334 0.669921875 0.095947265625 0.056549072265625
0 0.11067708333333333 0.4140625 0.11775716145833333 0.10394287109375
5 0.5042317708333334 0.83154296875 0.07625325520833333 0.089111328125
5 0.4261067708333333 0.7353515625 0.08146158854166667 0.0872802734375
3 0.5458984375 0.625 0.10506184895833333 0.06109619140625
5 0.6083984375 0.849609375 0.07320149739583333 0.08880615234375
5 0.2711588541666667 0.79345703125 0.089599609375 0.0938720703125
4 0.6630859375 0.19873046875 0.08943684895833333 0.09075927734375
5 0.6481119791666666 0.78125 0.073486328125 0.0838623046875
3 0.75390625 0.5517578125 0.09440104166666667 0.052825927734375
5 0.5397135416666666 0.755859375 0.07625325520833333 0.08477783203125
4 0.6279296875 0.362548828125 0.095458984375 0.08538818359375
4 0.818359375 0.446533203125 0.08943684895833333 0.07696533203125
3 0.470703125 0.51513671875 0.09309895833333333 0.057586669921875
3 0.4186197916666667 0.57666015625 0.10506184895833333 0.059112548828125
5 0.3214518229166667 0.6015625 0.13663736979166666 0.0374755859375
1 0.2537434895833333 0.48583984375 0.08219401041666667 0.03594970703125
5 0.3902994791666667 0.8115234375 0.07320149739583333 0.08990478515625