4 0.5940755208333334 0.476806640625 0.07198079427083333 0.06256103515625
3 0.5110677083333334 0.39111328125 0.09611002604166667 0.035614013671875
0 0.6490885416666666 0.5517578125 0.058268229166666664 0.09332275390625
4 0.4446614583333333 0.69482421875 0.11490885416666667 0.0615234375
4 0.4934895833333333 0.80322265625 0.11027018229166667 0.061309814453125
4 0.28759765625 0.79833984375 0.11263020833333333 0.057708740234375
4 0.3108723958333333 0.85595703125 0.11588541666666667 0.0616455078125
0 0.6637369791666666 0.6806640625 0.11002604166666667 0.060760498046875
3 0.5227864583333334 0.276123046875 0.10042317708333333 0.038543701171875
4 0.4684244791666667 0.7451171875 0.11124674479166667 0.059417724609375
5 0.5843098958333334 0.59326171875 0.07865397135416667 0.07763671875
5 0.7682291666666666 0.50634765625 0.09716796875 0.08209228515625
3 0.3818359375 0.386962890625 0.0966796875 0.035491943359375
3 0.2734375 0.268310546875 0.09684244791666667 0.037811279296875
3 0.6435546875 0.396728515625 0.09879557291666667 0.0364990234375
3 0.3909505208333333 0.330078125 0.09757486979166667 0.038970947265625
3 0.5179036458333334 0.334716796875 0.09895833333333333 0.038604736328125
4 0.2659505208333333 0.740234375 0.112060546875 0.0546875
3 0.6468098958333334 0.337890625 0.097900390625 0.0384521484375
3 0.4661458333333333 0.52978515625 0.0792236328125 0.059326171875
5 0.830078125 0.76953125 0.10432942708333333 0.09600830078125
2 0.578125 0.77197265625 0.061482747395833336 0.06915283203125
3 0.2638346354166667 0.326171875 0.095458984375 0.037200927734375
3 0.3971354166666667 0.272216796875 0.09895833333333333 0.0374755859375
5 0.9401041666666666 0.76123046875 0.10986328125 0.0970458984375
5 0.7890625 0.5908203125 0.103515625 0.0885009765625
4 0.4225260416666667 0.64404296875 0.11043294270833333 0.054290771484375
5 0.88671875 0.583984375 0.10750325520833333 0.09417724609375
5 0.8111979166666666 0.6796875 0.10465494791666667 0.09124755859375
5 0.8502604166666666 0.411376953125 0.10188802083333333 0.07696533203125
4 0.24283854166666666 0.69140625 0.103759765625 0.0504150390625
1 0.5621744791666666 0.458740234375 0.0576171875 0.040252685546875
4 0.3971354166666667 0.59130859375 0.09578450520833333 0.047332763671875
5 0.8665364583333334 0.494873046875 0.107177734375 0.08416748046875
3 0.6481119791666666 0.278564453125 0.10026041666666667 0.037200927734375
5 0.9127604166666666 0.6669921875 0.10986328125 0.09136962890625
1 0.2669270833333333 0.490234375 0.047932942708333336 0.04638671875