4 0.2058531746031746 0.6749751984126984 0.15707671957671956 0.08606150793650794
0 0.7802579365079365 0.7705853174603174 0.1292989417989418 0.09722222222222222
2 0.640542328042328 0.6236359126984127 0.08531746031746032 0.08506944444444445
4 0.892526455026455 0.6029265873015873 0.12632275132275134 0.062003968253968256
4 0.46726190476190477 0.6452132936507936 0.1283068783068783 0.07862103174603174
1 0.6064814814814815 0.4444444444444444 0.08928571428571429 0.04365079365079365
4 0.11838624338624339 0.5422867063492064 0.12367724867724868 0.06721230158730158
5 0.7437169312169312 0.3949652777777778 0.07539682539682539 0.1029265873015873
4 0.33465608465608465 0.46118551587301587 0.12698412698412698 0.07713293650793651
3 0.7256944444444444 0.4982638888888889 0.12334656084656084 0.04265873015873016
4 0.1593915343915344 0.603546626984127 0.1349206349206349 0.0726686507936508
4 0.3824869791666667 0.5224609375 0.14078776041666666 0.08251953125
4 0.4251302083333333 0.58544921875 0.14103190104166666 0.0836181640625
4 0.3009440104166667 0.40234375 0.13688151041666666 0.08477783203125
1 0.9140625 0.47900390625 0.07625325520833333 0.06707763671875
4 0.24300130208333334 0.73876953125 0.15730794270833334 0.0863037109375