5 0.6678240740740741 0.3423859126984127 0.08366402116402116 0.05084325396825397
4 0.47255291005291006 0.40922619047619047 0.08531746031746032 0.044642857142857144
2 0.6383928571428571 0.5069444444444444 0.05257936507936508 0.05406746031746032
4 0.35796957671957674 0.33469742063492064 0.08167989417989419 0.04389880952380952
4 0.6861772486772487 0.44481646825396826 0.05357142857142857 0.05679563492063492
4 0.2594246031746032 0.4255952380952381 0.09424603174603174 0.05357142857142857
4 0.5244708994708994 0.3446180555555556 0.08267195767195767 0.044890873015873016
0 0.7981150793650794 0.45498511904761907 0.08697089947089948 0.057291666666666664
1 0.7944775132275133 0.38256448412698413 0.04398148148148148 0.036458333333333336
5 0.2779431216931217 0.6821676587301587 0.12466931216931217 0.05530753968253968
5 0.5026455026455027 0.6122271825396826 0.10912698412698413 0.05133928571428571
0 0.5859788359788359 0.38169642857142855 0.06283068783068783 0.061507936507936505
5 0.11425264550264551 0.6505456349206349 0.13260582010582012 0.05555555555555555
5 0.14930555555555555 0.7180059523809523 0.13260582010582012 0.059027777777777776
5 0.24107142857142858 0.6194196428571429 0.12037037037037036 0.05381944444444445
5 0.3955026455026455 0.6453373015873016 0.11904761904761904 0.050595238095238096
5 0.35367063492063494 0.5824652777777778 0.11011904761904762 0.048859126984126984
5 0.6040013227513228 0.5750248015873016 0.11144179894179894 0.044890873015873016
5 0.45353835978835977 0.5493551587301587 0.11541005291005291 0.047619047619047616
3 0.7493485449735451 0.5278323412698412 0.08561177248677249 0.04663194444444445
3 0.3649074074074074 0.93359375 0.12988425925925925 0.0933234126984127
1 0.5514318783068783 0.4357911706349206 0.06135912698412699 0.035828373015873015
3 0.5725925925925925 0.9194345238095237 0.11970899470899471 0.09399305555555557
3 0.5540376984126985 0.70703125 0.10506283068783068 0.07305803571428571
3 0.43815145502645503 0.7778323412698412 0.12052248677248677 0.0793452380952381
3 0.30061838624338627 0.8569345238095237 0.1305324074074074 0.08929563492063493
3 0.6914054232804233 0.8330084325396826 0.10261904761904762 0.08538938492063493
3 0.5029298941798942 0.8447271825396826 0.12182539682539682 0.08898809523809524
3 0.6640641534391535 0.6416021825396826 0.08129960317460318 0.06323164682539682
4 0.3312400793650794 0.36086309523809523 0.07605820105820106 0.03885664682539682
4 0.2981712962962963 0.3902108134920635 0.07826388888888888 0.046297123015873014
4 0.3835978835978836 0.3034052579365079 0.07715939153439154 0.03802827380952381
3 0.7357804232804233 0.6989905753968254 0.09369378306878307 0.062003968253968256
3 0.8118485449735451 0.7573239087301588 0.10099206349206348 0.07720982142857143
4 0.5037466931216931 0.37408978174603175 0.07936507936507936 0.043816964285714285
4 0.445327380952381 0.43898809523809523 0.08377314814814815 0.04794890873015873
3 0.6277546296296296 0.767609126984127 0.10251322751322751 0.0702703373015873