4 0.3599537037037037 0.7220982142857143 0.07374338624338625 0.10044642857142858
4 0.4419642857142857 0.7270585317460317 0.0763888888888889 0.10094246031746032
4 0.38310185185185186 0.5598958333333334 0.06646825396825397 0.08804563492063493
4 0.3091931216931217 0.5596478174603174 0.06415343915343916 0.08804563492063493
4 0.12367724867724868 0.7111855158730159 0.07275132275132275 0.09300595238095238
4 0.20089285714285715 0.714905753968254 0.07506613756613757 0.0974702380952381
4 0.2800925925925926 0.7173859126984127 0.07407407407407407 0.09846230158730158
4 0.22850529100529102 0.5567956349206349 0.0667989417989418 0.08581349206349206
4 0.15426587301587302 0.5543154761904762 0.06117724867724868 0.08234126984126984
5 0.5818452380952381 0.22978670634920634 0.10681216931216932 0.047371031746031744
5 0.5239748677248677 0.2958829365079365 0.10945767195767196 0.04861111111111111
5 0.4618055555555556 0.36247519841269843 0.10945767195767196 0.04439484126984127
5 0.5484457671957672 0.39558531746031744 0.1173941798941799 0.04861111111111111
5 0.3968253968253968 0.43154761904761907 0.1164021164021164 0.041666666666666664
5 0.6329365079365079 0.16480654761904762 0.11044973544973545 0.04538690476190476
5 0.611276455026455 0.3237847222222222 0.11474867724867725 0.04836309523809524
5 0.7242063492063492 0.19047619047619047 0.11441798941798942 0.04662698412698413
5 0.6611328125 0.255615234375 0.102783203125 0.041839599609375
3 0.7044270833333334 0.79150390625 0.0595703125 0.1044921875
3 0.701171875 0.66015625 0.05517578125 0.09466552734375
3 0.8053385416666666 0.6630859375 0.060465494791666664 0.09619140625
3 0.9049479166666666 0.54150390625 0.060709635416666664 0.0869140625
3 0.9192708333333334 0.66455078125 0.06648763020833333 0.0970458984375
3 0.8151041666666666 0.79345703125 0.06514485677083333 0.10540771484375
3 0.7884114583333334 0.43310546875 0.0528564453125 0.0784912109375
3 0.8912760416666666 0.4306640625 0.057820638020833336 0.0830078125
3 0.9348958333333334 0.79638671875 0.068603515625 0.1063232421875
3 0.7955729166666666 0.5458984375 0.055704752604166664 0.08831787109375
3 0.6927083333333334 0.54345703125 0.062418619791666664 0.08770751953125