5 0.7895138888888888 0.5774479166666666 0.06580357142857143 0.07581597222222222
3 0.25585978835978834 0.5141592261904763 0.062175925925925926 0.06744295634920636
3 0.18408068783068782 0.49707093253968254 0.06384259259259259 0.06854166666666667
3 0.19612764550264553 0.31005952380952384 0.06205357142857143 0.06549107142857143
3 0.13859126984126985 0.5844717261904763 0.06253968253968255 0.06842013888888888
3 0.29866402116402113 0.4274900793650794 0.061279761904761906 0.06756696428571429
3 0.26546296296296296 0.32714781746031746 0.059570105820105815 0.06561259920634921
3 0.21175264550264553 0.6025396825396826 0.06490079365079365 0.06951884920634921
3 0.06441137566137566 0.5625 0.06384259259259259 0.06951884920634921
3 0.22493386243386246 0.41113343253968254 0.06229497354497354 0.06756696428571429
3 0.10791005291005291 0.4760739087301587 0.06071097883597884 0.06842013888888888
4 0.6660152116402116 0.7568353174603174 0.10791005291005291 0.060853174603174603
4 0.6992195767195767 0.8129885912698412 0.09285383597883598 0.05212301587301587
4 0.5813789682539682 0.6157217261904763 0.08544973544973544 0.04534970238095238
3 0.3388657407407408 0.3432614087301587 0.06071097883597884 0.06707837301587301
3 0.15332010582010583 0.3923338293650794 0.0637202380952381 0.06842013888888888
0 0.18815145502645503 0.7451165674603174 0.1253240740740741 0.041230158730158735
1 0.4632175925925926 0.34887648809523814 0.0587962962962963 0.03390625
2 0.6259755291005291 0.49877976190476186 0.04959986772486773 0.05718998015873016
4 0.47721230158730155 0.7709970238095237 0.09122685185185185 0.05175843253968254
5 0.7936210317460317 0.41137648809523814 0.06563161375661376 0.07208333333333333
4 0.6113293650793651 0.6684573412698412 0.07938492063492064 0.04138144841269841
5 0.7128902116402117 0.43066468253968254 0.06428902116402116 0.07208333333333333
5 0.7545568783068783 0.34399305555555554 0.07027116402116403 0.07367063492063493
5 0.6744808201058201 0.36352430555555554 0.06416666666666666 0.07367063492063493
1 0.49934854497354497 0.30322172619047616 0.058022486772486774 0.03332589285714286
4 0.5061838624338625 0.8232415674603174 0.0925297619047619 0.051941964285714286
4 0.5325529100529101 0.8745114087301588 0.09285383597883598 0.054595734126984125
5 0.8756514550264549 0.5527356150793651 0.06502314814814815 0.07250992063492064
5 0.8313789682539683 0.47900297619047616 0.06441137566137566 0.07318204365079364
5 0.7207043650793651 0.27221726190476186 0.06229497354497354 0.07159474206349206
5 0.7486970899470899 0.5043948412698412 0.06774801587301588 0.07531746031746032
5 0.641276455026455 0.29052827380952384 0.059123677248677245 0.06842013888888888
4 0.44694113756613757 0.7202157738095237 0.09204034391534391 0.05108630952380952
0 0.17610780423280423 0.8110342261904763 0.1271164021164021 0.04147321428571429
4 0.42350198412698414 0.6669915674603174 0.10774801587301587 0.06198164682539682
4 0.6398809523809523 0.7163516865079365 0.0958994708994709 0.04712301587301587