3 0.6308597883597884 0.6191418650793651 0.04919312169312169 0.0808110119047619
3 0.43815145502645503 0.5249032738095237 0.05090277777777778 0.08007936507936508
3 0.5338558201058201 0.5200198412698412 0.05033399470899471 0.08050595238095239
3 0.5403637566137566 0.6196279761904763 0.04801587301587301 0.07965029761904761
3 0.4485681216931217 0.6274404761904763 0.049966931216931215 0.0784920634920635
3 0.4580092592592592 0.7231448412698412 0.04642857142857143 0.07287698412698412
3 0.5481779100529101 0.7182614087301588 0.046345899470899475 0.0758655753968254
3 0.42578042328042326 0.41503968253968254 0.05326388888888889 0.08477678571428571
3 0.5221362433862434 0.41088789682539684 0.053141534391534385 0.08599950396825397
3 0.6259755291005291 0.5166021825396826 0.04968253968253968 0.07922371031746032
3 0.6217460317460318 0.40600694444444446 0.05326388888888889 0.08648561507936507
3 0.6344411375661375 0.7153323412698412 0.047404100529100525 0.07629464285714285
4 0.28564484126984124 0.5141592261904763 0.108885582010582 0.03775049603174603
5 0.7513029100529101 0.31664930555555554 0.10522486772486772 0.09350694444444443
4 0.29671296296296296 0.6186532738095237 0.11775793650793652 0.04428075396825397
4 0.08219246031746032 0.5146478174603174 0.11385251322751323 0.03469742063492064
4 0.07780092592592593 0.45043898809523814 0.12963955026455026 0.04708829365079365
4 0.10929232804232804 0.6743154761904763 0.1253240740740741 0.04681299603174603
5 0.8808597883597883 0.3962400793650794 0.11027116402116402 0.08312996031746032
4 0.29150462962962964 0.5654290674603174 0.11718915343915344 0.04699652777777778
5 0.7897123015873017 0.5034176587301588 0.10099206349206348 0.08727926587301588
5 0.9147123015873017 0.578125 0.09985449735449735 0.08727926587301588
5 0.8652347883597883 0.30053819444444446 0.11775793650793652 0.09075892857142857
4 0.2832043650793651 0.45043898809523814 0.12361772486772486 0.0476984126984127
5 0.8971362433862434 0.48754960317460316 0.10677248677248677 0.0875843253968254
4 0.30192129629629627 0.6733407738095237 0.11759589947089948 0.0450124007936508
5 0.7389318783068783 0.21557539682539684 0.10042328042328043 0.09912202380952381
5 0.7721362433862434 0.41503968253968254 0.09912037037037037 0.08538938492063493
4 0.10001653439153439 0.5644543650793651 0.12556878306878308 0.04534970238095238
5 0.8111970899470899 0.5927728174603174 0.09936507936507936 0.0875843253968254
4 0.09863425925925925 0.6274404761904763 0.11262896825396825 0.03616319444444444
5 0.8502612433862434 0.19702132936507935 0.11572420634920634 0.10375992063492064
0 0.4576818783068783 0.16149801587301588 0.11906084656084656 0.10760416666666667
0 0.5426421957671957 0.21325644841269842 0.11946759259259258 0.10339285714285715
2 0.703125 0.640625 0.03588955026455026 0.06671130952380953
5 0.7154960317460317 0.3515625 0.02246031746031746 0.017579365079365077
1 0.3125 0.8130778769841269 0.04078373015873016 0.04546875
1 0.3929662698412698 0.8176264880952381 0.05180886243386243 0.042988591269841274