3 0.15437825520833334 0.67626953125 0.055908203125 0.07171630859375
3 0.22786458333333334 0.68408203125 0.052449544270833336 0.0703125
3 0.07320149739583333 0.66943359375 0.058024088541666664 0.07196044921875
3 0.10538736979166667 0.57763671875 0.056233723958333336 0.06817626953125
3 0.25244140625 0.5927734375 0.050333658854166664 0.06915283203125
3 0.2784830729166667 0.5068359375 0.0523681640625 0.06256103515625
3 0.13240559895833334 0.49755859375 0.056315104166666664 0.06610107421875
0 0.4293619791666667 0.60302734375 0.055501302083333336 0.080810546875
3 0.18196614583333334 0.58740234375 0.054443359375 0.06781005859375
0 0.5205078125 0.62060546875 0.09716796875 0.05560302734375
3 0.3009440104166667 0.42822265625 0.050984700520833336 0.06097412109375
3 0.20930989583333334 0.50244140625 0.053263346354166664 0.0634765625
4 0.8815104166666666 0.68994140625 0.10465494791666667 0.08282470703125
5 0.4127604166666667 0.327392578125 0.052652994791666664 0.06671142578125
4 0.5908203125 0.681640625 0.09073893229166667 0.075439453125
5 0.5784505208333334 0.3740234375 0.057698567708333336 0.06878662109375
4 0.7708333333333334 0.76318359375 0.086181640625 0.075439453125
3 0.23388671875 0.423583984375 0.050333658854166664 0.059661865234375
4 0.7122395833333334 0.79931640625 0.09822591145833333 0.0885009765625
4 0.640625 0.6455078125 0.0826416015625 0.06805419921875
4 0.7506510416666666 0.5830078125 0.091064453125 0.0740966796875
4 0.8274739583333334 0.72607421875 0.10335286458333333 0.08477783203125
4 0.6966145833333334 0.6171875 0.087646484375 0.07305908203125
5 0.6282552083333334 0.451904296875 0.0567626953125 0.0703125
4 0.9427083333333334 0.6552734375 0.08235677083333333 0.06744384765625
2 0.443359375 0.6669921875 0.0748291015625 0.045684814453125
5 0.5061848958333334 0.578125 0.095458984375 0.05072021484375
4 0.4921875 0.495361328125 0.08251953125 0.040252685546875
1 0.5865885416666666 0.56494140625 0.06453450520833333 0.042022705078125
5 0.6647135416666666 0.394775390625 0.060139973958333336 0.06781005859375
5 0.3349609375 0.302001953125 0.0560302734375 0.07122802734375
5 0.54296875 0.42919921875 0.057698567708333336 0.07598876953125
5 0.49609375 0.349365234375 0.052449544270833336 0.06927490234375
5 0.4537760416666667 0.397216796875 0.055379231770833336 0.07196044921875
1 0.3636067708333333 0.541015625 0.039835611979166664 0.041473388671875
3 0.48828125 0.544921875 0.083251953125 0.035064697265625
5 0.3772786458333333 0.37744140625 0.053466796875 0.06732177734375