3 0.16031901041666666 0.51611328125 0.06392415364583333 0.06732177734375
3 0.13590494791666666 0.62158203125 0.06254069010416667 0.06866455078125
3 0.27294921875 0.5849609375 0.0628662109375 0.06964111328125
3 0.20572916666666666 0.60400390625 0.063232421875 0.06964111328125
3 0.22867838541666666 0.49658203125 0.063232421875 0.06610107421875
3 0.092529296875 0.53466796875 0.0635986328125 0.06646728515625
3 0.2919921875 0.77587890625 0.061360677083333336 0.070556640625
3 0.3175455729166667 0.673828125 0.06278483072916667 0.072509765625
3 0.17757161458333334 0.70556640625 0.063232421875 0.070556640625
3 0.22184244791666666 0.791015625 0.0609130859375 0.070556640625
5 0.666015625 0.311767578125 0.051472981770833336 0.08050537109375
3 0.2503255208333333 0.6884765625 0.061971028645833336 0.07122802734375
5 0.47265625 0.2239990234375 0.052652994791666664 0.09173583984375
3 0.3606770833333333 0.763671875 0.06278483072916667 0.07330322265625
2 0.6018880208333334 0.481689453125 0.058919270833333336 0.061187744140625
5 0.6129557291666666 0.37451171875 0.057942708333333336 0.0831298828125
5 0.5690104166666666 0.267333984375 0.057942708333333336 0.09466552734375
5 0.8157552083333334 0.4677734375 0.0633544921875 0.092041015625
5 0.87890625 0.3994140625 0.07881673177083333 0.10467529296875
5 0.7682291666666666 0.3544921875 0.060139973958333336 0.089599609375
1 0.3310546875 0.43505859375 0.06599934895833333 0.033721923828125
5 0.515625 0.33349609375 0.054768880208333336 0.0830078125
5 0.7141927083333334 0.42529296875 0.056966145833333336 0.08831787109375
1 0.31982421875 0.377197265625 0.07014973958333333 0.03521728515625
5 0.4235026041666667 0.289794921875 0.054646809895833336 0.08709716796875
4 0.8046875 0.66259765625 0.07413736979166667 0.06890869140625
4 0.6481119791666666 0.7548828125 0.06746419270833333 0.07122802734375
0 0.4599609375 0.87841796875 0.10001627604166667 0.06280517578125
4 0.6630859375 0.5986328125 0.08219401041666667 0.0782470703125
4 0.7819010416666666 0.81494140625 0.0721435546875 0.0723876953125
4 0.9453125 0.71533203125 0.09912109375 0.089111328125
0 0.5081380208333334 0.93212890625 0.1044921875 0.06512451171875
4 0.5833333333333334 0.72314453125 0.0799560546875 0.08209228515625
4 0.873046875 0.685546875 0.09440104166666667 0.08831787109375
4 0.8463541666666666 0.84375 0.07320149739583333 0.073974609375
4 0.7356770833333334 0.63525390625 0.06734212239583333 0.06756591796875
4 0.7096354166666666 0.7734375 0.08146158854166667 0.0831298828125