3 0.2913411458333333 0.243408203125 0.10945638020833333 0.051666259765625
3 0.4488932291666667 0.1939697265625 0.11344401041666667 0.050506591796875
5 0.7786458333333334 0.59423828125 0.12516276041666666 0.09320068359375
3 0.7057291666666666 0.298828125 0.10929361979166667 0.050811767578125
3 0.4088541666666667 0.326904296875 0.10970052083333333 0.048675537109375
0 0.6272786458333334 0.66748046875 0.1220703125 0.0517578125
3 0.4440104166666667 0.50146484375 0.097900390625 0.0574951171875
0 0.6484375 0.53125 0.0611572265625 0.10247802734375
3 0.5693359375 0.280517578125 0.11181640625 0.051849365234375
5 0.7825520833333334 0.685546875 0.12247721354166667 0.08978271484375
5 0.7890625 0.4990234375 0.11971028645833333 0.08709716796875
1 0.58203125 0.41943359375 0.068603515625 0.042022705078125
3 0.4300130208333333 0.26171875 0.11043294270833333 0.051544189453125
5 0.7747395833333334 0.779296875 0.12101236979166667 0.090576171875
1 0.4475911458333333 0.6474609375 0.056640625 0.045684814453125
4 0.6103515625 0.446533203125 0.08512369791666667 0.061309814453125
5 0.8893229166666666 0.68798828125 0.1337890625 0.08929443359375
5 0.896484375 0.50244140625 0.134765625 0.08477783203125
5 0.5670572916666666 0.5654296875 0.07279459635416667 0.08831787109375
4 0.12581380208333334 0.59033203125 0.119873046875 0.037811279296875
4 0.3059895833333333 0.52783203125 0.112060546875 0.037261962890625
5 0.8880208333333334 0.783203125 0.13004557291666666 0.09222412109375
4 0.3146158854166667 0.58154296875 0.11637369791666667 0.040374755859375
3 0.7272135416666666 0.2293701171875 0.10652669270833333 0.046905517578125
4 0.3030598958333333 0.469482421875 0.11222330729166667 0.03759765625
2 0.4384765625 0.73388671875 0.053955078125 0.06842041015625
4 0.12849934895833334 0.65087890625 0.11905924479166667 0.038604736328125
4 0.11946614583333333 0.533203125 0.116943359375 0.03582763671875
4 0.3269856770833333 0.6962890625 0.11946614583333333 0.04510498046875
3 0.6920572916666666 0.36669921875 0.11067708333333333 0.046905517578125
3 0.3087565104166667 0.1761474609375 0.10970052083333333 0.052337646484375
5 0.9127604166666666 0.41064453125 0.11824544270833333 0.07464599609375
4 0.13191731770833334 0.7060546875 0.12166341145833333 0.0391845703125
3 0.587890625 0.2115478515625 0.11678059895833333 0.051177978515625
4 0.3193359375 0.6416015625 0.11067708333333333 0.03985595703125
3 0.5498046875 0.348876953125 0.11246744791666667 0.0521240234375
5 0.8912760416666666 0.599609375 0.135009765625 0.0948486328125