0 0.20089285714285715 0.45287698412698413 0.09887566137566138 0.1111111111111111
4 0.716931216931217 0.5257936507936508 0.08597883597883597 0.10962301587301587
2 0.6959325396825397 0.396453373015873 0.10615079365079365 0.07762896825396826
5 0.3331679894179894 0.3244047619047619 0.1431878306878307 0.08680555555555555
4 0.5629960317460317 0.7566964285714286 0.07242063492063493 0.1056547619047619
0 0.5783730158730159 0.16319444444444445 0.10714285714285714 0.1195436507936508
4 0.4064153439153439 0.5720486111111112 0.0701058201058201 0.10143849206349206
4 0.6626984126984127 0.7418154761904762 0.07142857142857142 0.10863095238095238
1 0.19791666666666666 0.34833829365079366 0.09490740740740741 0.04836309523809524
4 0.7711640211640212 0.7260664682539683 0.06481481481481481 0.10540674603174603
4 0.875 0.7090773809523809 0.09656084656084656 0.12202380952380952
4 0.6180555555555556 0.5420386904761905 0.07671957671957672 0.10491071428571429
4 0.46726190476190477 0.7728174603174603 0.0667989417989418 0.10317460317460317
1 0.12202380952380952 0.43762400793650796 0.08862433862433862 0.04241071428571429
4 0.5092592592592593 0.5553075396825397 0.07208994708994709 0.10168650793650794
4 0.43799603174603174 0.43799603174603174 0.12665343915343916 0.061507936507936505
3 0.41829365079365083 0.37231398809523814 0.12963955026455026 0.07019097222222222