1 0.16038359788359788 0.8621031746031746 0.06349206349206349 0.05257936507936508
2 0.36491402116402116 0.6408730158730159 0.05787037037037037 0.06498015873015874
1 0.4699074074074074 0.7213541666666666 0.07275132275132275 0.03794642857142857
0 0.17923280423280424 0.7352430555555556 0.10714285714285714 0.08010912698412699
0 0.44113756613756616 0.8194444444444444 0.06812169312169312 0.09672619047619048
4 0.7463624338624338 0.847594246031746 0.12566137566137567 0.05828373015873016
4 0.7566137566137566 0.7879464285714286 0.12301587301587301 0.05555555555555555
5 0.33796296296296297 0.9176587301587301 0.11243386243386243 0.0763888888888889
4 0.5697751322751323 0.7486359126984127 0.11243386243386243 0.05530753968253968
4 0.5499338624338624 0.8084077380952381 0.11375661375661375 0.057291666666666664
4 0.5874669312169312 0.6919642857142857 0.11011904761904762 0.051587301587301584
4 0.5324074074074074 0.871155753968254 0.12037037037037036 0.06076388888888889
4 0.7349537037037037 0.9114583333333334 0.12797619047619047 0.06101190476190476
5 0.3958333333333333 0.5514632936507936 0.11243386243386243 0.037450396825396824
4 0.7696759259259259 0.7300347222222222 0.1173941798941799 0.05580357142857143
5 0.7179232804232805 0.3870287698412698 0.09854497354497355 0.03149801587301587
4 0.7827380952380952 0.6768353174603174 0.11706349206349206 0.050595238095238096
5 0.771494708994709 0.4331597222222222 0.10119047619047619 0.030009920634920636
5 0.4806547619047619 0.5104166666666666 0.10284391534391535 0.03422619047619048
5 0.6187169312169312 0.5202132936507936 0.10449735449735449 0.036458333333333336
5 0.5631613756613757 0.4704861111111111 0.10119047619047619 0.031746031746031744
5 0.6410383597883598 0.4286954365079365 0.09953703703703703 0.03050595238095238
5 0.6937830687830688 0.4742063492063492 0.10251322751322751 0.03521825396825397
5 0.5353835978835979 0.5642361111111112 0.11375661375661375 0.04017857142857143
4 0.3156415343915344 0.7328869047619048 0.05588624338624339 0.07192460317460317
3 0.24768518518518517 0.6298363095238095 0.09788359788359788 0.04836309523809524
3 0.5751953125 0.329833984375 0.07145182291666667 0.0496826171875
3 0.22005208333333334 0.41748046875 0.083251953125 0.05560302734375
3 0.2752278645833333 0.45556640625 0.08056640625 0.05499267578125
3 0.5208333333333334 0.29833984375 0.068115234375 0.047607421875
3 0.5003255208333334 0.381103515625 0.06925455729166667 0.052337646484375
3 0.3636067708333333 0.3994140625 0.07552083333333333 0.0526123046875
3 0.4195963541666667 0.43603515625 0.07185872395833333 0.05108642578125
3 0.4453125 0.347412109375 0.06966145833333333 0.050994873046875
3 0.3095703125 0.363037109375 0.07694498697916667 0.051666259765625
3 0.33251953125 0.495361328125 0.08158365885416667 0.0552978515625
3 0.3932291666666667 0.311279296875 0.07120768229166667 0.0496826171875