0 0.5520833333333334 0.689453125 0.07255045572916667 0.0894775390625
4 0.5231119791666666 0.395263671875 0.08101399739583333 0.03594970703125
4 0.669921875 0.3818359375 0.08585611979166667 0.03704833984375
5 0.3196614583333333 0.406982421875 0.08308919270833333 0.053009033203125
4 0.6966145833333334 0.537109375 0.08992513020833333 0.042022705078125
5 0.3362630208333333 0.3525390625 0.08280436197916667 0.05072021484375
0 0.6292317708333334 0.7119140625 0.0684814453125 0.09503173828125
4 0.5260416666666666 0.43115234375 0.081298828125 0.036834716796875
3 0.4065755208333333 0.80078125 0.088623046875 0.0701904296875
3 0.2561848958333333 0.7841796875 0.08101399739583333 0.06597900390625
5 0.3880208333333333 0.411865234375 0.08528645833333333 0.052032470703125
4 0.5354817708333334 0.54736328125 0.08683268229166667 0.042633056640625
4 0.5322265625 0.468017578125 0.08585611979166667 0.0391845703125
3 0.23665364583333334 0.67529296875 0.07527669270833333 0.058441162109375
4 0.67578125 0.418212890625 0.08447265625 0.038238525390625
5 0.3557942708333333 0.52783203125 0.09912109375 0.061981201171875
4 0.6829427083333334 0.461181640625 0.086669921875 0.0386962890625
5 0.3001302083333333 0.46533203125 0.09025065104166667 0.054901123046875
3 0.5022786458333334 0.87158203125 0.09358723958333333 0.07586669921875
3 0.4625651041666667 0.74853515625 0.09236653645833333 0.06756591796875
4 0.5345052083333334 0.51123046875 0.0849609375 0.03643798828125
3 0.318359375 0.73583984375 0.08280436197916667 0.0634765625
3 0.34375 0.853515625 0.08878580729166667 0.075439453125
3 0.373046875 0.6875 0.08430989583333333 0.05987548828125
5 0.4026692708333333 0.360595703125 0.083740234375 0.048126220703125
3 0.2897135416666667 0.6298828125 0.07430013020833333 0.0537109375
5 0.3717447916666667 0.467041015625 0.08878580729166667 0.053985595703125
3 0.17887369791666666 0.72119140625 0.08056640625 0.06097412109375
2 0.4723307291666667 0.66552734375 0.06660970052083333 0.0504150390625
4 0.6888020833333334 0.495361328125 0.08732096354166667 0.0413818359375
5 0.4195963541666667 0.30322265625 0.0806884765625 0.053009033203125
3 0.4397786458333333 0.9287109375 0.09684244791666667 0.082275390625
5 0.283203125 0.52392578125 0.10042317708333333 0.06231689453125
5 0.349609375 0.301025390625 0.07865397135416667 0.053009033203125
3 0.5625 0.81396484375 0.097900390625 0.077392578125
1 0.13639322916666666 0.6484375 0.06697591145833333 0.0304412841796875
1 0.145751953125 0.6025390625 0.06624348958333333 0.027587890625