3 0.6402994791666666 0.316650390625 0.054646809895833336 0.0728759765625
3 0.4274088541666667 0.48291015625 0.0576171875 0.0762939453125
5 0.771484375 0.407958984375 0.09895833333333333 0.06927490234375
3 0.6204427083333334 0.41015625 0.0594482421875 0.0762939453125
3 0.5589192708333334 0.306640625 0.053466796875 0.07147216796875
3 0.5354817708333334 0.400146484375 0.057698567708333336 0.0753173828125
3 0.3997395833333333 0.58154296875 0.060709635416666664 0.07763671875
5 0.865234375 0.40869140625 0.097900390625 0.06866455078125
5 0.8723958333333334 0.580078125 0.1044921875 0.07135009765625
3 0.5986328125 0.5068359375 0.059244791666666664 0.0782470703125
3 0.5123697916666666 0.495361328125 0.060587565104166664 0.07586669921875
5 0.7734375 0.57861328125 0.10262044270833333 0.07489013671875
4 0.3006184895833333 0.5390625 0.11287434895833333 0.04681396484375
3 0.4892578125 0.59423828125 0.0628662109375 0.0802001953125
3 0.4518229166666667 0.386962890625 0.056640625 0.07147216796875
4 0.150634765625 0.417236328125 0.11507161458333333 0.049224853515625
4 0.10294596354166667 0.57177734375 0.11824544270833333 0.047943115234375
4 0.2849934895833333 0.595703125 0.11409505208333333 0.05224609375
3 0.578125 0.60546875 0.0596923828125 0.0784912109375
5 0.880859375 0.66650390625 0.10432942708333333 0.0782470703125
5 0.4033203125 0.69384765625 0.08101399739583333 0.08209228515625
0 0.5 0.87109375 0.134033203125 0.06817626953125
4 0.13688151041666666 0.466796875 0.11490885416666667 0.051361083984375
4 0.3292643229166667 0.434814453125 0.10970052083333333 0.0472412109375
4 0.3123372395833333 0.489013671875 0.11222330729166667 0.048858642578125
4 0.11905924479166667 0.51806640625 0.112060546875 0.0469970703125
3 0.6578776041666666 0.748046875 0.07120768229166667 0.078369140625
5 0.8684895833333334 0.493408203125 0.09952799479166667 0.0726318359375
5 0.7708333333333334 0.493896484375 0.10001627604166667 0.07342529296875
0 0.6168619791666666 0.7578125 0.08308919270833333 0.09173583984375
1 0.4410807291666667 0.7265625 0.07539876302083333 0.042236328125
4 0.681640625 0.6875 0.043863932291666664 0.0765380859375
4 0.3388671875 0.384765625 0.10986328125 0.048675537109375
5 0.7799479166666666 0.759765625 0.09529622395833333 0.07989501953125
5 0.7766927083333334 0.6640625 0.10392252604166667 0.07452392578125
2 0.4833984375 0.67578125 0.08585611979166667 0.04107666015625
1 0.537109375 0.7275390625 0.055501302083333336 0.04803466796875