2 0.4905598958333333 0.72412109375 0.062418619791666664 0.04803466796875
4 0.22770182291666666 0.734375 0.07373046875 0.075439453125
0 0.4322916666666667 0.8701171875 0.11149088541666667 0.06842041015625
4 0.3515625 0.6298828125 0.06697591145833333 0.070556640625
5 0.521484375 0.52294921875 0.06925455729166667 0.058349609375
4 0.16634114583333334 0.7177734375 0.07320149739583333 0.0728759765625
4 0.10538736979166667 0.70263671875 0.07267252604166667 0.06964111328125
3 0.7421875 0.4306640625 0.06551106770833333 0.054901123046875
5 0.24137369791666666 0.50146484375 0.07132975260416667 0.06097412109375
4 0.23258463541666666 0.60107421875 0.06429036458333333 0.06634521484375
4 0.17268880208333334 0.5869140625 0.06298828125 0.06756591796875
5 0.2581380208333333 0.4443359375 0.070556640625 0.06231689453125
4 0.29052734375 0.61474609375 0.06722005208333333 0.06915283203125
5 0.435546875 0.457275390625 0.068359375 0.056640625
3 0.5579427083333334 0.42529296875 0.059041341145833336 0.05389404296875
4 0.2908528645833333 0.7509765625 0.07320149739583333 0.0762939453125
3 0.6565755208333334 0.6572265625 0.0745849609375 0.0439453125
5 0.16593424479166666 0.4365234375 0.068359375 0.059417724609375
3 0.75 0.5283203125 0.06587727864583333 0.05706787109375
3 0.6214192708333334 0.4892578125 0.060709635416666664 0.0560302734375
3 0.67578125 0.366943359375 0.063232421875 0.0546875
3 0.689453125 0.55908203125 0.06416829427083333 0.058349609375
3 0.6162109375 0.3984375 0.061604817708333336 0.0552978515625
1 0.5755208333333334 0.62109375 0.0574951171875 0.0299835205078125
5 0.75 0.72314453125 0.0806884765625 0.0633544921875
5 0.3492838541666667 0.45166015625 0.0706787109375 0.059967041015625
5 0.4261067708333333 0.5185546875 0.0684814453125 0.06231689453125
4 0.3528645833333333 0.76611328125 0.0706787109375 0.07989501953125
3 0.6809895833333334 0.461669921875 0.06551106770833333 0.056121826171875
3 0.7604166666666666 0.630859375 0.068603515625 0.061431884765625
5 0.3362630208333333 0.51025390625 0.06937662760416667 0.056243896484375
0 0.5787760416666666 0.82861328125 0.060262044270833336 0.08831787109375
3 0.8111979166666666 0.497314453125 0.0687255859375 0.057373046875
5 0.14729817708333334 0.4921875 0.07027180989583333 0.05865478515625
1 0.4794921875 0.7666015625 0.0609130859375 0.04193115234375
4 0.583984375 0.6904296875 0.0748291015625 0.045013427734375
3 0.8203125 0.60205078125 0.07255045572916667 0.061767578125