3 0.5406901041666666 0.6201171875 0.047403971354166664 0.07720947265625
3 0.6341145833333334 0.7158203125 0.047403971354166664 0.0762939453125
3 0.4501953125 0.62646484375 0.048014322916666664 0.0762939453125
3 0.623046875 0.51611328125 0.049397786458333336 0.0782470703125
3 0.548828125 0.71923828125 0.045450846354166664 0.07586669921875
3 0.6292317708333334 0.619140625 0.048665364583333336 0.0782470703125
3 0.5211588541666666 0.414306640625 0.050618489583333336 0.0816650390625
3 0.6168619791666666 0.40869140625 0.0504150390625 0.08282470703125
3 0.4602864583333333 0.72314453125 0.046346028645833336 0.07208251953125
5 0.8684895833333334 0.397216796875 0.102783203125 0.07989501953125
4 0.3019205729166667 0.6181640625 0.113037109375 0.042877197265625
3 0.4283854166666667 0.41845703125 0.0509033203125 0.08197021484375
3 0.4407552083333333 0.525390625 0.049479166666666664 0.07879638671875
4 0.11881510416666667 0.67431640625 0.12141927083333333 0.04510498046875
4 0.11067708333333333 0.56494140625 0.12296549479166667 0.04296875
4 0.3001302083333333 0.56494140625 0.11637369791666667 0.045440673828125
4 0.3064778645833333 0.671875 0.113037109375 0.043212890625
5 0.7395833333333334 0.3212890625 0.097900390625 0.08477783203125
3 0.5328776041666666 0.52001953125 0.04931640625 0.07806396484375
5 0.8313802083333334 0.2091064453125 0.10807291666666667 0.09912109375
5 0.8489583333333334 0.306396484375 0.11368815104166667 0.08648681640625
5 0.888671875 0.489501953125 0.102783203125 0.08331298828125
0 0.4593098958333333 0.178955078125 0.10888671875 0.10089111328125
5 0.8040364583333334 0.59130859375 0.09423828125 0.08404541015625
4 0.09513346354166667 0.453857421875 0.1240234375 0.045257568359375
5 0.7259114583333334 0.227294921875 0.099365234375 0.097412109375
5 0.783203125 0.505859375 0.09651692708333333 0.081787109375
4 0.095947265625 0.51513671875 0.10929361979166667 0.033599853515625
5 0.7643229166666666 0.416259765625 0.09220377604166667 0.08123779296875
2 0.7005208333333334 0.640625 0.037211100260416664 0.06585693359375
4 0.2893880208333333 0.45166015625 0.12312825520833333 0.0469970703125
0 0.541015625 0.226318359375 0.11572265625 0.09912109375
5 0.90625 0.5791015625 0.097900390625 0.083740234375
4 0.29541015625 0.5107421875 0.11612955729166667 0.0455322265625
4 0.11263020833333333 0.62255859375 0.11930338541666667 0.043212890625
1 0.3154296875 0.8212890625 0.0465087890625 0.0504150390625
1 0.3932291666666667 0.822265625 0.043782552083333336 0.054595947265625