3 0.6846957671957672 0.7297544642857142 0.08026785714285714 0.0698263888888889
3 0.5807308201058201 0.4045411706349206 0.049765211640211644 0.07531746031746032
3 0.578776455026455 0.5004885912698412 0.05403769841269841 0.07806299603174603
3 0.4104828042328042 0.3979489087301587 0.04968253968253968 0.07226686507936508
3 0.4957671957671958 0.40161210317460316 0.05517526455026455 0.07354662698412699
3 0.5013029100529101 0.30761656746031746 0.04581679894179894 0.07263144841269842
3 0.5833333333333334 0.31005952380952384 0.046957671957671955 0.07397569444444443
5 0.8841137566137566 0.6284176587301588 0.0925297619047619 0.08050595238095239
3 0.40397156084656083 0.4943849206349206 0.0569675925925926 0.0758655753968254
4 0.11083994708994709 0.5102529761904763 0.11588624338624338 0.04138144841269841
5 0.7832043650793651 0.6391592261904763 0.09187830687830686 0.08178819444444443
5 0.7298181216931217 0.3850099206349206 0.09171626984126985 0.07611111111111112
3 0.49153769841269845 0.49853422619047616 0.053465608465608466 0.07653769841269842
3 0.39811177248677254 0.5961904761904763 0.05216600529100529 0.07684275793650794
4 0.2833664021164021 0.6215823412698412 0.11246693121693123 0.04434275793650794
4 0.297364417989418 0.40625 0.10905092592592593 0.042328869047619046
4 0.09822751322751323 0.6181646825396826 0.12036044973544975 0.042023809523809526
4 0.11547949735449735 0.4589856150793651 0.11466600529100529 0.04113839285714286
4 0.10506283068783068 0.5644543650793651 0.11572420634920634 0.040771329365079365
5 0.8040376984126983 0.7290029761904763 0.09008928571428572 0.08374007936507936
4 0.2913425925925926 0.5122073412698412 0.11083994708994709 0.04217509920634921
5 0.7428373015873017 0.4692385912698413 0.09073743386243385 0.07904017857142857
3 0.4886078042328042 0.5986334325396826 0.05354828042328043 0.07739335317460318
4 0.2882473544973545 0.5673834325396826 0.109864417989418 0.04138144841269841
1 0.46549603174603177 0.7348635912698412 0.07132936507936508 0.046202876984126985
3 0.577473544973545 0.6000967261904763 0.055704365079365076 0.07946676587301588
5 0.8196626984126983 0.37768601190476186 0.08927248677248677 0.07556051587301588
4 0.6940112433862434 0.6689459325396826 0.05098544973544974 0.0738516865079365
4 0.29622354497354497 0.4604489087301587 0.11043320105820105 0.042328869047619046
2 0.4980456349206349 0.6801760912698412 0.08447420634920634 0.04663194444444445
5 0.7643220899470899 0.5522470238095237 0.08748346560846561 0.07531746031746032
5 0.859375 0.54296875 0.09391203703703704 0.07367063492063493
0 0.5543617724867725 0.87109375 0.14200727513227512 0.060761408730158735
5 0.8378902116402117 0.4589856150793651 0.09375 0.07696428571428571
1 0.5595701058201058 0.7250967261904763 0.06091269841269841 0.046202876984126985
5 0.421875 0.7050793650793651 0.06734126984126984 0.08868303571428571
0 0.6470469576719577 0.7444618055555555 0.08818452380952381 0.08515128968253968