3 0.6894543650793651 0.31005952380952384 0.06392526455026455 0.07452380952380953
5 0.7871097883597883 0.5063467261904762 0.10969907407407407 0.06982390873015873
3 0.5641269841269841 0.3845213293650794 0.07014880952380952 0.07763640873015873
3 0.390625 0.5532217261904763 0.07267195767195767 0.07861359126984127
5 0.8059887566137566 0.4199231150793651 0.11124669312169314 0.06634424603174603
3 0.4348974867724868 0.45605406746031746 0.07291666666666667 0.0797718253968254
5 0.7591137566137566 0.6831051587301588 0.109864417989418 0.07092261904761904
3 0.6474603174603175 0.40600694444444446 0.06811507936507936 0.07891865079365079
3 0.4798181216931217 0.3610838293650794 0.06978505291005291 0.07653769841269842
4 0.34602843915343917 0.39770585317460316 0.11344246031746032 0.0594171626984127
4 0.29622354497354497 0.5014657738095238 0.11881613756613757 0.05911210317460318
3 0.5673842592592593 0.5986334325396826 0.07267195767195767 0.08270337301587301
3 0.5227876984126985 0.48022569444444446 0.07185846560846561 0.0803844246031746
5 0.9029960317460317 0.4316418650793651 0.11222222222222222 0.0629265873015873
5 0.7408862433862434 0.7792981150793651 0.10335317460317461 0.07556051587301588
5 0.8873710317460317 0.5166021825396826 0.11368716931216932 0.06707837301587301
5 0.8652347883597883 0.6982415674603174 0.12076719576719576 0.07434027777777778
4 0.08894841269841271 0.5092782738095237 0.11946759259259258 0.05499255952380952
3 0.6070965608465608 0.5009771825396826 0.07279431216931216 0.0823983134920635
3 0.4788425925925926 0.5747073412698412 0.0730787037037037 0.0816641865079365
3 0.6191402116402116 0.7548834325396826 0.06697751322751322 0.08587549603174603
4 0.16959656084656086 0.35620039682539684 0.11368716931216932 0.05718998015873016
5 0.8704431216931217 0.6074231150793651 0.13191798941798943 0.07904017857142857
4 0.2696924603174603 0.5546875 0.11824404761904762 0.0606374007936508
4 0.6523445767195767 0.6958010912698412 0.04614417989417989 0.07946676587301588
1 0.39908730158730155 0.7050793650793651 0.07722883597883598 0.03860367063492064
0 0.43066468253968254 0.8603521825396826 0.13639219576719577 0.0823983134920635
4 0.3214517195767196 0.44995039682539684 0.11677910052910052 0.05835069444444445
4 0.11775793650793652 0.45849702380952384 0.1163723544973545 0.05932539682539682
0 0.5764980158730159 0.7583010912698412 0.07360780423280423 0.09844990079365079
4 0.14729828042328041 0.40649305555555554 0.11547949735449735 0.05911210317460318
4 0.36816468253968254 0.34643601190476186 0.11108465608465609 0.058990575396825395
3 0.6057936507936508 0.29150297619047616 0.06734126984126984 0.0746453373015873
5 0.7721362433862434 0.5952157738095237 0.11222222222222222 0.07006944444444443
2 0.45377645502645503 0.6591790674603174 0.09342592592592593 0.037596726190476194
1 0.4957671957671958 0.7192385912698412 0.0508234126984127 0.05499255952380952
5 0.3687169312169312 0.6671626984126984 0.09369378306878307 0.08101934523809524