3 0.2425595238095238 0.6814236111111112 0.07705026455026455 0.050347222222222224
5 0.3890542328042328 0.28918650793650796 0.055224867724867725 0.06944444444444445
3 0.4771825396825397 0.7233382936507936 0.083994708994709 0.056299603174603176
3 0.15476190476190477 0.6372767857142857 0.07671957671957672 0.048859126984126984
3 0.33647486772486773 0.728546626984127 0.08167989417989419 0.053323412698412696
3 0.376984126984127 0.6774553571428571 0.07936507936507936 0.05233134920634921
3 0.19510582010582012 0.5923859126984127 0.07341269841269842 0.04836309523809524
3 0.5148809523809523 0.6710069444444444 0.08267195767195767 0.05381944444444445
3 0.4348544973544973 0.7780257936507936 0.08531746031746032 0.05803571428571429
3 0.2838955026455027 0.6338045634920635 0.0763888888888889 0.04935515873015873
3 0.2328042328042328 0.5435267857142857 0.07407407407407407 0.046378968253968256
4 0.5481150793650794 0.5834573412698413 0.07506613756613757 0.06770833333333333
4 0.34970238095238093 0.4911954365079365 0.07175925925925926 0.06522817460317461
4 0.6319444444444444 0.4835069444444444 0.06812169312169312 0.0662202380952381
5 0.6226851851851852 0.36929563492063494 0.0582010582010582 0.07142857142857142
3 0.32275132275132273 0.5837053571428571 0.07804232804232804 0.047867063492063495
2 0.8080357142857143 0.45969742063492064 0.06580687830687831 0.047867063492063495
5 0.5765542328042328 0.2943948412698413 0.05654761904761905 0.0679563492063492
5 0.7061838624338624 0.3947172619047619 0.06382275132275132 0.07713293650793651
4 0.5302579365079365 0.44233630952380953 0.06712962962962964 0.06324404761904762
3 0.41633597883597884 0.6258680555555556 0.08134920634920635 0.050347222222222224
5 0.46395502645502645 0.31733630952380953 0.05026455026455026 0.06770833333333333
4 0.42923280423280424 0.39868551587301587 0.06547619047619048 0.06076388888888889
4 0.44560185185185186 0.5358382936507936 0.07242063492063493 0.06473214285714286
0 0.7290013227513228 0.5453869047619048 0.09556878306878307 0.054563492063492064
0 0.7719907407407407 0.4992559523809524 0.09490740740740741 0.05257936507936508
1 0.6808862433862434 0.6830357142857143 0.06547619047619048 0.031746031746031744
1 0.6827050264550265 0.6282242063492064 0.06382275132275132 0.030753968253968252
4 0.5804036458333334 0.462646484375 0.0706787109375 0.06597900390625
4 0.4794921875 0.42041015625 0.06925455729166667 0.0634765625
5 0.5413411458333334 0.34326171875 0.0574951171875 0.06817626953125
4 0.3974609375 0.515625 0.07173665364583333 0.059326171875
4 0.4996744791666667 0.55712890625 0.06990559895833333 0.06231689453125
5 0.5006510416666666 0.271728515625 0.054646809895833336 0.0699462890625
5 0.7415364583333334 0.339111328125 0.055094401041666664 0.06866455078125
5 0.6555989583333334 0.316650390625 0.057088216145833336 0.06829833984375
5 0.42578125 0.2459716796875 0.051472981770833336 0.06817626953125