3 0.6178385416666666 0.352294921875 0.057698567708333336 0.0706787109375
4 0.6712239583333334 0.67919921875 0.054850260416666664 0.06964111328125
3 0.6953125 0.367919921875 0.059895833333333336 0.0703125
4 0.1611328125 0.45703125 0.10807291666666667 0.055206298828125
3 0.5123697916666666 0.62646484375 0.062418619791666664 0.0751953125
3 0.6311848958333334 0.5498046875 0.063720703125 0.076416015625
2 0.4501953125 0.74755859375 0.061971028645833336 0.06573486328125
3 0.5807291666666666 0.44140625 0.060343424479166664 0.0738525390625
3 0.4638671875 0.51513671875 0.060139973958333336 0.07464599609375
5 0.8782552083333334 0.625 0.10636393229166667 0.06597900390625
3 0.544921875 0.5322265625 0.06538899739583333 0.0740966796875
0 0.4596354166666667 0.8828125 0.129638671875 0.0704345703125
0 0.5764973958333334 0.77734375 0.07185872395833333 0.08831787109375
3 0.4267578125 0.60791015625 0.061604817708333336 0.07598876953125
4 0.3505859375 0.446533203125 0.10595703125 0.055419921875
3 0.5966796875 0.6435546875 0.06453450520833333 0.07366943359375
3 0.5016276041666666 0.422607421875 0.059041341145833336 0.07159423828125
5 0.80078125 0.449951171875 0.10563151041666667 0.06488037109375
1 0.4345703125 0.81689453125 0.06913248697916667 0.0546875
5 0.7890625 0.53076171875 0.10335286458333333 0.06781005859375
4 0.3289388020833333 0.495361328125 0.10677083333333333 0.0517578125
5 0.8951822916666666 0.45751953125 0.10115559895833333 0.06243896484375
3 0.6194661458333334 0.7744140625 0.07173665364583333 0.07501220703125
4 0.18538411458333334 0.408447265625 0.10831705729166667 0.054412841796875
4 0.13541666666666666 0.50439453125 0.10970052083333333 0.053009033203125
5 0.7630208333333334 0.7939453125 0.099365234375 0.0726318359375
4 0.3056640625 0.54638671875 0.10750325520833333 0.054595947265625
4 0.10888671875 0.55419921875 0.11181640625 0.05145263671875
3 0.6614583333333334 0.458740234375 0.059895833333333336 0.07196044921875
4 0.2801106770833333 0.59765625 0.111083984375 0.057708740234375
1 0.5133463541666666 0.7802734375 0.043050130208333336 0.05059814453125
5 0.7727864583333334 0.70166015625 0.1044921875 0.07122802734375
4 0.3717447916666667 0.3974609375 0.1044921875 0.053497314453125
5 0.88671875 0.53955078125 0.10481770833333333 0.06475830078125
5 0.8743489583333334 0.70654296875 0.10872395833333333 0.073974609375
5 0.638671875 0.7109375 0.055582682291666664 0.08038330078125
5 0.7819010416666666 0.6181640625 0.103515625 0.0738525390625