4 0.7711640211640212 0.8117559523809523 0.10383597883597884 0.10466269841269842
2 0.5299272486772487 0.7003968253968254 0.07242063492063493 0.09176587301587301
4 0.11838624338624339 0.6107390873015873 0.13822751322751323 0.054811507936507936
1 0.6498015873015873 0.5404265873015873 0.08664021164021164 0.05009920634920635
5 0.8120039682539683 0.5623759920634921 0.12466931216931217 0.07663690476190477
1 0.8961640211640212 0.714905753968254 0.06613756613756613 0.07465277777777778
3 0.7099867724867724 0.6397569444444444 0.11574074074074074 0.07762896825396826
4 0.4236111111111111 0.43638392857142855 0.12037037037037036 0.04538690476190476
4 0.37037037037037035 0.636656746031746 0.14351851851851852 0.062003968253968256
4 0.17708333333333334 0.4704861111111111 0.12665343915343916 0.04861111111111111
4 0.44130291005291006 0.37983630952380953 0.11210317460317461 0.04439484126984127
4 0.14583333333333334 0.5404265873015873 0.12962962962962962 0.050595238095238096
0 0.5186838624338624 0.9005456349206349 0.1703042328042328 0.05257936507936508
4 0.4074074074074074 0.49987599206349204 0.12632275132275134 0.04836309523809524
4 0.3915343915343915 0.5658482142857143 0.12962962962962962 0.04985119047619048
4 0.19791666666666666 0.4126984126984127 0.12797619047619047 0.051587301587301584