3 0.9227843915343915 0.5205853174603174 0.06316137566137567 0.06448412698412699
4 0.2924933862433862 0.3869047619047619 0.07705026455026455 0.05257936507936508
3 0.7309854497354498 0.5385664682539683 0.06448412698412699 0.0642361111111111
3 0.8473875661375662 0.49528769841269843 0.06514550264550265 0.061507936507936505
3 0.8809523809523809 0.5963541666666666 0.06878306878306878 0.07018849206349206
3 0.7534722222222222 0.6480654761904762 0.07242063492063493 0.07291666666666667
3 0.8361441798941799 0.6793154761904762 0.07572751322751323 0.07787698412698413
3 0.6207010582010583 0.699156746031746 0.07275132275132275 0.07291666666666667
3 0.7847222222222222 0.7693452380952381 0.0787037037037037 0.0818452380952381
3 0.6780753968253969 0.6159474206349206 0.07043650793650794 0.06919642857142858
3 0.7000661375661376 0.734375 0.07407407407407407 0.07837301587301587
3 0.8022486772486772 0.5684523809523809 0.06812169312169312 0.06746031746031746
4 0.49520502645502645 0.6418650793650794 0.08895502645502645 0.041666666666666664
4 0.29133597883597884 0.5512152777777778 0.08994708994708994 0.058779761904761904
4 0.16534391534391535 0.48412698412698413 0.08531746031746032 0.05704365079365079
5 0.44229497354497355 0.7173859126984127 0.09490740740740741 0.07018849206349206
0 0.3900462962962963 0.6014384920634921 0.09821428571428571 0.047619047619047616
2 0.40128968253968256 0.5607638888888888 0.07705026455026455 0.041666666666666664
0 0.2698412698412698 0.667906746031746 0.10582010582010581 0.06646825396825397
1 0.36921296296296297 0.6564980158730159 0.05919312169312169 0.03670634920634921
4 0.41716269841269843 0.4460565476190476 0.08300264550264551 0.05530753968253968
1 0.46924603174603174 0.5075644841269841 0.046296296296296294 0.034970238095238096
3 0.5472005208333334 0.5556640625 0.07552083333333333 0.051544189453125
4 0.2548828125 0.419677734375 0.08601888020833333 0.055419921875
4 0.3330078125 0.51708984375 0.08235677083333333 0.058349609375
4 0.3779296875 0.48095703125 0.08585611979166667 0.057708740234375
4 0.119873046875 0.51708984375 0.08829752604166667 0.0615234375
4 0.21158854166666666 0.4501953125 0.08028157552083333 0.052032470703125