5 0.7290013227513228 0.44382440476190477 0.10615079365079365 0.09647817460317461
1 0.7873677248677249 0.5871775793650794 0.07341269841269842 0.07068452380952381
2 0.6304563492063492 0.6892361111111112 0.0710978835978836 0.09771825396825397
1 0.6635251322751323 0.5091765873015873 0.08630952380952381 0.05257936507936508
4 0.22007275132275134 0.785094246031746 0.17294973544973544 0.061755952380952384
0 0.8293650793650794 0.8523065476190477 0.1765873015873016 0.07118055555555555
4 0.49404761904761907 0.7730654761904762 0.15674603174603174 0.059027777777777776
4 0.48561507936507936 0.4773065476190476 0.1345899470899471 0.051835317460317464
4 0.4861111111111111 0.5416666666666666 0.1388888888888889 0.050595238095238096
4 0.490244708994709 0.6919642857142857 0.1531084656084656 0.057539682539682536
4 0.4887566137566138 0.6165674603174603 0.14616402116402116 0.05704365079365079
4 0.23958333333333334 0.6248759920634921 0.15773809523809523 0.060267857142857144
4 0.22933201058201058 0.7038690476190477 0.16435185185185186 0.06101190476190476
4 0.7971230158730159 0.6867559523809523 0.12466931216931217 0.08680555555555555
4 0.24586640211640212 0.5549355158730159 0.1531084656084656 0.054811507936507936
3 0.666005291005291 0.6101190476190477 0.12698412698412698 0.06498015873015874