3 0.351521164021164 0.5766369047619048 0.04365079365079365 0.06398809523809523
3 0.4267526455026455 0.5760168650793651 0.04133597883597884 0.06374007936507936
3 0.49834656084656087 0.5729166666666666 0.04034391534391534 0.06299603174603174
2 0.7961309523809523 0.9125744047619048 0.0539021164021164 0.06671626984126984
3 0.4895833333333333 0.34424603174603174 0.035383597883597885 0.056051587301587304
4 0.5259589947089947 0.8368055555555556 0.05853174603174603 0.0882936507936508
3 0.3559854497354497 0.41976686507936506 0.03736772486772487 0.05828373015873016
3 0.4236111111111111 0.49528769841269843 0.03902116402116402 0.061507936507936505
3 0.49206349206349204 0.4166666666666667 0.03835978835978836 0.05952380952380952
3 0.35383597883597884 0.4955357142857143 0.03968253968253968 0.06101190476190476
3 0.42228835978835977 0.3473462301587302 0.037037037037037035 0.057787698412698416
3 0.4234457671957672 0.41976686507936506 0.03736772486772487 0.058779761904761904
3 0.3568121693121693 0.3472222222222222 0.03571428571428571 0.057539682539682536
4 0.47172619047619047 0.6987847222222222 0.0539021164021164 0.07465277777777778
3 0.4948743386243386 0.4921875 0.03869047619047619 0.061755952380952384
4 0.25992063492063494 0.8206845238095238 0.05886243386243386 0.08333333333333333
4 0.34523809523809523 0.6927083333333334 0.05423280423280423 0.07490079365079365
5 0.6059854497354498 0.25322420634920634 0.08366402116402116 0.060515873015873016
5 0.7208994708994709 0.49429563492063494 0.08664021164021164 0.0689484126984127
4 0.2814153439153439 0.6876240079365079 0.046957671957671955 0.06919642857142858
5 0.6380621693121693 0.4992559523809524 0.08498677248677249 0.06597222222222222
5 0.6886574074074074 0.31212797619047616 0.08498677248677249 0.06125992063492063
0 0.8827711640211641 0.8115079365079365 0.040013227513227514 0.0882936507936508
4 0.4611441798941799 0.8322172619047619 0.054563492063492064 0.08556547619047619
4 0.41005291005291006 0.6960565476190477 0.05092592592592592 0.07415674603174603
0 0.8019179894179894 0.808655753968254 0.037698412698412696 0.08854166666666667
4 0.392526455026455 0.8293650793650794 0.05291005291005291 0.0818452380952381
5 0.6276455026455027 0.435515873015873 0.08333333333333333 0.06398809523809523
5 0.6982473544973545 0.36830357142857145 0.08101851851851852 0.061507936507936505
1 0.7179232804232805 0.6381448412698413 0.03835978835978836 0.044642857142857144
4 0.32490079365079366 0.8272569444444444 0.04861111111111111 0.078125
4 0.5337301587301587 0.7028769841269841 0.04828042328042328 0.0744047619047619
5 0.6238425925925926 0.3723958333333333 0.0796957671957672 0.06076388888888889
5 0.7076719576719577 0.43117559523809523 0.08465608465608465 0.06522817460317461
1 0.6481481481481481 0.6310763888888888 0.037037037037037035 0.04241071428571429
5 0.6121031746031746 0.3142361111111111 0.082010582010582 0.06299603174603174
5 0.6870039682539683 0.24987599206349206 0.0710978835978836 0.05084325396825397