4 0.2977843915343915 0.45597718253968256 0.105489417989418 0.041914682539682536
3 0.5372023809523809 0.7194940476190477 0.09027777777777778 0.06299603174603174
3 0.5854828042328042 0.7769097222222222 0.09623015873015874 0.06374007936507936
0 0.4793320105820106 0.5280257936507936 0.09358465608465609 0.061507936507936505
3 0.48743386243386244 0.6648065476190477 0.08664021164021164 0.05679563492063492
4 0.2867063492063492 0.40736607142857145 0.10119047619047619 0.040426587301587304
3 0.6415343915343915 0.6623263888888888 0.09259259259259259 0.06225198412698413
3 0.5947420634920635 0.6090029761904762 0.08697089947089948 0.057291666666666664
2 0.21478174603174602 0.7693452380952381 0.04662698412698413 0.06696428571428571
3 0.6979166666666666 0.5561755952380952 0.0882936507936508 0.05580357142857143
3 0.7445436507936508 0.6075148809523809 0.09490740740740741 0.061755952380952384
5 0.484292328042328 0.43427579365079366 0.09226190476190477 0.06696428571428571
3 0.7991071428571429 0.5054563492063492 0.08697089947089948 0.054563492063492064
3 0.8470568783068783 0.5556795634920635 0.09424603174603174 0.06125992063492063
3 0.7996031746031746 0.6619543650793651 0.09656084656084656 0.0625
4 0.12351190476190477 0.4324156746031746 0.1087962962962963 0.040426587301587304
3 0.6936177248677249 0.7177579365079365 0.09490740740740741 0.06299603174603174
4 0.14599867724867724 0.5744047619047619 0.10945767195767196 0.04265873015873016
5 0.8862433862433863 0.3570188492063492 0.09722222222222222 0.06274801587301587
4 0.15079365079365079 0.6242559523809523 0.11177248677248677 0.04265873015873016
1 0.26851851851851855 0.7527281746031746 0.04365079365079365 0.0496031746031746
4 0.13078703703703703 0.4791666666666667 0.10681216931216932 0.040674603174603176
4 0.3247354497354497 0.5961061507936508 0.10582010582010581 0.04092261904761905
1 0.3468915343915344 0.7449156746031746 0.04497354497354497 0.047867063492063495
5 0.7847222222222222 0.36160714285714285 0.09259259259259259 0.062003968253968256
5 0.6810515873015873 0.3681795634920635 0.09424603174603174 0.06125992063492063
3 0.9032738095238095 0.6078869047619048 0.09490740740740741 0.06001984126984127
4 0.31398809523809523 0.5481150793650794 0.10152116402116403 0.042162698412698416
4 0.30671296296296297 0.501984126984127 0.10482804232804233 0.04117063492063492
5 0.4834656084656085 0.3709077380952381 0.08994708994708994 0.06671626984126984
5 0.8950066137566137 0.42001488095238093 0.09821428571428571 0.06225198412698413
4 0.1380621693121693 0.5255456349206349 0.10747354497354497 0.040674603174603176
5 0.583994708994709 0.43191964285714285 0.08994708994708994 0.06374007936507936
5 0.580191798941799 0.36929563492063494 0.09292328042328042 0.06547619047619048
5 0.6886574074074074 0.42819940476190477 0.09226190476190477 0.06125992063492063
5 0.7915013227513228 0.42373511904761907 0.09093915343915344 0.06324404761904762
0 0.5305989583333334 0.57763671875 0.092041015625 0.0633544921875