5 0.5083085317460317 0.32481553819444436 0.06822180369543646 0.05773586697048613
3 0.16943359375 0.6552734375 0.046590169270833336 0.06964111328125
4 0.5302734375 0.4501953125 0.07499186197916667 0.043212890625
3 0.3292643229166667 0.40771484375 0.037068684895833336 0.05145263671875
3 0.3308919270833333 0.6455078125 0.042073567708333336 0.06756591796875
3 0.3307291666666667 0.5595703125 0.040974934895833336 0.0633544921875
3 0.2527669270833333 0.6513671875 0.044352213541666664 0.06915283203125
3 0.18391927083333334 0.4873046875 0.0411376953125 0.058990478515625
0 0.5963541666666666 0.54150390625 0.091552734375 0.056549072265625
3 0.2626953125 0.412109375 0.038716634114583336 0.05224609375
4 0.623046875 0.65283203125 0.08927408854166667 0.075439453125
4 0.681640625 0.80078125 0.097900390625 0.0889892578125
4 0.5670572916666666 0.68408203125 0.08341471354166667 0.07452392578125
3 0.17708333333333334 0.56689453125 0.044514973958333336 0.063720703125
3 0.5426432291666666 0.4853515625 0.08219401041666667 0.03662109375
3 0.3307291666666667 0.48095703125 0.040283203125 0.059661865234375
4 0.5104166666666666 0.716796875 0.08101399739583333 0.0775146484375
4 0.79296875 0.73291015625 0.09757486979166667 0.08416748046875
4 0.6272786458333334 0.83447265625 0.0745849609375 0.07574462890625
5 0.5709635416666666 0.51416015625 0.08780924479166667 0.058013916015625
3 0.2591145833333333 0.486328125 0.042073567708333336 0.05987548828125
4 0.6725260416666666 0.6220703125 0.087158203125 0.072265625
2 0.5426432291666666 0.59912109375 0.07132975260416667 0.044769287109375
4 0.736328125 0.765625 0.0966796875 0.086181640625
3 0.2556966145833333 0.56591796875 0.043863932291666664 0.06500244140625
4 0.8522135416666666 0.6962890625 0.0748291015625 0.06451416015625
1 0.6409505208333334 0.487060546875 0.062296549479166664 0.0309600830078125
5 0.4261067708333333 0.314453125 0.060791015625 0.05780029296875
5 0.3444010416666667 0.302001953125 0.061726888020833336 0.05889892578125
5 0.6829427083333334 0.333251953125 0.06636555989583333 0.05126953125
5 0.5794270833333334 0.3798828125 0.061726888020833336 0.054901123046875
1 0.4270833333333333 0.498291015625 0.038777669270833336 0.04400634765625
5 0.4069010416666667 0.3623046875 0.0596923828125 0.058135986328125
5 0.5979817708333334 0.333740234375 0.07014973958333333 0.059967041015625
5 0.671875 0.3857421875 0.06563313802083333 0.055206298828125
5 0.49609375 0.370361328125 0.054850260416666664 0.053009033203125
0 0.5081380208333334 0.54052734375 0.035400390625 0.07159423828125