3 0.43522156084656083 0.5268551587301588 0.07027116402116403 0.06781001984126984
3 0.37825396825396823 0.44433531746031746 0.0694973544973545 0.07238839285714285
3 0.36002645502645503 0.5566418650793651 0.07185846560846561 0.06878720238095239
3 0.625651455026455 0.6713864087301588 0.07014880952380952 0.07043402777777778
3 0.4752612433862434 0.7294915674603174 0.07173611111111111 0.06890873015873016
3 0.5504563492063492 0.6987301587301588 0.07185846560846561 0.07080109126984127
4 0.26953042328042326 0.6044915674603174 0.09936507936507936 0.05645833333333333
5 0.7565112433862434 0.5683606150793651 0.05033399470899471 0.07879712301587301
4 0.14990079365079365 0.7041021825396826 0.10375992063492064 0.05664186507936508
4 0.3024074074074074 0.6459970238095237 0.09936507936507936 0.06042410714285714
3 0.49186177248677254 0.6113293650793651 0.07145171957671957 0.06939732142857143
4 0.3346362433862434 0.6933606150793651 0.10001653439153439 0.05932539682539682
5 0.8880224867724869 0.7099603174603174 0.0507010582010582 0.08727926587301588
3 0.4166666666666667 0.6440426587301588 0.07132936507936508 0.0680530753968254
4 0.3971362433862434 0.7861334325396826 0.10205026455026456 0.06304811507936509
4 0.21044973544973544 0.7973635912698412 0.10506283068783068 0.058990575396825395
5 0.8326818783068783 0.52734375 0.06160383597883597 0.08361855158730158
3 0.5654298941798942 0.5839856150793651 0.06746362433862434 0.06793154761904761
1 0.6139318783068783 0.8217782738095237 0.051269841269841264 0.04949900793650794
4 0.3645833333333333 0.7416989087301588 0.09440145502645504 0.053802083333333334
4 0.7662764550264549 0.6938467261904763 0.07499338624338624 0.06304811507936509
4 0.18180224867724867 0.7524404761904763 0.10188822751322751 0.05966269841269841
5 0.6246759259259259 0.43481398809523814 0.053670634920634924 0.08209325396825397
5 0.7649735449735451 0.46386656746031746 0.05578703703703703 0.08465525793650794
5 0.6998710317460317 0.39306547619047616 0.05334325396825397 0.08105406746031746
0 0.7682308201058201 0.76953125 0.11165343915343914 0.05987599206349206
3 0.453125 0.41552827380952384 0.06901124338624338 0.06982390873015873
1 0.6861970899470899 0.7817385912698412 0.06229497354497354 0.03649801587301587
0 0.7630224867724869 0.8969717261904763 0.1264649470899471 0.06536954365079364
5 0.8235681216931217 0.6372073412698412 0.05395502645502646 0.08251984126984127
4 0.24300264550264553 0.8471676587301588 0.0987962962962963 0.05718998015873016
5 0.6848974867724869 0.5019543650793651 0.05090277777777778 0.0793452380952381
3 0.5084623015873015 0.5014657738095238 0.07043320105820106 0.07019097222222222
2 0.6067724867724869 0.7641592261904763 0.06648809523809524 0.057708333333333334
5 0.9010416666666666 0.5971676587301588 0.053465608465608466 0.08300843253968254
5 0.5602215608465608 0.8110342261904763 0.04984457671957672 0.08709821428571429
3 0.7897916666666667 0.7452876984126984 0.09369378306878307 0.050429067460317466