3 0.3336588541666667 0.429443359375 0.06575520833333333 0.07879638671875
3 0.3671875 0.324462890625 0.06978352864583333 0.0863037109375
0 0.4563802083333333 0.462890625 0.07470703125 0.1014404296875
3 0.23746744791666666 0.409423828125 0.07332356770833333 0.08331298828125
3 0.20524088541666666 0.5166015625 0.068115234375 0.07965087890625
0 0.5452473958333334 0.4755859375 0.07320149739583333 0.09722900390625
3 0.2705078125 0.30322265625 0.07307942708333333 0.08758544921875
3 0.208984375 0.1654052734375 0.07389322916666667 0.0948486328125
3 0.14029947916666666 0.391357421875 0.07002766927083333 0.0849609375
3 0.4055989583333333 0.2132568359375 0.0706787109375 0.08978271484375
3 0.17122395833333334 0.283203125 0.07694498697916667 0.091552734375
3 0.10579427083333333 0.497314453125 0.07307942708333333 0.08465576171875
5 0.88671875 0.54638671875 0.099365234375 0.07147216796875
3 0.2998046875 0.5302734375 0.070556640625 0.08154296875
5 0.7903645833333334 0.62451171875 0.09700520833333333 0.06396484375
3 0.3092447916666667 0.19091796875 0.07132975260416667 0.09075927734375
5 0.8723958333333334 0.62353515625 0.10636393229166667 0.07196044921875
2 0.673828125 0.470947265625 0.043131510416666664 0.06536865234375
5 0.7786458333333334 0.701171875 0.09171549479166667 0.06805419921875
4 0.443359375 0.6591796875 0.10408528645833333 0.05780029296875
4 0.6051432291666666 0.70361328125 0.10001627604166667 0.055816650390625
5 0.86328125 0.70458984375 0.09326171875 0.06549072265625
4 0.47265625 0.619140625 0.09423828125 0.0472412109375
4 0.4169921875 0.71044921875 0.08943684895833333 0.043365478515625
5 0.8014322916666666 0.54833984375 0.09513346354166667 0.06744384765625
5 0.9029947916666666 0.47021484375 0.103759765625 0.06646728515625
4 0.380859375 0.76318359375 0.08683268229166667 0.04132080078125
4 0.3515625 0.80908203125 0.09578450520833333 0.045440673828125
5 0.8177083333333334 0.46728515625 0.10042317708333333 0.071044921875
4 0.5751953125 0.76025390625 0.08943684895833333 0.043121337890625
4 0.5462239583333334 0.80615234375 0.090576171875 0.040008544921875
5 0.92578125 0.38818359375 0.10245768229166667 0.06683349609375
4 0.6399739583333334 0.6708984375 0.07499186197916667 0.036712646484375
1 0.22037760416666666 0.7294921875 0.07027180989583333 0.03326416015625
4 0.5198567708333334 0.85107421875 0.08683268229166667 0.04168701171875
1 0.24479166666666666 0.67822265625 0.0709228515625 0.0325927734375
5 0.8333333333333334 0.380859375 0.10481770833333333 0.07354736328125