3 0.5188802083333334 0.448486328125 0.053059895833333336 0.058441162109375
3 0.5859375 0.70654296875 0.056233723958333336 0.06512451171875
3 0.5413411458333334 0.6240234375 0.056315104166666664 0.06280517578125
3 0.6305338541666666 0.50146484375 0.053751627604166664 0.059112548828125
3 0.7239583333333334 0.6640625 0.05859375 0.06549072265625
3 0.451171875 0.46533203125 0.050333658854166664 0.057373046875
3 0.564453125 0.5234375 0.05517578125 0.059967041015625
3 0.4951171875 0.5439453125 0.05224609375 0.06109619140625
3 0.5872395833333334 0.42578125 0.053670247395833336 0.0574951171875
3 0.6764322916666666 0.58154296875 0.056966145833333336 0.06292724609375
3 0.6087239583333334 0.60205078125 0.05517578125 0.062225341796875
3 0.6539713541666666 0.6845703125 0.055704752604166664 0.06463623046875
0 0.31396484375 0.3310546875 0.054443359375 0.073974609375
0 0.3844401041666667 0.34423828125 0.054361979166666664 0.0751953125
5 0.84765625 0.393798828125 0.049479166666666664 0.07342529296875
5 0.7252604166666666 0.376953125 0.044108072916666664 0.0740966796875
4 0.3811848958333333 0.65966796875 0.092529296875 0.055938720703125
5 0.912109375 0.44775390625 0.046346028645833336 0.0765380859375
5 0.7278645833333334 0.2939453125 0.049601236979166664 0.0765380859375
4 0.2978515625 0.53271484375 0.08780924479166667 0.048309326171875
5 0.8483072916666666 0.483642578125 0.0491943359375 0.08050537109375
5 0.7877604166666666 0.3369140625 0.045654296875 0.070068359375
5 0.7838541666666666 0.431884765625 0.0482177734375 0.077392578125
5 0.6666666666666666 0.32568359375 0.044962565104166664 0.07183837890625
4 0.22998046875 0.720703125 0.09440104166666667 0.054107666015625
5 0.615234375 0.271484375 0.052083333333333336 0.07489013671875
1 0.4173177083333333 0.8798828125 0.044962565104166664 0.053314208984375
4 0.20589192708333334 0.67431640625 0.10188802083333333 0.06109619140625
4 0.17594401041666666 0.6328125 0.089111328125 0.053802490234375
5 0.6731770833333334 0.23974609375 0.0452880859375 0.070556640625
4 0.3509114583333333 0.61865234375 0.08650716145833333 0.050811767578125
4 0.150634765625 0.5888671875 0.09969075520833333 0.05645751953125
4 0.3264973958333333 0.5751953125 0.09391276041666667 0.055511474609375
2 0.76953125 0.5595703125 0.07120768229166667 0.027801513671875
1 0.48828125 0.859375 0.048828125 0.04681396484375
4 0.255859375 0.76171875 0.1044921875 0.06512451171875
4 0.4059244791666667 0.70458984375 0.08976236979166667 0.05340576171875