3 0.78515625 0.39794921875 0.08158365885416667 0.054901123046875
3 0.638671875 0.38671875 0.07792154947916667 0.054595947265625
3 0.7734375 0.54833984375 0.08085123697916667 0.05511474609375
3 0.5865885416666666 0.42822265625 0.0736083984375 0.052703857421875
3 0.6920572916666666 0.3408203125 0.07865397135416667 0.054595947265625
3 0.8255208333333334 0.5048828125 0.083251953125 0.056549072265625
3 0.4993489583333333 0.373291015625 0.07173665364583333 0.053192138671875
0 0.5188802083333334 0.8466796875 0.10172526041666667 0.079345703125
3 0.7317708333333334 0.444091796875 0.07893880208333333 0.05511474609375
3 0.6783854166666666 0.487060546875 0.07820638020833333 0.05633544921875
3 0.6022135416666666 0.285888671875 0.07637532552083333 0.0548095703125
4 0.3229166666666667 0.61083984375 0.049845377604166664 0.0709228515625
0 0.6285807291666666 0.78125 0.042317708333333336 0.09124755859375
4 0.5836588541666666 0.64697265625 0.08011881510416667 0.0504150390625
5 0.102783203125 0.52490234375 0.091064453125 0.05450439453125
4 0.25537109375 0.7470703125 0.0560302734375 0.08050537109375
5 0.3863932291666667 0.432373046875 0.08927408854166667 0.05419921875
3 0.673828125 0.59326171875 0.07706705729166667 0.0552978515625
1 0.5029296875 0.703125 0.058024088541666664 0.03656005859375
4 0.19108072916666666 0.6181640625 0.0491943359375 0.072265625
3 0.55078125 0.331787109375 0.07442220052083333 0.05511474609375
5 0.19970703125 0.51513671875 0.089599609375 0.05645751953125
5 0.30078125 0.5048828125 0.09611002604166667 0.05987548828125
4 0.2565104166666667 0.61376953125 0.042643229166666664 0.06964111328125
5 0.2900390625 0.4423828125 0.08927408854166667 0.05511474609375
5 0.197265625 0.453857421875 0.09220377604166667 0.058135986328125
5 0.392578125 0.49462890625 0.089111328125 0.0592041015625
4 0.3243815104166667 0.7421875 0.055582682291666664 0.08209228515625
4 0.3916015625 0.740234375 0.0576171875 0.080078125
5 0.4915364583333333 0.484619140625 0.08528645833333333 0.05645751953125
5 0.09912109375 0.46142578125 0.08797200520833333 0.054412841796875
4 0.118408203125 0.75341796875 0.0576171875 0.082275390625
2 0.7057291666666666 0.67236328125 0.052937825520833336 0.061981201171875
4 0.12296549479166667 0.62060546875 0.044881184895833336 0.070556640625
1 0.5696614583333334 0.56640625 0.05517578125 0.0369873046875
5 0.53125 0.64404296875 0.061726888020833336 0.07806396484375
4 0.18798828125 0.74951171875 0.050537109375 0.07904052734375