3 0.8252314814814815 0.8763640873015873 0.08498677248677249 0.07762896825396826
3 0.9490740740740741 0.8136160714285714 0.08796296296296297 0.0716765873015873
3 0.8090277777777778 0.7650049603174603 0.08300264550264551 0.06671626984126984
3 0.7390873015873016 0.6939484126984127 0.07473544973544974 0.0625
3 0.7334656084656085 0.6050347222222222 0.06481481481481481 0.054811507936507936
4 0.4626322751322751 0.8581349206349206 0.06944444444444445 0.0679563492063492
3 0.6450066137566137 0.8179563492063492 0.08630952380952381 0.04811507936507937
4 0.3872354497354497 0.6530257936507936 0.08267195767195767 0.03968253968253968
4 0.17724867724867724 0.7457837301587301 0.09193121693121693 0.04513888888888889
4 0.20552248677248677 0.7037450396825397 0.08961640211640212 0.04836309523809524
4 0.22949074074074075 0.6640625 0.08430886243386243 0.041230158730158735
3 0.8886706349206349 0.8461904761904763 0.08357804232804233 0.07434027777777778
4 0.2542328042328042 0.6279290674603174 0.08158399470899472 0.040007440476190474
3 0.5976554232804233 0.7236334325396826 0.07649801587301587 0.04168650793650794
4 0.3479828042328042 0.7348635912698412 0.08911044973544975 0.04321180555555555
4 0.3671891534391535 0.6933606150793651 0.08618055555555557 0.042814980158730157
3 0.7975264550264549 0.6699231150793651 0.06811507936507936 0.05877728174603175
3 0.8684887566137566 0.7368154761904763 0.07580687830687831 0.06359871031746032
3 0.7467460317460317 0.79296875 0.06721891534391534 0.0703125
4 0.1445304232804233 0.7885739087301588 0.09790013227513228 0.051361607142857146
3 0.6816402116402117 0.7167981150793651 0.06697751322751322 0.0629265873015873
4 0.5709623015873015 0.8061532738095237 0.035482804232804234 0.07019097222222222