5 0.2466931216931217 0.2275545634920635 0.08862433862433862 0.14112103174603174
2 0.29034391534391535 0.6331845238095238 0.09259259259259259 0.12450396825396826
4 0.3708664021164021 0.6099950396825397 0.08366402116402116 0.12822420634920634
0 0.25793650793650796 0.7306547619047619 0.2275132275132275 0.10119047619047619
3 0.2566137566137566 0.5002480158730159 0.13095238095238096 0.12202380952380952
3 0.43033730158730155 0.26293898809523814 0.0915542328042328 0.12988343253968254
3 0.46712301587301586 0.43383680555555554 0.09269179894179895 0.1352529761904762
3 0.5716137566137566 0.26538194444444446 0.09122685185185185 0.12634176587301588
3 0.703125 0.26147569444444446 0.0961111111111111 0.1246329365079365
3 0.7460945767195767 0.4201661706349206 0.10620039682539682 0.1378174603174603
3 0.5035813492063492 0.6152356150793651 0.10563161375661376 0.15234375
3 0.6520171957671957 0.6010739087301588 0.10945767195767196 0.14904761904761907
3 0.7910152116402117 0.5854489087301588 0.11002645502645504 0.14294394841269842
3 0.6123048941798942 0.43066468253968254 0.09985449735449735 0.13940476190476192
3 0.6985681216931217 0.7915029761904763 0.10351521164021163 0.15234375
3 0.547526455026455 0.8173834325396826 0.11002645502645504 0.16503968253968254
1 0.3356117724867725 0.47534226190476186 0.1071792328042328 0.09136904761904761
1 0.27994708994708994 0.3417981150793651 0.13330026455026456 0.07452380952380953