4 0.8580729166666666 0.685546875 0.12711588541666666 0.047515869140625
5 0.3746744791666667 0.313720703125 0.087646484375 0.06256103515625
5 0.2745768229166667 0.32080078125 0.0849609375 0.061981201171875
4 0.8483072916666666 0.626953125 0.12736002604166666 0.047698974609375
5 0.4752604166666667 0.376220703125 0.09041341145833333 0.06610107421875
4 0.6350911458333334 0.52490234375 0.11027018229166667 0.044525146484375
1 0.1787109375 0.6943359375 0.0631103515625 0.048858642578125
4 0.6298828125 0.471435546875 0.10872395833333333 0.04486083984375
5 0.4736328125 0.30908203125 0.09025065104166667 0.06658935546875
4 0.6409505208333334 0.5771484375 0.10986328125 0.0439453125
4 0.6546223958333334 0.69140625 0.11759440104166667 0.045257568359375
4 0.8372395833333334 0.5693359375 0.12556966145833334 0.046722412109375
3 0.3323567708333333 0.60595703125 0.09969075520833333 0.038970947265625
4 0.6477864583333334 0.63427734375 0.11344401041666667 0.046112060546875
3 0.3268229166666667 0.481201171875 0.09969075520833333 0.04010009765625
5 0.06746419270833333 0.384765625 0.087158203125 0.06732177734375
3 0.0745849609375 0.5009765625 0.09822591145833333 0.03802490234375
3 0.20166015625 0.61572265625 0.1005859375 0.0386962890625
3 0.4521484375 0.4716796875 0.10042317708333333 0.040008544921875
3 0.4593098958333333 0.53369140625 0.10099283854166667 0.040252685546875
3 0.4638671875 0.59716796875 0.1005859375 0.038909912109375
4 0.8216145833333334 0.460205078125 0.1201171875 0.0455322265625
3 0.19791666666666666 0.4921875 0.099853515625 0.038909912109375
3 0.3313802083333333 0.544921875 0.10335286458333333 0.039794921875
4 0.830078125 0.51513671875 0.12076822916666667 0.04595947265625
3 0.07808430989583333 0.5625 0.09806315104166667 0.0391845703125
5 0.16796875 0.3857421875 0.08561197916666667 0.0633544921875
3 0.20328776041666666 0.5546875 0.09912109375 0.038818359375
5 0.07706705729166667 0.321044921875 0.08894856770833333 0.06396484375
5 0.3684895833333333 0.379638671875 0.086181640625 0.06781005859375
1 0.10970052083333333 0.72412109375 0.06429036458333333 0.042877197265625
3 0.072265625 0.62353515625 0.0986328125 0.038238525390625
2 0.4108072916666667 0.7099609375 0.08085123697916667 0.058135986328125
5 0.17366536458333334 0.318603515625 0.0826416015625 0.06231689453125
0 0.3850911458333333 0.806640625 0.0517578125 0.09967041015625
5 0.27197265625 0.38525390625 0.09684244791666667 0.072265625
0 0.2947591145833333 0.79736328125 0.050537109375 0.0975341796875