4 0.812334656084656 0.716765873015873 0.12996031746031747 0.07936507936507936
5 0.47040343915343913 0.4976438492063492 0.10284391534391535 0.05233134920634921
4 0.5922619047619048 0.6784474206349206 0.1111111111111111 0.07316468253968254
0 0.38773148148148145 0.7604166666666666 0.10085978835978836 0.0882936507936508
1 0.12202380952380952 0.7235863095238095 0.0667989417989418 0.046875
1 0.46395502645502645 0.6743551587301587 0.06746031746031746 0.04365079365079365
4 0.5009920634920635 0.7827380952380952 0.1111111111111111 0.0763888888888889
5 0.8187830687830688 0.48722718253968256 0.1078042328042328 0.051835317460317464
4 0.6851851851851852 0.8838045634920635 0.13095238095238096 0.08655753968253968
5 0.7819113756613757 0.4296875 0.10218253968253968 0.044890873015873016
5 0.24818121693121692 0.8225446428571429 0.08564814814814815 0.0920138888888889
5 0.9255952380952381 0.46056547619047616 0.11177248677248677 0.04811507936507937
2 0.4021164021164021 0.5740327380952381 0.04431216931216931 0.06374007936507936
3 0.3005952380952381 0.5364583333333334 0.08134920634920635 0.059027777777777776
5 0.8865740740740741 0.39992559523809523 0.1111111111111111 0.045882936507936505
0 0.19378306878306878 0.6171875 0.11706349206349206 0.06076388888888889
5 0.7136243386243386 0.5172371031746031 0.10449735449735449 0.04985119047619048
5 0.5775462962962963 0.4773065476190476 0.09292328042328042 0.04538690476190476
5 0.6798941798941799 0.45622519841269843 0.0992063492063492 0.04141865079365079
4 0.31216931216931215 0.6443452380952381 0.047619047619047616 0.07539682539682539
5 0.6059854497354498 0.5396825396825397 0.103505291005291 0.05257936507936508
3 0.3671891534391535 0.34057539682539684 0.08797288359788359 0.04681299603174603
3 0.4736342592592592 0.3051760912698413 0.08219246031746032 0.04376240079365079
4 0.5458994708994709 0.7314459325396826 0.11328042328042329 0.07879712301587301
4 0.7272123015873017 0.8256845238095237 0.12825396825396826 0.08831845238095239
4 0.4485681216931217 0.8383779761904763 0.10969907407407407 0.08538938492063493
3 0.578776455026455 0.2712400793650794 0.08280423280423281 0.04400545634920635
4 0.7682308201058201 0.7714856150793651 0.1253240740740741 0.08331349206349206
4 0.6357407407407407 0.9462896825396826 0.13639219576719577 0.09466517857142857
3 0.40299603174603177 0.38647569444444446 0.08894841269841271 0.04492311507936508
3 0.5094411375661375 0.34838789682539684 0.08235780423280424 0.044097222222222225
3 0.6155588624338625 0.31372023809523814 0.08357804232804233 0.042876984126984125
3 0.6549470899470899 0.35449156746031746 0.08748346560846561 0.04370039682539682
3 0.5452480158730159 0.39160218253968254 0.08781084656084656 0.04434275793650794
3 0.71875 0.27832093253968254 0.08390211640211641 0.04248015873015873
3 0.43391865079365083 0.43066468253968254 0.08569444444444443 0.04428075396825397
3 0.7597652116402117 0.31738343253968254 0.0851223544973545 0.04263392857142857