3 0.4527994791666667 0.763671875 0.06429036458333333 0.07879638671875
3 0.3707682291666667 0.74169921875 0.06392415364583333 0.078369140625
3 0.4137369791666667 0.6435546875 0.062052408854166664 0.07794189453125
3 0.40625 0.86376953125 0.063720703125 0.07977294921875
3 0.5358072916666666 0.7890625 0.06404622395833333 0.0794677734375
5 0.150146484375 0.70849609375 0.12532552083333334 0.06964111328125
3 0.3250325520833333 0.8408203125 0.0634765625 0.0802001953125
3 0.5380859375 0.568359375 0.06551106770833333 0.07464599609375
3 0.4925130208333333 0.8916015625 0.06612141927083333 0.0830078125
3 0.5784505208333334 0.6875 0.06266276041666667 0.07861328125
3 0.49609375 0.6640625 0.06599934895833333 0.07781982421875
5 0.23177083333333334 0.47265625 0.105224609375 0.058441162109375
3 0.6204427083333334 0.5888671875 0.0634765625 0.076416015625
0 0.8092447916666666 0.751953125 0.123779296875 0.033599853515625
5 0.20279947916666666 0.814453125 0.12532552083333334 0.07421875
1 0.84765625 0.90966796875 0.07568359375 0.045013427734375
4 0.4752604166666667 0.388427734375 0.051106770833333336 0.07989501953125
4 0.404296875 0.260498046875 0.052449544270833336 0.08270263671875
4 0.6126302083333334 0.251953125 0.055582682291666664 0.086181640625
4 0.5432942708333334 0.388671875 0.0545654296875 0.0831298828125
5 0.11531575520833333 0.79296875 0.12939453125 0.07171630859375
5 0.17936197916666666 0.62890625 0.1220703125 0.06951904296875
4 0.5442708333333334 0.251220703125 0.041605631510416664 0.072509765625
1 0.8333333333333334 0.8427734375 0.07763671875 0.040985107421875
4 0.4713541666666667 0.254638671875 0.0411376953125 0.07171630859375
5 0.3224283854166667 0.48583984375 0.097900390625 0.0537109375
5 0.2682291666666667 0.64697265625 0.11588541666666667 0.06658935546875
5 0.20735677083333334 0.54736328125 0.10506184895833333 0.056243896484375
5 0.30078125 0.56591796875 0.1171875 0.06585693359375
4 0.40625 0.388427734375 0.052571614583333336 0.07891845703125
5 0.2421875 0.72705078125 0.11946614583333333 0.06768798828125
2 0.7454427083333334 0.6064453125 0.090087890625 0.0341796875
4 0.6881510416666666 0.382568359375 0.051106770833333336 0.0831298828125
3 0.4580078125 0.5458984375 0.06612141927083333 0.07501220703125
4 0.6790364583333334 0.2489013671875 0.0491943359375 0.08599853515625
4 0.6155598958333334 0.381591796875 0.044189453125 0.07196044921875
0 0.8046875 0.68017578125 0.12849934895833334 0.03436279296875