3 0.4010416666666667 0.43212890625 0.10245768229166667 0.0413818359375
3 0.12337239583333333 0.466796875 0.11287434895833333 0.04534912109375
3 0.2623697916666667 0.449462890625 0.10595703125 0.043365478515625
3 0.5338541666666666 0.415771484375 0.10115559895833333 0.042816162109375
5 0.810546875 0.389404296875 0.09513346354166667 0.093505859375
3 0.10774739583333333 0.39990234375 0.11027018229166667 0.044525146484375
5 0.71484375 0.41357421875 0.09073893229166667 0.09417724609375
4 0.3876953125 0.67724609375 0.0496826171875 0.07476806640625
4 0.21598307291666666 0.5537109375 0.07198079427083333 0.0849609375
3 0.091064453125 0.33251953125 0.11124674479166667 0.042022705078125
4 0.3636067708333333 0.537109375 0.07014973958333333 0.08587646484375
4 0.5048828125 0.5205078125 0.06551106770833333 0.08123779296875
4 0.5325520833333334 0.65966796875 0.045572916666666664 0.07208251953125
5 0.7838541666666666 0.5693359375 0.09285481770833333 0.09075927734375
3 0.24853515625 0.38427734375 0.10847981770833333 0.044677734375
3 0.3876953125 0.36865234375 0.10791015625 0.04327392578125
4 0.43359375 0.529296875 0.049031575520833336 0.07275390625
2 0.12117513020833333 0.62109375 0.062052408854166664 0.06524658203125
4 0.4638671875 0.6640625 0.06636555989583333 0.0850830078125
4 0.2470703125 0.69384765625 0.06978352864583333 0.08929443359375
0 0.4091796875 0.89208984375 0.13427734375 0.047149658203125
3 0.5029296875 0.285888671875 0.11002604166666667 0.045684814453125
4 0.3191731770833333 0.68115234375 0.067626953125 0.0872802734375
3 0.5166015625 0.352783203125 0.10319010416666667 0.045684814453125
5 0.77734375 0.306884765625 0.09073893229166667 0.0938720703125
5 0.7513020833333334 0.494140625 0.09187825520833333 0.09185791015625
4 0.2882486979166667 0.544921875 0.07173665364583333 0.08416748046875
5 0.8444010416666666 0.471435546875 0.09326171875 0.09234619140625
5 0.685546875 0.333740234375 0.0682373046875 0.08197021484375
5 0.9186197916666666 0.6279296875 0.07938639322916667 0.07965087890625
3 0.3675130208333333 0.301513671875 0.103759765625 0.04046630859375
0 0.4215494791666667 0.82373046875 0.11490885416666667 0.03643798828125
5 0.8235677083333334 0.6484375 0.08699544270833333 0.090087890625
1 0.7141927083333334 0.82958984375 0.06734212239583333 0.034820556640625
3 0.23177083333333334 0.317626953125 0.10888671875 0.04132080078125
5 0.8795572916666666 0.54541015625 0.09025065104166667 0.08758544921875
1 0.7057291666666666 0.77880859375 0.070556640625 0.0341796875