3 0.4303385416666667 0.62109375 0.050252278645833336 0.078369140625
3 0.5133463541666666 0.5126953125 0.050618489583333336 0.0792236328125
3 0.5947265625 0.39892578125 0.051595052083333336 0.08331298828125
3 0.4069010416666667 0.408935546875 0.0517578125 0.08209228515625
3 0.4410807291666667 0.720703125 0.047932942708333336 0.0751953125
3 0.603515625 0.50732421875 0.0513916015625 0.07989501953125
3 0.6116536458333334 0.6123046875 0.050537109375 0.07879638671875
3 0.5309244791666666 0.71630859375 0.046956380208333336 0.07879638671875
3 0.5227864583333334 0.6142578125 0.04931640625 0.07781982421875
3 0.4990234375 0.40478515625 0.0517578125 0.082275390625
3 0.4195963541666667 0.51708984375 0.052083333333333336 0.0802001953125
5 0.802734375 0.200927734375 0.10205078125 0.0975341796875
3 0.6188151041666666 0.712890625 0.050130208333333336 0.07989501953125
4 0.2775065104166667 0.56005859375 0.11865234375 0.045684814453125
4 0.2794596354166667 0.61328125 0.11385091145833333 0.04400634765625
5 0.7194010416666666 0.311767578125 0.09073893229166667 0.08740234375
4 0.07267252604166667 0.447265625 0.1240234375 0.044525146484375
4 0.09391276041666667 0.67333984375 0.1259765625 0.043853759765625
4 0.088623046875 0.560546875 0.124267578125 0.044097900390625
0 0.5146484375 0.2215576171875 0.11344401041666667 0.097900390625
4 0.2705078125 0.443359375 0.12312825520833333 0.044677734375
5 0.78515625 0.58154296875 0.092041015625 0.08819580078125
5 0.8893229166666666 0.56689453125 0.094970703125 0.0830078125
0 0.4371744791666667 0.1759033203125 0.11181640625 0.1014404296875
4 0.2750651041666667 0.50244140625 0.11946614583333333 0.046539306640625
4 0.283203125 0.67041015625 0.11588541666666667 0.044677734375
5 0.841796875 0.38818359375 0.10294596354166667 0.0831298828125
4 0.07320149739583333 0.50830078125 0.11246744791666667 0.036712646484375
5 0.7389322916666666 0.404541015625 0.09073893229166667 0.0836181640625
5 0.8216145833333334 0.296142578125 0.10481770833333333 0.0869140625
5 0.76171875 0.493896484375 0.09309895833333333 0.08062744140625
5 0.865234375 0.47705078125 0.10115559895833333 0.08135986328125
4 0.08943684895833333 0.62109375 0.1240234375 0.04083251953125
2 0.68359375 0.63330078125 0.033894856770833336 0.06817626953125
5 0.69140625 0.2144775390625 0.08341471354166667 0.09466552734375
1 0.373046875 0.8251953125 0.045654296875 0.05718994140625
1 0.2936197916666667 0.82421875 0.047932942708333336 0.052825927734375