3 0.2843424479166667 0.64208984375 0.07267252604166667 0.051666259765625
3 0.23518880208333334 0.68408203125 0.07161458333333333 0.0509033203125
3 0.2506510416666667 0.546875 0.0704345703125 0.048126220703125
3 0.15706380208333334 0.6279296875 0.07145182291666667 0.052337646484375
3 0.3155924479166667 0.74169921875 0.0736083984375 0.054290771484375
5 0.5345052083333334 0.400390625 0.095458984375 0.033905029296875
3 0.0799560546875 0.57177734375 0.07014973958333333 0.0496826171875
3 0.13004557291666666 0.53173828125 0.0736083984375 0.0482177734375
3 0.16975911458333334 0.4931640625 0.07320149739583333 0.044921875
2 0.3688151041666667 0.438232421875 0.06990559895833333 0.036224365234375
5 0.599609375 0.439208984375 0.10563151041666667 0.03839111328125
4 0.6604817708333334 0.71435546875 0.0819091796875 0.06658935546875
3 0.20686848958333334 0.58740234375 0.07161458333333333 0.050048828125
3 0.3307291666666667 0.6025390625 0.07185872395833333 0.05072021484375
5 0.5921223958333334 0.3466796875 0.09529622395833333 0.0283355712890625
1 0.4303385416666667 0.322998046875 0.054850260416666664 0.024932861328125
5 0.4755859375 0.456298828125 0.089111328125 0.034942626953125
3 0.3662109375 0.6962890625 0.07625325520833333 0.054595947265625
5 0.53515625 0.493408203125 0.10148111979166667 0.03753662109375
5 0.6533203125 0.38134765625 0.103515625 0.035491943359375
3 0.4088541666666667 0.65771484375 0.061971028645833336 0.05224609375
5 0.71484375 0.32568359375 0.0986328125 0.030670166015625
4 0.5651041666666666 0.6162109375 0.07881673177083333 0.06585693359375
1 0.4186197916666667 0.3701171875 0.057698567708333336 0.027587890625
0 0.20263671875 0.449951171875 0.08943684895833333 0.062225341796875
4 0.6129557291666666 0.5888671875 0.08341471354166667 0.0640869140625
4 0.7102864583333334 0.68603515625 0.08650716145833333 0.06707763671875
5 0.6526692708333334 0.28759765625 0.10074869791666667 0.037322998046875
5 0.7115885416666666 0.23193359375 0.10074869791666667 0.036895751953125
4 0.7643229166666666 0.5048828125 0.08414713541666667 0.06439208984375
4 0.7102864583333334 0.53466796875 0.081298828125 0.06427001953125
5 0.7760416666666666 0.26806640625 0.10319010416666667 0.03643798828125
4 0.7591145833333334 0.658203125 0.08296712239583333 0.06744384765625
4 0.8151041666666666 0.62841796875 0.08528645833333333 0.06903076171875
4 0.8658854166666666 0.60205078125 0.085693359375 0.06982421875
0 0.2529296875 0.409423828125 0.090087890625 0.0631103515625
4 0.6617838541666666 0.56005859375 0.0799560546875 0.0640869140625