5 0.3148148148148148 0.3645833333333333 0.08928571428571429 0.125
0 0.2447089947089947 0.7898065476190477 0.16865079365079366 0.09499007936507936
1 0.3210978835978836 0.46651785714285715 0.09523809523809523 0.052083333333333336
2 0.28422619047619047 0.7093253968253969 0.06117724867724868 0.10466269841269842
1 0.34209656084656087 0.5833333333333334 0.0763888888888889 0.0798611111111111
4 0.34738756613756616 0.6948164682539683 0.06712962962962964 0.12028769841269842
3 0.6155588624338625 0.7163095238095237 0.09562169312169314 0.13940476190476192
3 0.4635416666666667 0.71484375 0.0910648148148148 0.1370858134920635
3 0.28401785714285716 0.6020510912698412 0.09968915343915344 0.11126736111111112
3 0.7688789682539683 0.7182614087301588 0.10099206349206348 0.1434325396825397
3 0.6106779100529101 0.5483407738095237 0.09285383597883598 0.1313467261904762
3 0.6044907407407407 0.39160218253968254 0.07373015873015873 0.11920138888888888
3 0.7545568783068783 0.5458978174603174 0.08146164021164021 0.1274404761904762
3 0.46516865079365083 0.3923338293650794 0.06734126984126984 0.11499007936507936
3 0.46484457671957674 0.5483407738095237 0.0899239417989418 0.12914930555555557
3 0.7441402116402117 0.38183531746031746 0.07820767195767196 0.12213045634920636
3 0.6178373015873015 0.8979489087301588 0.09773809523809524 0.1573487103174603
3 0.46028769841269845 0.8964856150793651 0.09440145502645504 0.1547842261904762