5 0.22503306878306878 0.30344742063492064 0.08564814814814815 0.15302579365079366
2 0.2857142857142857 0.7158978174603174 0.09193121693121693 0.12078373015873016
0 0.25727513227513227 0.8148561507936508 0.20899470899470898 0.07713293650793651
4 0.35615079365079366 0.685515873015873 0.08531746031746032 0.12996031746031747
3 0.24818121693121692 0.5892857142857143 0.1292989417989418 0.12450396825396826
3 0.7753902116402117 0.6450198412698412 0.1057936507936508 0.1434325396825397
3 0.5315740740740741 0.8793948412698412 0.10026124338624338 0.1538095238095238
1 0.32194113756613757 0.5590823412698412 0.1043287037037037 0.08599950396825397
3 0.6770833333333334 0.8466790674603174 0.10115410052910052 0.1480704365079365
3 0.5621759259259259 0.32275297619047616 0.08943783068783068 0.13232390873015873
3 0.7350264550264549 0.4765625 0.10791005291005291 0.13891617063492065
3 0.49121031746031746 0.6889657738095237 0.09985449735449735 0.14514136904761907
3 0.6998710317460317 0.30932539682539684 0.093260582010582 0.12683035714285715
3 0.6396494708994709 0.6665029761904763 0.1007473544973545 0.14270089285714285
3 0.41471230158730155 0.3303224206349206 0.09700396825396825 0.13867311507936508
3 0.5976554232804233 0.4926760912698413 0.10620039682539682 0.13964781746031746
3 0.44563822751322746 0.5058606150793651 0.11368716931216932 0.1409920634920635
1 0.2620436507936508 0.4262698412698413 0.12849867724867725 0.07122767857142857