3 0.10693359375 0.400634765625 0.08028157552083333 0.049041748046875
3 0.3714192708333333 0.267333984375 0.07267252604166667 0.0469970703125
3 0.4104817708333333 0.302490234375 0.072265625 0.04742431640625
3 0.32373046875 0.346435546875 0.0745849609375 0.046905517578125
3 0.19759114583333334 0.35498046875 0.07820638020833333 0.04803466796875
3 0.4488932291666667 0.33544921875 0.07539876302083333 0.04876708984375
0 0.5904947916666666 0.76220703125 0.08056640625 0.0894775390625
3 0.23600260416666666 0.393310546875 0.0775146484375 0.048675537109375
4 0.6380208333333334 0.42724609375 0.08748372395833333 0.05145263671875
3 0.2711588541666667 0.4296875 0.07763671875 0.047698974609375
0 0.5166015625 0.73193359375 0.078369140625 0.08465576171875
3 0.14200846354166666 0.439697265625 0.0767822265625 0.049591064453125
5 0.3087565104166667 0.509765625 0.10595703125 0.053009033203125
2 0.3968098958333333 0.71044921875 0.049112955729166664 0.0618896484375
4 0.7096354166666666 0.5615234375 0.091064453125 0.059967041015625
3 0.2859700520833333 0.310791015625 0.07470703125 0.046905517578125
3 0.17789713541666666 0.4794921875 0.07967122395833333 0.046295166015625
5 0.3854166666666667 0.52685546875 0.1005859375 0.05242919921875
5 0.27294921875 0.5771484375 0.11181640625 0.054901123046875
4 0.6077473958333334 0.460693359375 0.09171549479166667 0.05572509765625
5 0.23356119791666666 0.8251953125 0.12687174479166666 0.06707763671875
3 0.3636067708333333 0.3818359375 0.0745849609375 0.0489501953125
4 0.67578125 0.59912109375 0.09073893229166667 0.05987548828125
5 0.2810872395833333 0.7412109375 0.11800130208333333 0.059661865234375
1 0.869140625 0.57666015625 0.056111653645833336 0.0352783203125
4 0.775390625 0.48388671875 0.09285481770833333 0.057708740234375
5 0.14990234375 0.80029296875 0.12825520833333334 0.06524658203125
4 0.7408854166666666 0.52197265625 0.09025065104166667 0.05889892578125
5 0.3528645833333333 0.59521484375 0.11027018229166667 0.05718994140625
4 0.5755208333333334 0.4970703125 0.09122721354166667 0.059326171875
5 0.23746744791666666 0.646484375 0.09440104166666667 0.04876708984375
4 0.5403645833333334 0.53515625 0.08927408854166667 0.058349609375
5 0.19954427083333334 0.71923828125 0.11905924479166667 0.057708740234375
4 0.501953125 0.57080078125 0.085693359375 0.059539794921875
4 0.6468098958333334 0.6357421875 0.099365234375 0.059661865234375
5 0.3160807291666667 0.6669921875 0.09757486979166667 0.049407958984375
1 0.8326822916666666 0.61767578125 0.058146158854166664 0.0316162109375