5 0.22023809523809523 0.5524553571428571 0.10052910052910052 0.10193452380952381
4 0.5557208994708994 0.6598462301587301 0.11408730158730158 0.10540674603174603
4 0.37665343915343913 0.6178075396825397 0.1078042328042328 0.07787698412698413
3 0.4332010582010582 0.49330357142857145 0.10582010582010581 0.06498015873015874
2 0.5385251322751323 0.5354662698412699 0.08366402116402116 0.0744047619047619
4 0.7913359788359788 0.7827380952380952 0.13558201058201058 0.12003968253968254
1 0.12020502645502645 0.605406746031746 0.08300264550264551 0.054563492063492064
0 0.3343253968253968 0.4351438492063492 0.07407407407407407 0.10094246031746032
4 0.3869047619047619 0.7445436507936508 0.09722222222222222 0.09771825396825397
4 0.6226851851851852 0.8816964285714286 0.11243386243386243 0.10962301587301587
1 0.07721560846560846 0.7003968253968254 0.08895502645502645 0.043154761904761904
0 0.15393518518518517 0.6969246031746031 0.06183862433862434 0.11359126984126984
3 0.8606779100529101 0.49072172619047616 0.13663690476190476 0.06164434523809524
3 0.49186177248677254 0.24133184523809523 0.10538690476190476 0.05310019841269841
4 0.47037698412698414 0.703125 0.11385251322751323 0.10650545634920636
3 0.6894543650793651 0.44409226190476186 0.11108465608465609 0.05835069444444445
4 0.6357407407407407 0.6186532738095237 0.12101190476190476 0.10107390873015873
3 0.44987103174603177 0.3012698412698413 0.1043287037037037 0.05358878968253968
3 0.6276058201058201 0.2768551587301587 0.10807208994708994 0.05602926587301587
4 0.5374338624338625 0.9321279761904763 0.10677248677248677 0.11260912698412699
3 0.7721362433862434 0.31494047619047616 0.11466600529100529 0.057921626984126985
3 0.8958333333333334 0.42480406746031746 0.13142857142857142 0.06396577380952381
4 0.7063789682539683 0.8344717261904763 0.11246693121693123 0.12359623015873016
3 0.5439451058201058 0.40136656746031746 0.11246693121693123 0.05822668650793651
3 0.5882175925925925 0.33886656746031746 0.10969907407407407 0.05529761904761905
4 0.8854166666666666 0.7412103174603174 0.11735119047619048 0.10302827380952381
3 0.7337235449735451 0.38012648809523814 0.11287367724867724 0.05780009920634921
3 0.40234457671957674 0.3615724206349206 0.10522486772486772 0.054595734126984125