5 0.22999338624338625 0.3940972222222222 0.13128306878306878 0.10615079365079365
4 0.6774140211640212 0.5261656746031746 0.11408730158730158 0.11185515873015874
4 0.7962962962962963 0.7177579365079365 0.08597883597883597 0.10416666666666667
4 0.6947751322751323 0.7496279761904762 0.09391534391534391 0.10143849206349206
2 0.62119708994709 0.3974454365079365 0.09623015873015874 0.09151785714285714
4 0.6008597883597884 0.7783978174603174 0.09126984126984126 0.09697420634920635
4 0.3880621693121693 0.6285962301587301 0.09358465608465609 0.09796626984126984
0 0.41633597883597884 0.171875 0.08994708994708994 0.13938492063492064
0 0.1506283068783069 0.5450148809523809 0.06712962962962964 0.11532738095238096
4 0.5833333333333334 0.5608878968253969 0.09259259259259259 0.10094246031746032
4 0.5109126984126984 0.808655753968254 0.08862433862433862 0.09449404761904762
4 0.8984788359788359 0.6929563492063492 0.09722222222222222 0.0992063492063492
1 0.1099537037037037 0.4439484126984127 0.08895502645502645 0.05406746031746032
1 0.06944444444444445 0.5445188492063492 0.09060846560846561 0.03993055555555555
4 0.4799933862433862 0.5952380952380952 0.08763227513227513 0.0992063492063492
4 0.3738425925925926 0.48995535714285715 0.13723544973544974 0.047371031746031744
3 0.3310548941798942 0.42724702380952384 0.1427414021164021 0.059538690476190474