4 0.6894531249999999 0.6260178984788358 0.09529622395833344 0.02805453507357797
5 0.5263671875 0.351318359375 0.08390299479166667 0.08251953125
3 0.3603515625 0.54833984375 0.060709635416666664 0.059417724609375
0 0.3512369791666667 0.86083984375 0.10099283854166667 0.0618896484375
5 0.4873046875 0.50537109375 0.08280436197916667 0.07861328125
3 0.4163411458333333 0.626953125 0.063720703125 0.06231689453125
3 0.2548828125 0.394287109375 0.060017903645833336 0.060089111328125
3 0.23893229166666666 0.497802734375 0.0638427734375 0.06304931640625
1 0.3248697916666667 0.7529296875 0.0560302734375 0.04132080078125
5 0.5481770833333334 0.422607421875 0.08528645833333333 0.07965087890625
5 0.443359375 0.3671875 0.08414713541666667 0.07965087890625
3 0.16829427083333334 0.5234375 0.061604817708333336 0.06427001953125
3 0.22037760416666666 0.6015625 0.0628662109375 0.06427001953125
5 0.4658203125 0.435546875 0.08463541666666667 0.078369140625
3 0.3084309895833333 0.4716796875 0.06392415364583333 0.061767578125
4 0.7291666666666666 0.83056640625 0.09269205729166667 0.033203125
5 0.5725911458333334 0.49365234375 0.088134765625 0.0782470703125
5 0.5139973958333334 0.5703125 0.08341471354166667 0.07501220703125
4 0.8671875 0.6103515625 0.10099283854166667 0.033203125
4 0.7115885416666666 0.72509765625 0.09757486979166667 0.0374755859375
5 0.4993489583333333 0.27880859375 0.06925455729166667 0.070556640625
3 0.18831380208333334 0.419677734375 0.061604817708333336 0.0616455078125
3 0.3479817708333333 0.65283203125 0.06266276041666667 0.061431884765625
3 0.2942708333333333 0.5751953125 0.06298828125 0.062225341796875
2 0.3974609375 0.751953125 0.07865397135416667 0.0318603515625
4 0.8776041666666666 0.65771484375 0.11490885416666667 0.044677734375
5 0.4195963541666667 0.294677734375 0.08146158854166667 0.0831298828125
4 0.72265625 0.77392578125 0.105224609375 0.047088623046875
4 0.8880208333333334 0.71630859375 0.1005859375 0.0325927734375
3 0.5540364583333334 0.755859375 0.08447265625 0.033599853515625
4 0.49609375 0.71875 0.07499186197916667 0.047943115234375
3 0.275390625 0.6796875 0.06746419270833333 0.06243896484375
4 0.9016927083333334 0.76220703125 0.11572265625 0.04559326171875
1 0.5559895833333334 0.658203125 0.054646809895833336 0.034881591796875
5 0.5865885416666666 0.87841796875 0.10099283854166667 0.046630859375
0 0.16927083333333334 0.7431640625 0.06266276041666667 0.091064453125
4 0.7024739583333334 0.673828125 0.10172526041666667 0.044586181640625