4 0.1724537037037037 0.7390873015873016 0.14054232804232805 0.07291666666666667
1 0.8318452380952381 0.5576636904761905 0.06183862433862434 0.06473214285714286
4 0.7781084656084656 0.6753472222222222 0.10912698412698413 0.06398809523809523
0 0.6402116402116402 0.8064236111111112 0.12301587301587301 0.07911706349206349
2 0.5401785714285714 0.6700148809523809 0.07175925925925926 0.078125
5 0.6870039682539683 0.45523313492063494 0.08763227513227513 0.10143849206349206
1 0.5406746031746031 0.498015873015873 0.08465608465608465 0.03968253968253968
4 0.38078703703703703 0.6793154761904762 0.12202380952380952 0.06398809523809523
4 0.345734126984127 0.6174355158730159 0.11871693121693122 0.060267857142857144
4 0.2706679894179894 0.49032738095238093 0.1207010582010582 0.062003968253968256
4 0.23677248677248677 0.42844742063492064 0.11838624338624339 0.06225198412698413
4 0.1013558201058201 0.6149553571428571 0.12797619047619047 0.0642361111111111
4 0.3101851851851852 0.5545634920634921 0.12037037037037036 0.06001984126984127
4 0.06299603174603174 0.5559275793650794 0.11541005291005291 0.06076388888888889
3 0.6461588541666666 0.5595703125 0.121826171875 0.049774169921875
4 0.13736979166666666 0.67822265625 0.14371744791666666 0.07421875