4 0.5413359788359788 0.8055555555555556 0.10383597883597884 0.10962301587301587
2 0.4522156084656085 0.7488839285714286 0.07903439153439154 0.1039186507936508
1 0.658234126984127 0.7442956349206349 0.08035714285714286 0.07192460317460317
0 0.3629298941798942 0.9203869047619048 0.1636904761904762 0.11805555555555555
4 0.1671626984126984 0.4636656746031746 0.12665343915343916 0.09300595238095238
4 0.2984457671957672 0.6538938492063492 0.1378968253968254 0.10044642857142858
4 0.31977513227513227 0.36495535714285715 0.12169312169312169 0.08953373015873016
5 0.8052248677248677 0.6201636904761905 0.0701058201058201 0.11235119047619048
4 0.5132275132275133 0.48152281746031744 0.10978835978835978 0.08606150793650794
1 0.6820436507936508 0.6150793650793651 0.09292328042328042 0.04861111111111111
4 0.3769543650793651 0.5957043650793651 0.13142857142857142 0.08898809523809524
4 0.08374007936507936 0.5122073412698412 0.13289351851851852 0.08660962301587301
3 0.5651058201058201 0.6738293650793651 0.08447420634920634 0.11084077380952381
4 0.4453141534391535 0.5390625 0.14526455026455026 0.10107390873015873
4 0.2509755291005291 0.41015625 0.12207010582010581 0.08679315476190476
4 0.5712896825396825 0.43627976190476186 0.13712632275132275 0.09448164682539682