3 0.07779947916666667 0.6103515625 0.058797200520833336 0.08660888671875
5 0.6809895833333334 0.76171875 0.103515625 0.06500244140625
3 0.07820638020833333 0.72021484375 0.061482747395833336 0.08831787109375
5 0.548828125 0.7021484375 0.11824544270833333 0.07586669921875
3 0.2784830729166667 0.81689453125 0.051472981770833336 0.08270263671875
5 0.775390625 0.6748046875 0.10148111979166667 0.061431884765625
0 0.7356770833333334 0.60791015625 0.118408203125 0.047332763671875
4 0.5315755208333334 0.38427734375 0.0635986328125 0.090576171875
4 0.4563802083333333 0.3876953125 0.06563313802083333 0.0894775390625
4 0.6692708333333334 0.229736328125 0.06648763020833333 0.09271240234375
4 0.6822916666666666 0.376708984375 0.06612141927083333 0.089111328125
2 0.7272135416666666 0.50732421875 0.07145182291666667 0.05706787109375
5 0.5651041666666666 0.77734375 0.1201171875 0.0775146484375
4 0.5169270833333334 0.2337646484375 0.063720703125 0.09271240234375
3 0.18001302083333334 0.494384765625 0.0523681640625 0.08154296875
3 0.18326822916666666 0.82275390625 0.054361979166666664 0.08477783203125
4 0.6077473958333334 0.3818359375 0.0638427734375 0.08978271484375
0 0.5823567708333334 0.53564453125 0.07499186197916667 0.0885009765625
4 0.4381510416666667 0.23681640625 0.06563313802083333 0.09368896484375
3 0.081298828125 0.8310546875 0.056966145833333336 0.0863037109375
3 0.2745768229166667 0.494384765625 0.050699869791666664 0.08062744140625
4 0.7565104166666666 0.372314453125 0.06599934895833333 0.087890625
4 0.5940755208333334 0.2325439453125 0.0631103515625 0.09320068359375
4 0.5481770833333334 0.61669921875 0.06746419270833333 0.07586669921875
1 0.6380208333333334 0.62255859375 0.0709228515625 0.05108642578125
5 0.4303385416666667 0.72314453125 0.1201171875 0.07720947265625
5 0.890625 0.72314453125 0.11905924479166667 0.0753173828125
3 0.4485677083333333 0.5712890625 0.07735188802083333 0.07183837890625
5 0.78125 0.7392578125 0.11678059895833333 0.076416015625
1 0.4065755208333333 0.63134765625 0.07002766927083333 0.03521728515625
3 0.27880859375 0.70947265625 0.05517578125 0.08404541015625
5 0.6614583333333334 0.68505859375 0.11800130208333333 0.07501220703125
3 0.18017578125 0.60498046875 0.05859375 0.0836181640625
5 0.7805989583333334 0.462646484375 0.102783203125 0.061187744140625
5 0.8854166666666666 0.65771484375 0.10262044270833333 0.06292724609375
3 0.18326822916666666 0.712890625 0.060139973958333336 0.08465576171875
3 0.2784830729166667 0.6025390625 0.0594482421875 0.08599853515625