3 0.734375 0.41552734375 0.07954915364583333 0.04327392578125
3 0.7063802083333334 0.4580078125 0.0791015625 0.042877197265625
3 0.5130208333333334 0.392578125 0.07161458333333333 0.04327392578125
3 0.5794270833333334 0.465087890625 0.0775146484375 0.042083740234375
3 0.7825520833333334 0.53759765625 0.083740234375 0.0439453125
3 0.8346354166666666 0.44970703125 0.083740234375 0.045196533203125
3 0.607421875 0.42431640625 0.07527669270833333 0.04193115234375
1 0.5439453125 0.5419921875 0.053059895833333336 0.032958984375
4 0.6588541666666666 0.6533203125 0.0596923828125 0.057373046875
3 0.5442708333333334 0.3515625 0.07185872395833333 0.041839599609375
5 0.8001302083333334 0.8017578125 0.11946614583333333 0.056854248046875
3 0.80859375 0.49267578125 0.083740234375 0.043701171875
3 0.6389973958333334 0.38427734375 0.07779947916666667 0.043212890625
1 0.791015625 0.6103515625 0.06575520833333333 0.0316162109375
5 0.7552083333333334 0.73828125 0.11263020833333333 0.050140380859375
5 0.70703125 0.8359375 0.11588541666666667 0.060089111328125
5 0.5729166666666666 0.80810546875 0.11043294270833333 0.0567626953125
5 0.6705729166666666 0.77294921875 0.10888671875 0.05389404296875
4 0.16650390625 0.6025390625 0.0745849609375 0.0638427734375
4 0.21761067708333334 0.5732421875 0.0792236328125 0.063720703125
3 0.6770833333333334 0.5009765625 0.07763671875 0.0439453125
5 0.5162760416666666 0.91259765625 0.1142578125 0.0633544921875
5 0.8951822916666666 0.7685546875 0.123779296875 0.054412841796875
5 0.4772135416666667 0.84423828125 0.1044921875 0.055816650390625
0 0.46484375 0.70947265625 0.090576171875 0.0369873046875
3 0.5882161458333334 0.61962890625 0.08251953125 0.03338623046875
4 0.2654622395833333 0.54443359375 0.07539876302083333 0.05987548828125
4 0.3567708333333333 0.6328125 0.07625325520833333 0.062225341796875
4 0.3084309895833333 0.6630859375 0.07967122395833333 0.06610107421875
4 0.3111979166666667 0.51708984375 0.07666015625 0.059326171875
2 0.3990885416666667 0.68359375 0.06925455729166667 0.048583984375
0 0.5911458333333334 0.70849609375 0.11067708333333333 0.038177490234375
5 0.6126302083333334 0.87353515625 0.11612955729166667 0.060516357421875
4 0.4065755208333333 0.6025390625 0.07539876302083333 0.0618896484375
5 0.5517578125 0.65869140625 0.0986328125 0.04052734375
4 0.2594401041666667 0.6943359375 0.08085123697916667 0.06597900390625
4 0.4501953125 0.5732421875 0.07413736979166667 0.06268310546875