4 0.6813822751322751 0.7486359126984127 0.11342592592592593 0.09449404761904762
4 0.6486441798941799 0.5905257936507936 0.12136243386243387 0.05952380952380952
4 0.15856481481481483 0.7504960317460317 0.13128306878306878 0.054563492063492064
4 0.43799603174603174 0.47544642857142855 0.13194444444444445 0.0496031746031746
4 0.21213624338624337 0.5462549603174603 0.13657407407407407 0.04935515873015873
4 0.22420634920634921 0.4868551587301587 0.13293650793650794 0.04811507936507937
4 0.42956349206349204 0.6075148809523809 0.13558201058201058 0.046378968253968256
4 0.18551587301587302 0.6772073412698413 0.1335978835978836 0.047867063492063495
4 0.20403439153439154 0.6099950396825397 0.1388888888888889 0.04935515873015873
3 0.7265625 0.64892578125 0.08203125 0.1007080078125
3 0.7018229166666666 0.51416015625 0.0594482421875 0.093994140625
4 0.4401041666666667 0.53955078125 0.14029947916666666 0.051177978515625