3 0.4195963541666667 0.76123046875 0.09912109375 0.054595947265625
3 0.5764973958333334 0.5537109375 0.09073893229166667 0.049224853515625
5 0.2618815104166667 0.568359375 0.12687174479166666 0.0482177734375
2 0.5680338541666666 0.8056640625 0.08463541666666667 0.04638671875
5 0.21647135416666666 0.50341796875 0.12443033854166667 0.049407958984375
3 0.4977213541666667 0.654296875 0.09391276041666667 0.054412841796875
3 0.6490885416666666 0.66748046875 0.09171549479166667 0.054107666015625
3 0.6077473958333334 0.609375 0.090087890625 0.050811767578125
5 0.3154296875 0.46484375 0.12247721354166667 0.04986572265625
3 0.3802083333333333 0.7021484375 0.099365234375 0.055206298828125
5 0.3675130208333333 0.52392578125 0.122314453125 0.047943115234375
1 0.5061848958333334 0.92236328125 0.07185872395833333 0.0364990234375
3 0.7194010416666666 0.56689453125 0.08846028645833333 0.04803466796875
5 0.156494140625 0.61376953125 0.116943359375 0.0411376953125
5 0.4108072916666667 0.427001953125 0.11409505208333333 0.04681396484375
3 0.4606119791666667 0.5966796875 0.090576171875 0.050048828125
5 0.5478515625 0.44921875 0.10148111979166667 0.0386962890625
3 0.6842447916666666 0.51123046875 0.08732096354166667 0.0472412109375
5 0.5045572916666666 0.38916015625 0.10074869791666667 0.038909912109375
3 0.759765625 0.623046875 0.08927408854166667 0.050811767578125
5 0.4544270833333333 0.489013671875 0.10148111979166667 0.040924072265625
1 0.515625 0.85888671875 0.07014973958333333 0.034759521484375
3 0.3421223958333333 0.642578125 0.0986328125 0.053314208984375
5 0.111083984375 0.5458984375 0.129638671875 0.0509033203125
3 0.5374348958333334 0.7119140625 0.09757486979166667 0.0560302734375
4 0.3375651041666667 0.338134765625 0.07108561197916667 0.0726318359375
4 0.2763671875 0.356689453125 0.07568359375 0.0740966796875
4 0.19108072916666666 0.244873046875 0.0721435546875 0.0775146484375
4 0.3206380208333333 0.202392578125 0.07108561197916667 0.07891845703125
4 0.2599283854166667 0.2235107421875 0.068115234375 0.07611083984375
4 0.13053385416666666 0.260498046875 0.07267252604166667 0.077392578125
4 0.3805338541666667 0.1815185546875 0.0687255859375 0.07421875
4 0.21207682291666666 0.377197265625 0.07881673177083333 0.07806396484375
4 0.3994140625 0.31591796875 0.072265625 0.072265625
0 0.8307291666666666 0.8134765625 0.11263020833333333 0.0640869140625
4 0.4583333333333333 0.288330078125 0.05859375 0.0631103515625
0 0.7955729166666666 0.875 0.10831705729166667 0.06451416015625