4 0.2683919270833333 0.56494140625 0.114501953125 0.04620361328125
3 0.52734375 0.316650390625 0.047403971354166664 0.072509765625
5 0.7532552083333334 0.472412109375 0.09309895833333333 0.080810546875
4 0.2589518229166667 0.62109375 0.11775716145833333 0.04779052734375
4 0.2760416666666667 0.5107421875 0.11344401041666667 0.04443359375
3 0.611328125 0.320068359375 0.049031575520833336 0.07366943359375
5 0.8365885416666666 0.37841796875 0.09171549479166667 0.07147216796875
4 0.10172526041666667 0.44580078125 0.11824544270833333 0.04486083984375
3 0.5045572916666666 0.61181640625 0.05126953125 0.077392578125
3 0.412109375 0.60791015625 0.058349609375 0.0794677734375
3 0.43359375 0.405517578125 0.048665364583333336 0.0723876953125
4 0.09309895833333333 0.4990234375 0.11775716145833333 0.04486083984375
5 0.8645833333333334 0.5478515625 0.10042317708333333 0.0755615234375
4 0.07120768229166667 0.60791015625 0.12141927083333333 0.04400634765625
3 0.5983072916666666 0.5146484375 0.05517578125 0.07891845703125
3 0.5930989583333334 0.6162109375 0.056640625 0.07763671875
3 0.6048177083333334 0.41748046875 0.053751627604166664 0.07708740234375
5 0.765625 0.5556640625 0.09716796875 0.080078125
2 0.4759114583333333 0.7431640625 0.0723876953125 0.062225341796875
4 0.2838541666666667 0.45703125 0.11222330729166667 0.0472412109375
4 0.08235677083333333 0.55322265625 0.11824544270833333 0.044525146484375
4 0.6783854166666666 0.6376953125 0.06660970052083333 0.06817626953125
5 0.7369791666666666 0.38525390625 0.09122721354166667 0.07501220703125
5 0.884765625 0.6328125 0.09513346354166667 0.07763671875
5 0.7858072916666666 0.64208984375 0.09220377604166667 0.0802001953125
4 0.2908528645833333 0.4033203125 0.11149088541666667 0.043853759765625
5 0.7981770833333334 0.73388671875 0.10245768229166667 0.0838623046875
3 0.5182291666666666 0.41259765625 0.057942708333333336 0.075439453125
0 0.5266927083333334 0.87451171875 0.14176432291666666 0.056640625
0 0.6119791666666666 0.7529296875 0.08585611979166667 0.08209228515625
3 0.509765625 0.51025390625 0.057088216145833336 0.07781982421875
1 0.4781901041666667 0.8154296875 0.054972330729166664 0.0582275390625
1 0.5501302083333334 0.76220703125 0.052937825520833336 0.053009033203125
3 0.4205729166666667 0.5048828125 0.0595703125 0.0784912109375
5 0.8483072916666666 0.464111328125 0.09513346354166667 0.07452392578125
3 0.6529947916666666 0.7421875 0.08146158854166667 0.06658935546875
5 0.6555989583333334 0.671875 0.07185872395833333 0.078369140625