4 0.6160714285714286 0.6827876984126984 0.13425925925925927 0.10962301587301587
0 0.9178240740740741 0.6533978174603174 0.12863756613756613 0.09647817460317461
4 0.4763558201058201 0.5837053571428571 0.13194444444444445 0.0954861111111111
4 0.2705026455026455 0.7072172619047619 0.14814814814814814 0.10540674603174603
1 0.5861441798941799 0.44543650793650796 0.06712962962962964 0.061507936507936505
4 0.40691137566137564 0.8332093253968254 0.15046296296296297 0.11235119047619048
4 0.35532407407407407 0.4869791666666667 0.11937830687830688 0.08258928571428571
1 0.7299933862433863 0.4723462301587302 0.08234126984126984 0.05679563492063492
2 0.7328042328042328 0.5920138888888888 0.12566137566137567 0.049107142857142856
5 0.5968915343915344 0.38169642857142855 0.12698412698412698 0.054563492063492064
4 0.794973544973545 0.5422867063492064 0.125 0.07018849206349206
3 0.6432291666666666 0.51904296875 0.12687174479166666 0.0469970703125
4 0.3430989583333333 0.77099609375 0.15169270833333334 0.116943359375
4 0.21256510416666666 0.65283203125 0.145751953125 0.10430908203125
4 0.5299479166666666 0.62109375 0.13240559895833334 0.1063232421875
4 0.4127604166666667 0.53369140625 0.1259765625 0.08929443359375