5 0.3359375 0.466796875 0.10563151041666667 0.05633544921875
3 0.4251302083333333 0.61181640625 0.102783203125 0.044677734375
5 0.3113606770833333 0.40234375 0.11612955729166667 0.06561279296875
3 0.5660807291666666 0.65576171875 0.0986328125 0.042877197265625
5 0.541015625 0.4287109375 0.09611002604166667 0.053192138671875
5 0.5182291666666666 0.36279296875 0.09700520833333333 0.05224609375
1 0.3704427083333333 0.810546875 0.06490071614583333 0.037261962890625
5 0.11507161458333333 0.50732421875 0.12516276041666666 0.0635986328125
3 0.2955729166666667 0.634765625 0.1005859375 0.04327392578125
3 0.3113606770833333 0.6982421875 0.10335286458333333 0.042572021484375
5 0.09326171875 0.439453125 0.12361653645833333 0.06719970703125
5 0.41796875 0.37939453125 0.11588541666666667 0.06243896484375
5 0.22705078125 0.487548828125 0.10392252604166667 0.052825927734375
5 0.20377604166666666 0.419677734375 0.11759440104166667 0.06768798828125
3 0.5485026041666666 0.59228515625 0.09578450520833333 0.0416259765625
4 0.31298828125 0.288330078125 0.061848958333333336 0.0784912109375
3 0.6686197916666666 0.57373046875 0.09529622395833333 0.040008544921875
4 0.24267578125 0.296875 0.06587727864583333 0.08197021484375
3 0.6875 0.6357421875 0.09220377604166667 0.040924072265625
5 0.4391276041666667 0.44873046875 0.097412109375 0.0560302734375
2 0.4384765625 0.771484375 0.086669921875 0.035064697265625
4 0.4446614583333333 0.271240234375 0.0628662109375 0.07666015625
3 0.4078776041666667 0.55322265625 0.0966796875 0.040252685546875
3 0.6536458333333334 0.51416015625 0.09236653645833333 0.03875732421875
4 0.3444010416666667 0.15576171875 0.053955078125 0.08062744140625
3 0.4401041666666667 0.6767578125 0.099853515625 0.042816162109375
4 0.3779296875 0.2822265625 0.061604817708333336 0.07684326171875
4 0.20572916666666666 0.17041015625 0.06526692708333333 0.0880126953125
4 0.4078776041666667 0.1470947265625 0.056640625 0.08282470703125
3 0.27978515625 0.56982421875 0.10335286458333333 0.04327392578125
4 0.2711588541666667 0.1619873046875 0.058024088541666664 0.07904052734375
1 0.3356119791666667 0.8681640625 0.0679931640625 0.03662109375
4 0.5107421875 0.26318359375 0.056844075520833336 0.07861328125
4 0.4723307291666667 0.13671875 0.053466796875 0.07965087890625
0 0.6907552083333334 0.83203125 0.10099283854166667 0.0809326171875
3 0.533203125 0.533203125 0.094970703125 0.0384521484375
0 0.6305338541666666 0.8818359375 0.09806315104166667 0.0792236328125