5 0.6764322916666666 0.552734375 0.0567626953125 0.0753173828125
4 0.4752604166666667 0.7666015625 0.078369140625 0.05511474609375
5 0.6311848958333334 0.50146484375 0.056640625 0.06854248046875
5 0.560546875 0.52978515625 0.053141276041666664 0.06683349609375
3 0.7102864583333334 0.7822265625 0.06416829427083333 0.07794189453125
4 0.4078776041666667 0.505859375 0.07706705729166667 0.03955078125
5 0.5224609375 0.47705078125 0.052937825520833336 0.0633544921875
5 0.4609375 0.72705078125 0.10652669270833333 0.0311431884765625
1 0.3831380208333333 0.72607421875 0.054036458333333336 0.042022705078125
3 0.8001302083333334 0.81103515625 0.06901041666666667 0.08154296875
3 0.7571614583333334 0.6884765625 0.059122721354166664 0.06866455078125
3 0.7975260416666666 0.60302734375 0.058268229166666664 0.06304931640625
4 0.2522786458333333 0.51171875 0.0792236328125 0.039947509765625
4 0.2683919270833333 0.5458984375 0.08219401041666667 0.042877197265625
3 0.8938802083333334 0.8388671875 0.07161458333333333 0.08538818359375
3 0.8411458333333334 0.71240234375 0.0638427734375 0.07421875
4 0.3006184895833333 0.619140625 0.08585611979166667 0.042816162109375
3 0.8782552083333334 0.623046875 0.0595703125 0.06732177734375
2 0.4723307291666667 0.86474609375 0.08780924479166667 0.03515625
3 0.6634114583333334 0.88525390625 0.06697591145833333 0.08404541015625
5 0.4833984375 0.42822265625 0.0447998046875 0.05889892578125
3 0.9342447916666666 0.73583984375 0.07132975260416667 0.07879638671875
4 0.3162434895833333 0.65966796875 0.091064453125 0.0535888671875
0 0.3170572916666667 0.83837890625 0.11124674479166667 0.050323486328125
5 0.6038411458333334 0.58642578125 0.057820638020833336 0.07891845703125
3 0.7526041666666666 0.916015625 0.06925455729166667 0.08831787109375
5 0.58984375 0.45361328125 0.057169596354166664 0.06982421875
3 0.5712890625 0.8173828125 0.08512369791666667 0.053009033203125
4 0.390625 0.47265625 0.0748291015625 0.03839111328125
5 0.5494791666666666 0.403076171875 0.051106770833333336 0.0592041015625
4 0.28564453125 0.58251953125 0.087646484375 0.045257568359375
4 0.4462890625 0.578125 0.08085123697916667 0.04534912109375
4 0.4270833333333333 0.5419921875 0.078369140625 0.041473388671875
3 0.9674479166666666 0.642578125 0.061848958333333336 0.07159423828125
5 0.650390625 0.64794921875 0.061726888020833336 0.08038330078125
1 0.5716145833333334 0.72900390625 0.0609130859375 0.04107666015625
0 0.22005208333333334 0.77685546875 0.103759765625 0.06256103515625