3 0.42931030919312146 0.5303483589616401 0.09458490065586421 0.04496975045986275
3 0.6682202105379188 0.4578941385582009 0.08993158895502645 0.0460628933376736
3 0.5810546875 0.5537109375 0.09562174479166667 0.052032470703125
3 0.4619140625 0.591796875 0.09773763020833333 0.053009033203125
4 0.5078125 0.71875 0.07539876302083333 0.06744384765625
2 0.30078125 0.62890625 0.06538899739583333 0.060302734375
3 0.8072916666666666 0.4833984375 0.09122721354166667 0.04620361328125
4 0.3466796875 0.435546875 0.0767822265625 0.0784912109375
4 0.2862955729166667 0.312255859375 0.07161458333333333 0.07806396484375
4 0.4817708333333333 0.26611328125 0.07291666666666667 0.0823974609375
4 0.4166666666666667 0.281982421875 0.07373046875 0.080810546875
0 0.3466796875 0.7216796875 0.08251953125 0.08868408203125
3 0.697265625 0.517578125 0.08927408854166667 0.049224853515625
0 0.16634114583333334 0.72021484375 0.08296712239583333 0.1055908203125
5 0.5524088541666666 0.79052734375 0.11385091145833333 0.045257568359375
3 0.3792317708333333 0.7470703125 0.0677490234375 0.0765380859375
3 0.8365885416666666 0.53857421875 0.09236653645833333 0.0482177734375
4 0.4147135416666667 0.41943359375 0.0792236328125 0.0794677734375
5 0.4518229166666667 0.8447265625 0.121826171875 0.044525146484375
4 0.3531901041666667 0.298583984375 0.07291666666666667 0.08123779296875
4 0.4788411458333333 0.403076171875 0.07499186197916667 0.07891845703125
5 0.822265625 0.6513671875 0.114501953125 0.04351806640625
3 0.728515625 0.57568359375 0.09236653645833333 0.05108642578125
5 0.4557291666666667 0.71875 0.094970703125 0.07696533203125
5 0.6946614583333334 0.8056640625 0.10750325520833333 0.04681396484375
5 0.87109375 0.7109375 0.10986328125 0.042572021484375
3 0.6158854166666666 0.6123046875 0.09285481770833333 0.05145263671875
5 0.6360677083333334 0.7412109375 0.11466471354166667 0.042877197265625
5 0.7330729166666666 0.69482421875 0.10335286458333333 0.04083251953125
1 0.21793619791666666 0.6640625 0.0799560546875 0.039794921875
3 0.5494791666666666 0.49462890625 0.09895833333333333 0.055511474609375
4 0.5419921875 0.385498046875 0.07552083333333333 0.07861328125
4 0.6057942708333334 0.366943359375 0.0736083984375 0.07806396484375
1 0.3087565104166667 0.6884765625 0.05859375 0.0482177734375
3 0.4957682291666667 0.65234375 0.09456380208333333 0.051666259765625
5 0.6028645833333334 0.8544921875 0.11612955729166667 0.04351806640625
5 0.783203125 0.755859375 0.11263020833333333 0.04400634765625