4 0.5090939153439153 0.6495535714285714 0.10482804232804233 0.06398809523809523
2 0.2526455026455027 0.6737351190476191 0.10449735449735449 0.051835317460317464
1 0.5550595238095238 0.5425347222222222 0.05787037037037037 0.0597718253968254
5 0.6109457671957672 0.28174603174603174 0.06117724867724868 0.08878968253968254
0 0.37549603174603174 0.7987351190476191 0.12797619047619047 0.08903769841269842
1 0.2767857142857143 0.4982638888888889 0.07804232804232804 0.03968253968253968
5 0.5942460317460317 0.3869047619047619 0.06613756613756613 0.08928571428571429
5 0.6784060846560847 0.34399801587301587 0.06580687830687831 0.0882936507936508
5 0.4246031746031746 0.4634176587301587 0.07407407407407407 0.08606150793650794
5 0.9264219576719577 0.5561755952380952 0.05654761904761905 0.09796626984126984
5 0.7463624338624338 0.5267857142857143 0.07076719576719577 0.10168650793650794
5 0.7511574074074074 0.4134424603174603 0.06382275132275132 0.09126984126984126
5 0.8346560846560847 0.605406746031746 0.0582010582010582 0.10218253968253968
5 0.8358134920634921 0.48226686507936506 0.06117724867724868 0.0954861111111111
5 0.6656746031746031 0.45349702380952384 0.06349206349206349 0.0920138888888889
3 0.37334656084656087 0.5930059523809523 0.10383597883597884 0.05257936507936508