3 0.266114417989418 0.60546875 0.09342592592592593 0.04577628968253968
3 0.3649074074074074 0.5263665674603174 0.08894841269841271 0.04321180555555555
0 0.8736970899470899 0.5527356150793651 0.07214285714285715 0.07183779761904761
3 0.38769510582010586 0.578125 0.09041335978835979 0.04492311507936508
3 0.5218088624338625 0.6015625 0.0841468253968254 0.04223710317460318
4 0.7044279100529101 0.43676835317460316 0.06514550264550265 0.05331349206349206
3 0.40494708994708994 0.6303720238095237 0.09041335978835979 0.04303075396825397
1 0.6386706349206349 0.39038194444444446 0.048095238095238094 0.04062003968253968
1 0.7350264550264549 0.5537103174603174 0.052367724867724876 0.040528273809523806
3 0.6051421957671957 0.5253918650793651 0.08251984126984127 0.0409250992063492
3 0.4729828042328042 0.5024404761904762 0.07967261904761905 0.04107638888888889
3 0.6354166666666666 0.5747073412698412 0.08650793650793652 0.04046626984126984
3 0.5791005291005291 0.47924851190476186 0.07820767195767196 0.03918402777777778
2 0.7369808201058201 0.5068353174603174 0.037840608465608466 0.05371031746031746
4 0.6699206349206349 0.3029786706349206 0.044513888888888895 0.06500248015873016
5 0.25797619047619047 0.36230406746031746 0.09578373015873015 0.06585813492063493
5 0.4417328042328042 0.35229414682539684 0.09008928571428572 0.0647594246031746
3 0.7539054232804233 0.4045411706349206 0.044513888888888895 0.05932539682539682
4 0.6136078042328043 0.20007440476190477 0.038125 0.06143105158730159
5 0.35091269841269845 0.3588864087301587 0.0959457671957672 0.06463541666666667
5 0.2566732804232804 0.41674851190476186 0.08251984126984127 0.05877728174603175
4 0.6692724867724869 0.19995039682539684 0.037556216931216926 0.06256200396825397
5 0.16072751322751325 0.36352430555555554 0.0959457671957672 0.06817708333333333
4 0.7285152116402117 0.2034920634920635 0.03922619047619048 0.0629265873015873
4 0.7903637566137566 0.30444444444444446 0.04144179894179894 0.06384176587301588
3 0.24885912698412696 0.5517584325396826 0.09025132275132276 0.04345734126984127
5 0.8997387566137566 0.39868055555555554 0.055095899470899476 0.06451388888888888
5 0.1595866402116402 0.41918898809523814 0.08101521164021164 0.0559375
5 0.44433531746031746 0.4067385912698413 0.07568452380952381 0.05419890873015873
5 0.5413425925925925 0.40356398809523814 0.07780092592592593 0.052247023809523806
4 0.7871097883597883 0.203125 0.03863425925925926 0.06231646825396825
4 0.7278637566137566 0.3029786706349206 0.04402777777777777 0.06384176587301588
5 0.3538425925925926 0.4145510912698413 0.08463624338624338 0.058439980158730157
0 0.703125 0.6665029761904763 0.11930224867724867 0.04601934523809524
4 0.6116534391534392 0.30224702380952384 0.045208333333333336 0.06130952380952381
4 0.8470039682539683 0.3029786706349206 0.04703703703703704 0.06323164682539682
3 0.49933862433862436 0.5501810515873016 0.08597883597883597 0.03885664682539682