5 0.4912109375 0.5166015625 0.08056640625 0.079345703125
5 0.458984375 0.44921875 0.06673177083333333 0.07354736328125
5 0.5751953125 0.497802734375 0.08561197916666667 0.082275390625
5 0.5455729166666666 0.42529296875 0.08479817708333333 0.0816650390625
5 0.5133463541666666 0.349853515625 0.08528645833333333 0.09088134765625
5 0.3932291666666667 0.293212890625 0.06660970052083333 0.0784912109375
5 0.48046875 0.273193359375 0.0723876953125 0.07861328125
3 0.23063151041666666 0.52099609375 0.06966145833333333 0.06256103515625
5 0.4290364583333333 0.3701171875 0.08512369791666667 0.0855712890625
3 0.23079427083333334 0.41162109375 0.06746419270833333 0.06256103515625
3 0.16251627604166666 0.55322265625 0.0709228515625 0.0635986328125
2 0.4231770833333333 0.76123046875 0.07511393229166667 0.034881591796875
5 0.5198567708333334 0.58984375 0.06901041666666667 0.0723876953125
3 0.3642578125 0.56494140625 0.0677490234375 0.060089111328125
0 0.3912760416666667 0.8642578125 0.09375 0.060089111328125
1 0.3531901041666667 0.767578125 0.0567626953125 0.04400634765625
3 0.3001302083333333 0.489990234375 0.0704345703125 0.06304931640625
3 0.2986653645833333 0.59619140625 0.07255045572916667 0.0633544921875
3 0.4293619791666667 0.64013671875 0.06660970052083333 0.060211181640625
1 0.5729166666666666 0.66552734375 0.058349609375 0.033905029296875
3 0.16617838541666666 0.443603515625 0.07307942708333333 0.06610107421875
3 0.3619791666666667 0.66796875 0.07255045572916667 0.06304931640625
3 0.578125 0.75830078125 0.08463541666666667 0.030853271484375
4 0.90625 0.7099609375 0.09651692708333333 0.03155517578125
4 0.5185546875 0.72509765625 0.0775146484375 0.044921875
4 0.7174479166666666 0.67822265625 0.09326171875 0.0364990234375
4 0.7317708333333334 0.7255859375 0.09529622395833333 0.037322998046875
3 0.296875 0.70166015625 0.06734212239583333 0.056854248046875
0 0.19710286458333334 0.7666015625 0.053059895833333336 0.09320068359375
3 0.23030598958333334 0.62939453125 0.06978352864583333 0.06292724609375
5 0.6162109375 0.87255859375 0.09684244791666667 0.042083740234375
4 0.8834635416666666 0.6083984375 0.10319010416666667 0.0379638671875
4 0.7434895833333334 0.77734375 0.09342447916666667 0.029754638671875
4 0.8971354166666666 0.65673828125 0.097412109375 0.03515625
4 0.7571614583333334 0.8232421875 0.09220377604166667 0.034698486328125
4 0.7057291666666666 0.6220703125 0.10042317708333333 0.047515869140625
4 0.9166666666666666 0.7587890625 0.099365234375 0.03436279296875