0 0.8440806878306878 0.3585069444444444 0.09623015873015874 0.047867063492063495
3 0.2943121693121693 0.5342261904761905 0.0787037037037037 0.04563492063492063
3 0.19758597883597884 0.5017361111111112 0.07771164021164022 0.04365079365079365
2 0.9527116402116402 0.40240575396825395 0.07142857142857142 0.05084325396825397
3 0.22850529100529102 0.4547371031746032 0.07804232804232804 0.04439484126984127
3 0.42724867724867727 0.5162450396825397 0.08068783068783068 0.047371031746031744
3 0.32589285714285715 0.4849950396825397 0.07837301587301587 0.04439484126984127
0 0.8766534391534392 0.3074156746031746 0.09854497354497355 0.04836309523809524
3 0.3958333333333333 0.5669642857142857 0.08068783068783068 0.046130952380952384
3 0.2562830687830688 0.404265873015873 0.0787037037037037 0.044642857142857144
3 0.16104497354497355 0.3742559523809524 0.07804232804232804 0.04365079365079365
3 0.10449735449735449 0.4711061507936508 0.0787037037037037 0.04439484126984127
3 0.4546957671957672 0.4642857142857143 0.082010582010582 0.044642857142857144
3 0.13525132275132276 0.4253472222222222 0.07605820105820106 0.043154761904761904
3 0.35383597883597884 0.4339037698412698 0.08002645502645503 0.04538690476190476
4 0.6529431216931217 0.7194940476190477 0.08366402116402116 0.05257936507936508
4 0.7744708994708994 0.5474950396825397 0.08597883597883597 0.047371031746031744
1 0.5858134920634921 0.3878968253968254 0.05191798941798942 0.033234126984126984
4 0.7099867724867724 0.6329365079365079 0.08796296296296297 0.053075396825396824
1 0.6213624338624338 0.34387400793650796 0.05489417989417989 0.03149801587301587
4 0.6220238095238095 0.4894593253968254 0.08134920634920635 0.047371031746031744
4 0.5021494708994709 0.6571180555555556 0.08167989417989419 0.05084325396825397
4 0.5654761904761905 0.5706845238095238 0.07936507936507936 0.047619047619047616
5 0.33978174603174605 0.3167162698412698 0.05720899470899471 0.06845238095238096
5 0.09970238095238096 0.2513640873015873 0.05853174603174603 0.06721230158730158
5 0.28935185185185186 0.24144345238095238 0.05952380952380952 0.07018849206349206
5 0.453042328042328 0.27827380952380953 0.061507936507936505 0.07043650793650794
5 0.4224537037037037 0.33643353174603174 0.06316137566137567 0.06969246031746032
5 0.37119708994708994 0.259796626984127 0.060515873015873016 0.07217261904761904
5 0.2131283068783069 0.22234623015873015 0.05324074074074074 0.07068452380952381
5 0.17956349206349206 0.2759176587301587 0.057539682539682536 0.06820436507936507
4 0.7415364583333334 0.5908203125 0.09757486979166667 0.060516357421875
5 0.2589518229166667 0.291259765625 0.058349609375 0.062225341796875
4 0.5944010416666666 0.53076171875 0.09041341145833333 0.053985595703125
5 0.13191731770833334 0.20166015625 0.06978352864583333 0.07708740234375
4 0.5322265625 0.61474609375 0.08780924479166667 0.0560302734375
4 0.6809895833333334 0.67724609375 0.091064453125 0.054595947265625