3 0.4728835978835979 0.6122271825396826 0.08333333333333333 0.07316468253968254
3 0.2847222222222222 0.7916666666666666 0.11044973544973545 0.09275793650793651
3 0.7022156084656085 0.6118551587301587 0.07705026455026455 0.07192460317460317
3 0.6362433862433863 0.6935763888888888 0.08531746031746032 0.08159722222222222
3 0.37450396825396826 0.8452380952380952 0.1087962962962963 0.0992063492063492
3 0.5505952380952381 0.6533978174603174 0.08465608465608465 0.07663690476190477
3 0.5591931216931217 0.7879464285714286 0.09722222222222222 0.09275793650793651
3 0.3855820105820106 0.6944444444444444 0.09523809523809523 0.08234126984126984
3 0.4695767195767196 0.7424355158730159 0.09523809523809523 0.08705357142857142
3 0.46726190476190477 0.8999255952380952 0.10714285714285714 0.10739087301587301
4 0.20833333333333334 0.5657242063492064 0.10449735449735449 0.04712301587301587
4 0.3578042328042328 0.5632440476190477 0.07605820105820106 0.062003968253968256
3 0.4191468253968254 0.5187251984126984 0.06183862433862434 0.0642361111111111
3 0.3763020833333333 0.61083984375 0.0748291015625 0.072509765625