3 0.4339192708333333 0.6650390625 0.04296875 0.052825927734375
2 0.4977213541666667 0.48876953125 0.050821940104166664 0.035400390625
3 0.2766927083333333 0.64794921875 0.0489501953125 0.05242919921875
3 0.3795572916666667 0.6904296875 0.0528564453125 0.054290771484375
3 0.24300130208333334 0.58544921875 0.046956380208333336 0.047332763671875
3 0.3391927083333333 0.62548828125 0.049967447916666664 0.05059814453125
3 0.314453125 0.71533203125 0.053466796875 0.056976318359375
3 0.3024088541666667 0.56640625 0.0467529296875 0.046295166015625
3 0.3583984375 0.54443359375 0.049031575520833336 0.0460205078125
3 0.3971354166666667 0.603515625 0.0509033203125 0.050323486328125
4 0.6409505208333334 0.77734375 0.06538899739583333 0.07806396484375
4 0.81640625 0.7392578125 0.07255045572916667 0.07452392578125
3 0.322265625 0.49072265625 0.045654296875 0.041534423828125
5 0.615234375 0.55419921875 0.09578450520833333 0.034881591796875
3 0.2119140625 0.52978515625 0.0450439453125 0.04510498046875
4 0.8756510416666666 0.72509765625 0.07596842447916667 0.07171630859375
3 0.26953125 0.51171875 0.045817057291666664 0.04345703125
5 0.7493489583333334 0.50146484375 0.09358723958333333 0.034759521484375
5 0.6477864583333334 0.491943359375 0.08732096354166667 0.03277587890625
5 0.5764973958333334 0.5166015625 0.08430989583333333 0.0311431884765625
5 0.7109375 0.462158203125 0.09122721354166667 0.033538818359375
4 0.8092447916666666 0.619140625 0.0638427734375 0.06781005859375
5 0.8177083333333334 0.47265625 0.09716796875 0.0345458984375
4 0.7584635416666666 0.751953125 0.06612141927083333 0.0755615234375
4 0.6468098958333334 0.6552734375 0.059244791666666664 0.06903076171875
5 0.783203125 0.436767578125 0.09122721354166667 0.0303802490234375
4 0.5924479166666666 0.6669921875 0.058797200520833336 0.06658935546875
4 0.75390625 0.6318359375 0.06392415364583333 0.06890869140625
5 0.88671875 0.443115234375 0.09025065104166667 0.030853271484375
5 0.6848958333333334 0.53076171875 0.07954915364583333 0.0330810546875
4 0.7018229166666666 0.64501953125 0.063232421875 0.07171630859375
5 0.8424479166666666 0.40771484375 0.08447265625 0.028167724609375
0 0.3668619791666667 0.468017578125 0.05224609375 0.058349609375
1 0.5901692708333334 0.421630859375 0.0496826171875 0.0279083251953125
4 0.6979166666666666 0.767578125 0.06514485677083333 0.07696533203125
0 0.4222005208333333 0.44873046875 0.051595052083333336 0.05242919921875
1 0.5631510416666666 0.448974609375 0.041666666666666664 0.0240936279296875