1 0.5907738095238095 0.4868551587301587 0.08035714285714286 0.049107142857142856
2 0.5084325396825397 0.7451636904761905 0.11541005291005291 0.06969246031746032
1 0.32506613756613756 0.5942460317460317 0.0701058201058201 0.05952380952380952
5 0.5944113756613757 0.3138640873015873 0.09556878306878307 0.07663690476190477
5 0.8215939153439153 0.4154265873015873 0.11408730158730158 0.08928571428571429
0 0.7341269841269841 0.759796626984127 0.0582010582010582 0.1158234126984127
5 0.408234126984127 0.4880952380952381 0.07572751322751323 0.09573412698412699
5 0.7116402116402116 0.32936507936507936 0.09656084656084656 0.07688492063492064
4 0.6693121693121693 0.5830853174603174 0.10912698412698413 0.04662698412698413
5 0.47784391534391535 0.2857142857142857 0.08597883597883597 0.07589285714285714
5 0.3621031746031746 0.265625 0.08134920634920635 0.08382936507936507
4 0.9242724867724867 0.051215277777777776 0.06349206349206349 0.047371031746031744
3 0.5113921957671957 0.6157217261904763 0.12011574074074075 0.0659796626984127
5 0.45930886243386243 0.3520510912698413 0.09285383597883598 0.08618055555555557
5 0.6985681216931217 0.39135664682539684 0.09545965608465609 0.08196924603174603
5 0.8307308201058201 0.3454588293650794 0.10335317460317461 0.08227430555555557
4 0.9635416666666666 0.040007440476190474 0.05643849206349206 0.03698660714285714
5 0.5761706349206349 0.3730481150793651 0.0987962962962963 0.08740327380952381