3 0.17956349206349206 0.5073164682539683 0.07407407407407407 0.04439484126984127
3 0.2705026455026455 0.5437748015873016 0.07407407407407407 0.046875
3 0.3048941798941799 0.49702380952380953 0.07539682539682539 0.04712301587301587
3 0.3993055555555556 0.5314980158730159 0.0763888888888889 0.047619047619047616
3 0.12648809523809523 0.42993551587301587 0.07175925925925926 0.04290674603174603
3 0.335978835978836 0.44853670634920634 0.07738095238095238 0.046875
3 0.24520502645502645 0.4154265873015873 0.07572751322751323 0.04563492063492063
0 0.8576388888888888 0.3473462301587302 0.09556878306878307 0.051835317460317464
3 0.21329365079365079 0.46279761904761907 0.07341269841269842 0.0441468253968254
3 0.36507936507936506 0.5799851190476191 0.07738095238095238 0.046875
3 0.09325396825396826 0.4729662698412698 0.07275132275132275 0.0441468253968254
0 0.8206018518518519 0.39719742063492064 0.09490740740740741 0.051835317460317464
3 0.1550925925925926 0.38169642857142855 0.07407407407407407 0.044642857142857144
4 0.6663359788359788 0.660094246031746 0.0873015873015873 0.05580357142857143
2 0.9252645502645502 0.44382440476190477 0.07076719576719577 0.053323412698412696
3 0.4307208994708995 0.48214285714285715 0.07705026455026455 0.046130952380952384
4 0.4599867724867725 0.673859126984127 0.07936507936507936 0.05109126984126984
4 0.736276455026455 0.5787450396825397 0.08300264550264551 0.04985119047619048
4 0.6018518518518519 0.7434275793650794 0.08002645502645503 0.053323412698412696
4 0.5916005291005291 0.5147569444444444 0.08068783068783068 0.04935515873015873
1 0.5638227513227513 0.41418650793650796 0.0496031746031746 0.03571428571428571
5 0.3331679894179894 0.3333333333333333 0.05257936507936508 0.06845238095238096
4 0.5295965608465608 0.591765873015873 0.08035714285714286 0.04811507936507937
5 0.1810515873015873 0.2863343253968254 0.04861111111111111 0.0642361111111111
5 0.14203042328042328 0.21242559523809523 0.05191798941798942 0.06820436507936507
1 0.6023478835978836 0.37177579365079366 0.05324074074074074 0.032242063492063495
5 0.10681216931216932 0.26165674603174605 0.05291005291005291 0.06547619047619048
5 0.408234126984127 0.3550347222222222 0.0539021164021164 0.06572420634920635
5 0.25744047619047616 0.30679563492063494 0.05191798941798942 0.06299603174603174
5 0.2896825396825397 0.25731646825396826 0.051587301587301584 0.06671626984126984
5 0.21742724867724866 0.23722718253968253 0.04794973544973545 0.06820436507936507
5 0.3680555555555556 0.279265873015873 0.05291005291005291 0.06448412698412699
5 0.44345238095238093 0.3009672619047619 0.05489417989417989 0.06572420634920635
4 0.7044270833333334 0.61669921875 0.08561197916666667 0.05572509765625
4 0.6370442708333334 0.703125 0.08479817708333333 0.0537109375
4 0.5589192708333334 0.55419921875 0.07320149739583333 0.046295166015625
4 0.4947916666666667 0.63427734375 0.07954915364583333 0.05242919921875