5 0.1736111111111111 0.31634424603174605 0.17195767195767195 0.10788690476190477
2 0.3872354497354497 0.699156746031746 0.07142857142857142 0.09176587301587301
1 0.30886243386243384 0.49342757936507936 0.09788359788359788 0.05927579365079365
0 0.11458333333333333 0.6196676587301587 0.18948412698412698 0.05580357142857143
3 0.164021164021164 0.4593253968253968 0.1574074074074074 0.07837301587301587
4 0.330026455026455 0.5620039682539683 0.1402116402116402 0.06398809523809523
3 0.3307308201058201 0.3457043650793651 0.11588624338624338 0.11181547619047619
3 0.44466269841269845 0.29296875 0.11466600529100529 0.11376984126984127
3 0.6341137566137566 0.5366220238095237 0.094239417989418 0.09185763888888888
3 0.6471362433862434 0.37182539682539684 0.09684193121693123 0.09912202380952381
1 0.21858796296296296 0.4057614087301587 0.11165343915343914 0.06658978174603175
3 0.5465509259259259 0.4235838293650794 0.1057936507936508 0.10375992063492064
3 0.5556646825396825 0.23828125 0.11303571428571428 0.11499007936507936
3 0.7272123015873017 0.48852430555555554 0.09790013227513228 0.09484871031746032
3 0.7148445767195767 0.6420907738095237 0.08878637566137566 0.08618055555555557
3 0.5403637566137566 0.5913095238095237 0.10392195767195767 0.09350694444444443
3 0.6276058201058201 0.6953125 0.09529761904761905 0.09039186507936507
3 0.44694113756613757 0.48168898809523814 0.10929232804232804 0.10430803571428571