3 0.7404100529100529 0.36247519841269843 0.052248677248677246 0.0597718253968254
3 0.8510251322751323 0.6161954365079365 0.06845238095238096 0.078125
3 0.8070436507936508 0.5236855158730159 0.0625 0.0716765873015873
3 0.8541666666666666 0.4286954365079365 0.06018518518518518 0.06572420634920635
3 0.8179563492063492 0.35193452380952384 0.05588624338624339 0.060515873015873016
4 0.2318121693121693 0.7833581349206349 0.06812169312169312 0.0974702380952381
4 0.31299603174603174 0.7823660714285714 0.06845238095238096 0.09697420634920635
3 0.7718253968253969 0.439484126984127 0.056878306878306875 0.06448412698412699
3 0.6959325396825397 0.44506448412698413 0.05324074074074074 0.06374007936507936
3 0.8930224867724867 0.5125248015873016 0.06646825396825397 0.07217261904761904
4 0.17774470899470898 0.6323164682539683 0.06448412698412699 0.0845734126984127
3 0.9360119047619048 0.6056547619047619 0.07242063492063493 0.0798611111111111
4 0.39368386243386244 0.7802579365079365 0.06779100529100529 0.09573412698412699
3 0.728505291005291 0.5311259920634921 0.0582010582010582 0.06870039682539683
4 0.1527777777777778 0.7826140873015873 0.06944444444444445 0.09895833333333333
3 0.7638888888888888 0.6267361111111112 0.06283068783068783 0.07886904761904762
3 0.6681547619047619 0.36867559523809523 0.049933862433862435 0.06076388888888889
4 0.47784391534391535 0.779265873015873 0.06613756613756613 0.09523809523809523
2 0.501984126984127 0.4729662698412698 0.08068783068783068 0.039186507936507936
4 0.3265542328042328 0.6304563492063492 0.05919312169312169 0.0818452380952381
4 0.25066137566137564 0.6319444444444444 0.06415343915343916 0.08531746031746032
4 0.40145502645502645 0.6277281746031746 0.057539682539682536 0.08333333333333333
5 0.4150132275132275 0.26264880952380953 0.09457671957671958 0.030257936507936508
5 0.3627645502645503 0.22879464285714285 0.08994708994708994 0.03249007936507937
0 0.5634920634920635 0.36222718253968256 0.09788359788359788 0.03943452380952381
0 0.5846560846560847 0.31547619047619047 0.09259259259259259 0.03869047619047619
4 0.4742063492063492 0.6261160714285714 0.056216931216931214 0.08209325396825397
1 0.3500330687830688 0.44580853174603174 0.045965608465608467 0.04141865079365079
5 0.19295634920634921 0.38851686507936506 0.09953703703703703 0.028521825396825396
1 0.28852513227513227 0.4255952380952381 0.04794973544973545 0.04265873015873016
5 0.2222222222222222 0.3117559523809524 0.09722222222222222 0.028273809523809524
5 0.2941468253968254 0.27033730158730157 0.09292328042328042 0.028273809523809524
5 0.27215608465608465 0.34424603174603174 0.09854497354497355 0.028273809523809524
5 0.10962301587301587 0.4263392857142857 0.10284391534391535 0.028769841269841268
5 0.14500661375661375 0.35205853174603174 0.09755291005291006 0.026041666666666668
5 0.06183862433862434 0.390625 0.10119047619047619 0.027777777777777776
5 0.34738756613756616 0.30493551587301587 0.09821428571428571 0.029513888888888888