3 0.36328042328042326 0.32421875 0.06673280423280424 0.04895089285714286
3 0.2516269841269841 0.4631349206349206 0.07291666666666667 0.052247023809523806
3 0.16878306878306878 0.5190426587301588 0.07596891534391534 0.052519841269841265
3 0.33203042328042326 0.4079588293650794 0.07027116402116403 0.05261160714285714
3 0.20882275132275133 0.43261656746031746 0.07348544973544974 0.05212301587301587
4 0.5061838624338625 0.578125 0.08666997354497354 0.055602678571428574
3 0.4108068783068783 0.35278273809523814 0.06901124338624338 0.05090277777777778
4 0.5621759259259259 0.49707093253968254 0.08959986772486772 0.05175843253968254
3 0.1271164021164021 0.48730406746031746 0.07373015873015873 0.054290674603174605
3 0.2875992063492064 0.37646577380952384 0.07027116402116403 0.05041418650793651
4 0.703125 0.5439459325396826 0.09456349206349206 0.051453373015873015
3 0.24137235449735447 0.34643601190476186 0.06913359788359788 0.04949900793650794
4 0.7539054232804233 0.4628918650793651 0.09008928571428572 0.05059771825396825
4 0.6829431216931217 0.5839856150793651 0.09358796296296296 0.052428075396825397
3 0.08158399470899472 0.45385664682539684 0.07458333333333333 0.05349702380952381
4 0.5878902116402116 0.45727430555555554 0.08959986772486772 0.04949900793650794
4 0.609375 0.41870039682539684 0.08666997354497354 0.048492063492063496
3 0.16365410052910054 0.39746031746031746 0.07360780423280423 0.05203125
3 0.31787037037037036 0.2951661706349206 0.06697751322751322 0.04895089285714286
4 0.7324206349206349 0.5029290674603174 0.09309854497354496 0.05233878968253968
4 0.5367824074074075 0.5380853174603174 0.09358796296296296 0.05041418650793651
0 0.5550132275132275 0.7324231150793651 0.0694973544973545 0.0881969246031746
5 0.2623710317460317 0.6796875 0.09985449735449735 0.05835069444444445
5 0.34244708994708994 0.69140625 0.09236772486772486 0.05889880952380952
2 0.43001322751322746 0.7255853174603174 0.041362433862433864 0.06323164682539682
0 0.6315112433862434 0.7524404761904763 0.06966269841269841 0.09222470238095239
5 0.3058267195767196 0.5361334325396826 0.10278439153439153 0.06042410714285714
5 0.3203141534391534 0.7714856150793651 0.11450066137566138 0.0703125
5 0.28303902116402113 0.6079092261904763 0.10929232804232804 0.06243799603174603
5 0.38313822751322746 0.5458978174603174 0.0963558201058201 0.06097470238095238
5 0.36295634920634917 0.6171875 0.09440145502645504 0.0559375
5 0.23388558201058202 0.7568353174603174 0.10172619047619048 0.059538690476190474
5 0.2028009259259259 0.8442385912698412 0.1211739417989418 0.07653769841269842
5 0.2932936507936508 0.8569345238095237 0.1163723544973545 0.07720982142857143
1 0.8626289682539683 0.5405282738095237 0.05794312169312169 0.029479166666666667
1 0.8398445767195767 0.5844717261904763 0.05924603174603175 0.028702876984126983
4 0.6646825396825397 0.6233457341269841 0.08597883597883597 0.046297123015873014