3 0.6127645502645502 0.26165674603174605 0.08664021164021164 0.060515873015873016
5 0.5669642857142857 0.42311507936507936 0.05257936507936508 0.08283730158730158
4 0.11921296296296297 0.6220238095238095 0.059854497354497355 0.0798611111111111
2 0.4052579365079365 0.3529265873015873 0.06117724867724868 0.05654761904761905
0 0.20287698412698413 0.36160714285714285 0.09424603174603174 0.06746031746031746
5 0.6455026455026455 0.5793650793650794 0.05423280423280423 0.08680555555555555
0 0.25033068783068785 0.24801587301587302 0.09986772486772487 0.06448412698412699
1 0.3192791005291005 0.4123263888888889 0.04861111111111111 0.048859126984126984
5 0.08994708994708994 0.36408730158730157 0.10449735449735449 0.053075396825396824
4 0.18882275132275134 0.6279761904761905 0.06018518518518518 0.07936507936507936
5 0.5051256613756614 0.46986607142857145 0.04728835978835979 0.08308531746031746
1 0.10747354497354497 0.2601686507936508 0.06547619047619048 0.034722222222222224
5 0.7076719576719577 0.5342261904761905 0.05423280423280423 0.08432539682539683
5 0.7807539682539683 0.5907738095238095 0.042328042328042326 0.08085317460317461
4 0.2541335978835979 0.6346726190476191 0.06117724867724868 0.07886904761904762
5 0.5735780423280423 0.5236855158730159 0.05324074074074074 0.08556547619047619
4 0.33217592592592593 0.33370535714285715 0.08961640211640212 0.03298611111111111
4 0.3209325396825397 0.6431051587301587 0.0539021164021164 0.07192460317460317
4 0.3854166666666667 0.6499255952380952 0.054563492063492064 0.07564484126984126
5 0.6382275132275133 0.478546626984127 0.05026455026455026 0.08209325396825397
4 0.1402116402116402 0.49243551587301587 0.0582010582010582 0.07465277777777778
4 0.2099867724867725 0.5002480158730159 0.0582010582010582 0.07291666666666667
5 0.500165343915344 0.3661954365079365 0.040013227513227514 0.07564484126984126
4 0.34738756613756616 0.5137648809523809 0.05191798941798942 0.07217261904761904
5 0.7161044973544973 0.636656746031746 0.04927248677248677 0.08432539682539683
4 0.28257275132275134 0.5069444444444444 0.054563492063492064 0.07291666666666667
3 0.3824869791666667 0.275634765625 0.0538330078125 0.06842041015625
3 0.7578125 0.267333984375 0.08357747395833333 0.05975341796875
3 0.5667317708333334 0.3115234375 0.08040364583333333 0.055511474609375
3 0.900390625 0.425048828125 0.08308919270833333 0.05780029296875
3 0.8567708333333334 0.32177734375 0.088134765625 0.057708740234375
3 0.6656901041666666 0.365966796875 0.08414713541666667 0.05706787109375
3 0.8580729166666666 0.4697265625 0.08406575520833333 0.053314208984375
3 0.6595052083333334 0.2098388671875 0.08296712239583333 0.058349609375
3 0.7604166666666666 0.420166015625 0.08174641927083333 0.054412841796875
3 0.8033854166666666 0.369384765625 0.086181640625 0.057281494140625
3 0.7115885416666666 0.31787109375 0.0806884765625 0.05560302734375