3 0.2672519841269841 0.7954092261904763 0.08203042328042329 0.04568452380952381
3 0.42773478835978834 0.6259771825396826 0.08028108465608466 0.04296875
3 0.35058531746031746 0.7094717261904763 0.07836970899470899 0.04193204365079365
3 0.47753968253968254 0.7270510912698412 0.08190806878306878 0.04327380952380952
3 0.24479166666666666 0.7431646825396826 0.08203042328042329 0.04296875
3 0.32438161375661373 0.6577157738095237 0.07609126984126983 0.041840277777777775
3 0.37369708994708994 0.7602529761904763 0.08040343915343914 0.04434275793650794
5 0.5436210317460318 0.35449156746031746 0.062175925925925926 0.06439236111111112
5 0.5703141534391535 0.41137648809523814 0.061726190476190476 0.06222470238095238
5 0.608723544973545 0.33911210317460316 0.06392526455026455 0.06109623015873016
3 0.453125 0.6767584325396826 0.07938492063492064 0.041840277777777775
5 0.6686210317460318 0.45043898809523814 0.06229497354497354 0.06439236111111112
5 0.6061210317460318 0.46484375 0.05716931216931217 0.060761408730158735
1 0.6018882275132275 0.7778323412698412 0.04858465608465608 0.04351686507936508
5 0.6311838624338625 0.5249032738095237 0.06298941798941798 0.06549107142857143
3 0.21956349206349207 0.6909176587301588 0.07938492063492064 0.04223710317460318
5 0.7037764550264549 0.5068353174603174 0.06392526455026455 0.06573412698412699
5 0.7415376984126983 0.56640625 0.06526785714285714 0.06915178571428571
5 0.6393220899470899 0.39721726190476186 0.06661044973544973 0.06176835317460318
3 0.5813789682539682 0.6923834325396826 0.07955026455026455 0.042083333333333334
3 0.5263657407407407 0.5942385912698412 0.07666005291005291 0.040984623015873016
4 0.47167989417989414 0.41943452380952384 0.052083333333333336 0.05966269841269841
2 0.7200529100529101 0.7363293650793651 0.04313161375661376 0.056976686507936504
5 0.6643882275132275 0.5859375 0.06823743386243386 0.07122767857142857
4 0.3740244708994709 0.44995039682539684 0.05814484126984128 0.06109623015873016
0 0.78125 0.6635739087301588 0.09741071428571428 0.02670386904761905
1 0.6572255291005291 0.7451165674603174 0.050251322751322755 0.039947916666666666
4 0.3209623015873016 0.4604489087301587 0.05041666666666667 0.0565500992063492
4 0.5221362433862434 0.5131845238095237 0.06058862433862434 0.060210813492063496
4 0.42480489417989414 0.4340823412698413 0.06046626984126984 0.06188988095238095
0 0.7910152116402117 0.7197271825396826 0.09895833333333333 0.028015873015873015
4 0.36295634920634917 0.5576165674603174 0.049966931216931215 0.054595734126984125
4 0.3125 0.5712896825396826 0.061279761904761906 0.06231646825396825
4 0.26643849206349207 0.47412202380952384 0.0508234126984127 0.053802083333333334
4 0.41569113756613757 0.5400396825396826 0.04874669312169312 0.056121031746031745
4 0.4733068783068783 0.5229489087301588 0.048095238095238094 0.05499255952380952
3 0.5551455026455027 0.6419816468253968 0.08336309523809524 0.04258680555555556