3 0.2561848958333333 0.473388671875 0.099365234375 0.051177978515625
3 0.7877604166666666 0.47607421875 0.059122721354166664 0.075439453125
2 0.5856119791666666 0.456298828125 0.0611572265625 0.06109619140625
3 0.8177083333333334 0.3779296875 0.058349609375 0.07421875
3 0.708984375 0.463623046875 0.0560302734375 0.0755615234375
3 0.6809895833333334 0.560546875 0.052734375 0.07476806640625
3 0.6546223958333334 0.6572265625 0.052937825520833336 0.07421875
3 0.7604166666666666 0.57080078125 0.059244791666666664 0.0753173828125
0 0.4417317708333333 0.47216796875 0.07820638020833333 0.0836181640625
3 0.8098958333333334 0.67529296875 0.060139973958333336 0.07342529296875
3 0.865234375 0.488525390625 0.059041341145833336 0.0765380859375
3 0.8938802083333334 0.3916015625 0.059366861979166664 0.07476806640625
3 0.732421875 0.66552734375 0.0552978515625 0.07305908203125
5 0.2843424479166667 0.75830078125 0.09342447916666667 0.09320068359375
5 0.17464192708333334 0.7421875 0.10221354166666667 0.09332275390625
5 0.4192708333333333 0.6982421875 0.09358723958333333 0.087890625
5 0.5022786458333334 0.78955078125 0.092041015625 0.092041015625
1 0.24951171875 0.5205078125 0.07108561197916667 0.036346435546875
5 0.19368489583333334 0.66943359375 0.101318359375 0.09173583984375
4 0.3938802083333333 0.5625 0.061726888020833336 0.06982421875
5 0.6246744791666666 0.40869140625 0.052571614583333336 0.07879638671875
5 0.3955078125 0.771484375 0.09358723958333333 0.09503173828125
3 0.837890625 0.58154296875 0.059244791666666664 0.07794189453125
5 0.30810546875 0.685546875 0.09822591145833333 0.08978271484375
5 0.5260416666666666 0.72021484375 0.08927408854166667 0.0885009765625
5 0.07637532552083333 0.65576171875 0.10945638020833333 0.090576171875
4 0.4104817708333333 0.32666015625 0.051961263020833336 0.0740966796875
4 0.3372395833333333 0.3154296875 0.050252278645833336 0.07489013671875
4 0.4833984375 0.3369140625 0.0517578125 0.07476806640625
4 0.4440104166666667 0.184814453125 0.06563313802083333 0.09271240234375
1 0.484375 0.56591796875 0.058797200520833336 0.0482177734375
4 0.5169270833333334 0.1943359375 0.06392415364583333 0.092529296875
0 0.541015625 0.6025390625 0.07649739583333333 0.0830078125
4 0.3707682291666667 0.1739501953125 0.06266276041666667 0.091552734375
4 0.2976888020833333 0.15673828125 0.052164713541666664 0.07586669921875
4 0.26513671875 0.304931640625 0.053466796875 0.07501220703125
4 0.5589192708333334 0.345458984375 0.06709798177083333 0.08251953125