3 0.3718188519620808 0.5021029679232805 0.10107658695712082 0.051804154007523154
3 0.771484375 0.440673828125 0.09562174479166667 0.053009033203125
5 0.603515625 0.7421875 0.12736002604166666 0.045257568359375
4 0.48828125 0.375244140625 0.08146158854166667 0.07965087890625
3 0.5387369791666666 0.52294921875 0.10677083333333333 0.059417724609375
5 0.505859375 0.80126953125 0.12532552083333334 0.04779052734375
3 0.8131510416666666 0.496826171875 0.10262044270833333 0.054595947265625
3 0.5794270833333334 0.5830078125 0.103759765625 0.06097412109375
3 0.6536458333333334 0.48193359375 0.09423828125 0.056976318359375
4 0.3567708333333333 0.41748046875 0.08430989583333333 0.0830078125
3 0.4970703125 0.4619140625 0.10392252604166667 0.060302734375
5 0.3955078125 0.86328125 0.13639322916666666 0.047515869140625
3 0.4111328125 0.56591796875 0.10563151041666667 0.0592041015625
5 0.7643229166666666 0.75146484375 0.11824544270833333 0.04345703125
5 0.7962239583333334 0.63427734375 0.12312825520833333 0.044586181640625
5 0.857421875 0.6982421875 0.12646484375 0.043701171875
4 0.4205729166666667 0.396484375 0.081298828125 0.08209228515625
3 0.69921875 0.5400390625 0.09684244791666667 0.05718994140625
5 0.5706380208333334 0.87255859375 0.1337890625 0.046539306640625
4 0.55078125 0.354248046875 0.07792154947916667 0.0802001953125
4 0.2864583333333333 0.438720703125 0.07954915364583333 0.08209228515625
3 0.4527994791666667 0.62939453125 0.10791015625 0.060089111328125
5 0.7057291666666666 0.6875 0.10579427083333333 0.04168701171875
3 0.6207682291666666 0.4189453125 0.09822591145833333 0.054901123046875
0 0.296875 0.7529296875 0.09073893229166667 0.09912109375
5 0.6663411458333334 0.8095703125 0.114501953125 0.049041748046875
4 0.21126302083333334 0.320068359375 0.07792154947916667 0.07904052734375
4 0.3453776041666667 0.28173828125 0.07722981770833333 0.07891845703125
4 0.4098307291666667 0.25927734375 0.07637532552083333 0.07977294921875
3 0.3346354166666667 0.7734375 0.0791015625 0.0850830078125
4 0.4186197916666667 0.75146484375 0.09952799479166667 0.06396484375
4 0.27978515625 0.30029296875 0.07649739583333333 0.080810546875
2 0.31396484375 0.609375 0.08357747395833333 0.058563232421875
0 0.08927408854166667 0.74658203125 0.0826416015625 0.1131591796875
1 0.22639973958333334 0.6162109375 0.07637532552083333 0.048309326171875
1 0.2845052083333333 0.67724609375 0.050048828125 0.052337646484375
5 0.24348958333333334 0.57177734375 0.12736002604166666 0.037811279296875