3 0.5625 0.6528323412698412 0.08280423280423281 0.06109623015873016
1 0.6757804232804233 0.7548834325396826 0.044636243386243384 0.052428075396825397
2 0.6455092592592593 0.7011731150793651 0.05118716931216931 0.060210813492063496
0 0.7994808201058201 0.6684573412698412 0.11149140211640211 0.03561507936507936
3 0.5022784391534392 0.7001959325396826 0.08084986772486773 0.06268353174603175
4 0.3059887566137566 0.66015625 0.09440145502645504 0.07134920634920636
4 0.23665343915343914 0.7915029761904763 0.0959457671957672 0.07421875
3 0.8092460317460317 0.6372073412698412 0.10148148148148148 0.03643849206349206
3 0.32503306878306876 0.56640625 0.08113756613756615 0.06585813492063493
3 0.47265542328042326 0.5839856150793651 0.08146164021164021 0.06143105158730159
3 0.38248677248677254 0.51953125 0.08068783068783068 0.06304811507936509
3 0.5302744708994709 0.5400396825396826 0.08296626984126984 0.0606374007936508
3 0.41438822751322746 0.6303720238095237 0.08308862433862434 0.06420882936507936
4 0.1896164021164021 0.7563467261904763 0.0959457671957672 0.07519593253968254
4 0.2589517195767196 0.625 0.09285383597883598 0.07208333333333333
4 0.7617195767195767 0.5957043650793651 0.08585648148148148 0.05450396825396825
4 0.28401785714285716 0.8276364087301588 0.10172619047619048 0.07665922619047619
4 0.3313789682539683 0.8696279761904763 0.10294642857142858 0.07653769841269842
3 0.3528637566137566 0.40991319444444446 0.08101521164021164 0.06118799603174603
0 0.8509126984126983 0.7949231150793651 0.11385251322751323 0.07598958333333333
5 0.5208333333333334 0.38964781746031746 0.04777116402116403 0.08123759920634921
4 0.40559854497354497 0.734375 0.0915542328042328 0.07367063492063493
4 0.453125 0.7734375 0.09041335978835979 0.07574404761904761
5 0.5738921957671957 0.3359375 0.04919312169312169 0.08361855158730158
3 0.6223974867724869 0.6074231150793651 0.08618055555555557 0.06268353174603175
5 0.8463558201058201 0.47143601190476186 0.05794312169312169 0.08569444444444443
5 0.6217460317460318 0.7578125 0.07279431216931216 0.08196924603174603
5 0.6067724867724869 0.4357911706349206 0.05257275132275132 0.08374007936507936
5 0.6604828042328043 0.37890625 0.04756613756613757 0.0803844246031746
3 0.2971990740740741 0.4548338293650794 0.08113756613756615 0.06323164682539682
5 0.6959623015873017 0.48413194444444446 0.06184854497354497 0.08978174603174603
5 0.7871097883597883 0.5263665674603174 0.05147156084656085 0.08331349206349206
5 0.8873710317460317 0.578125 0.05676256613756614 0.08416666666666667
4 0.35709656084656083 0.6948239087301588 0.09529761904761905 0.07367063492063493
3 0.44075396825396823 0.47534226190476186 0.07735119047619048 0.05920386904761905
5 0.7513029100529101 0.42334077380952384 0.04659060846560846 0.07781994047619047
1 0.7265641534391535 0.69921875 0.06575396825396826 0.029479166666666667