0 0.6613756613756614 0.8356894841269841 0.14947089947089948 0.08754960317460317
4 0.8311838624338624 0.6873759920634921 0.12136243386243387 0.078125
5 0.7455357142857143 0.45783730158730157 0.09226190476190477 0.09325396825396826
2 0.5710978835978836 0.6622023809523809 0.06746031746031746 0.08878968253968254
1 0.593584656084656 0.4852430555555556 0.0873015873015873 0.038938492063492064
4 0.3244047619047619 0.4020337301587302 0.125 0.05505952380952381
1 0.8928571428571429 0.566468253968254 0.06547619047619048 0.06746031746031746
4 0.3996362433862434 0.654265873015873 0.13657407407407407 0.06547619047619048
4 0.359457671957672 0.5228174603174603 0.12962962962962962 0.05704365079365079
4 0.12351190476190477 0.503968253968254 0.12533068783068782 0.05109126984126984
4 0.3406084656084656 0.46056547619047616 0.12566137566137567 0.05952380952380952
4 0.13938492063492064 0.5648561507936508 0.12996031746031747 0.05233134920634921
4 0.16534391534391535 0.7059771825396826 0.14616402116402116 0.06076388888888889
4 0.3794642857142857 0.5855654761904762 0.13260582010582012 0.05853174603174603
4 0.14831349206349206 0.636656746031746 0.13260582010582012 0.054563492063492064
3 0.6946614583333334 0.5556640625 0.122314453125 0.057281494140625