3 0.21676587301587302 0.5224454365079365 0.049933862433862435 0.06820436507936507
3 0.11656746031746032 0.8146081349206349 0.05324074074074074 0.0716765873015873
3 0.15790343915343916 0.6217757936507936 0.05257936507936508 0.06944444444444445
3 0.2349537037037037 0.6137152777777778 0.05125661375661376 0.06820436507936507
3 0.17592592592592593 0.7127976190476191 0.052248677248677246 0.06944444444444445
3 0.2534722222222222 0.7049851190476191 0.05125661375661376 0.06919642857142858
3 0.2726521164021164 0.7956349206349206 0.05125661375661376 0.07043650793650794
3 0.13971560846560846 0.5317460317460317 0.050595238095238096 0.0679563492063492
3 0.09887566137566138 0.7223462301587301 0.05357142857142857 0.0716765873015873
3 0.08101851851851852 0.6313244047619048 0.05423280423280423 0.06919642857142858
3 0.1982473544973545 0.8030753968253969 0.05191798941798942 0.07192460317460317
3 0.06332671957671958 0.5406746031746031 0.05257936507936508 0.06944444444444445
2 0.7022156084656085 0.8389136904761905 0.045304232804232805 0.0597718253968254
5 0.7648809523809523 0.5636160714285714 0.09060846560846561 0.07961309523809523
5 0.8082010582010583 0.7155257936507936 0.07671957671957672 0.07341269841269842
5 0.6962632275132276 0.652405753968254 0.08366402116402116 0.07961309523809523
1 0.42757936507936506 0.8699156746031746 0.05291005291005291 0.04439484126984127
0 0.5482804232804233 0.8444940476190477 0.04365079365079365 0.09126984126984126
5 0.7194113756613757 0.7297867063492064 0.07837301587301587 0.07514880952380952
5 0.7452050264550265 0.4859871031746032 0.0916005291005291 0.07911706349206349
5 0.7875330687830688 0.6385168650793651 0.0882936507936508 0.078125
1 0.36689814814814814 0.902405753968254 0.04927248677248677 0.045882936507936505
4 0.38822751322751325 0.7585565476190477 0.09854497354497355 0.04141865079365079
0 0.6291335978835979 0.8411458333333334 0.044642857142857144 0.08804563492063493
4 0.3741732804232804 0.6577380952380952 0.09755291005291006 0.039186507936507936
4 0.35697751322751325 0.5592757936507936 0.10218253968253968 0.041666666666666664
5 0.6746031746031746 0.5753968253968254 0.08862433862433862 0.07837301587301587
5 0.728505291005291 0.4104662698412698 0.08597883597883597 0.07688492063492064
4 0.5424933862433863 0.6463293650793651 0.09623015873015874 0.036210317460317464
5 0.654265873015873 0.4990079365079365 0.08763227513227513 0.07837301587301587
4 0.3642526455026455 0.609375 0.09887566137566138 0.03720238095238095
4 0.5578703703703703 0.7442956349206349 0.09523809523809523 0.04017857142857143
4 0.52744708994709 0.542906746031746 0.09656084656084656 0.039186507936507936
4 0.3811177248677249 0.7093253968253969 0.09689153439153439 0.041666666666666664
4 0.5509259259259259 0.6935763888888888 0.09722222222222222 0.037450396825396824
5 0.6415343915343915 0.421875 0.08333333333333333 0.07837301587301587
4 0.5353835978835979 0.5946180555555556 0.09656084656084656 0.040426587301587304