0 0.3857473544973545 0.45622519841269843 0.06845238095238096 0.05679563492063492
2 0.4515542328042328 0.5534474206349206 0.0710978835978836 0.0339781746031746
0 0.2701719576719577 0.572296626984127 0.08068783068783068 0.054811507936507936
4 0.19328703703703703 0.6276041666666666 0.07705026455026455 0.06870039682539683
4 0.298776455026455 0.6681547619047619 0.0763888888888889 0.06944444444444445
5 0.19758597883597884 0.5220734126984127 0.07771164021164022 0.05357142857142857
4 0.09672619047619048 0.738343253968254 0.0796957671957672 0.0689484126984127
4 0.20436507936507936 0.7854662698412699 0.08664021164021164 0.0818452380952381
5 0.5193452380952381 0.671875 0.05919312169312169 0.08085317460317461
5 0.5947420634920635 0.6413690476190477 0.05720899470899471 0.0763888888888889
1 0.27744708994708994 0.4463045634920635 0.0496031746031746 0.0339781746031746
5 0.5472883597883598 0.5772569444444444 0.0496031746031746 0.07068452380952381
4 0.3179563492063492 0.8343253968253969 0.09093915343915344 0.08432539682539683
5 0.5674603174603174 0.7421875 0.06746031746031746 0.08804563492063493
5 0.6240079365079365 0.8204365079365079 0.07341269841269842 0.09871031746031746
5 0.6471560846560847 0.7094494047619048 0.056216931216931214 0.08010912698412699
5 0.7741402116402116 0.8686755952380952 0.0582010582010582 0.10044642857142858
5 0.7065145502645502 0.7838541666666666 0.05919312169312169 0.09102182539682539
5 0.685681216931217 0.9089781746031746 0.06580687830687831 0.10962301587301587
3 0.4801421957671958 0.4899900793650794 0.0569675925925926 0.051178075396825395
4 0.2596031746031746 0.8090823412698412 0.0851223544973545 0.07720982142857143
4 0.36621031746031746 0.5200198412698412 0.07865410052910053 0.034241071428571426
4 0.35351521164021166 0.6860342261904763 0.07666005291005291 0.0719593253968254
4 0.15332010582010583 0.7626959325396826 0.09407407407407407 0.08312996031746032
1 0.34440145502645503 0.6064459325396826 0.039755291005291 0.04046626984126984
3 0.6295568783068783 0.5419915674603174 0.06746362433862434 0.05310019841269841
3 0.7089847883597883 0.6049801587301588 0.0742989417989418 0.05966269841269841
3 0.8561210317460317 0.6401364087301588 0.08463624338624338 0.06311011904761905
3 0.6855456349206349 0.51171875 0.06774801587301588 0.05261160714285714
3 0.7415376984126983 0.47778273809523814 0.07291666666666667 0.05185019841269841
3 0.7675793650793651 0.5722668650793651 0.07540013227513227 0.05676339285714286
3 0.7949206349206349 0.6743154761904763 0.08113756613756615 0.06384176587301588
3 0.8925793650793651 0.75390625 0.08699404761904762 0.07006944444444443
3 0.9485681216931217 0.71484375 0.0963558201058201 0.0719593253968254
3 0.8248710317460317 0.5371106150793651 0.08190806878306878 0.057373511904761906
4 0.2449537037037037 0.6455084325396826 0.06636574074074074 0.060302579365079365
3 0.9127612433862434 0.6010739087301588 0.08943783068783068 0.06384176587301588