4 0.5530598958333334 0.498779296875 0.0791015625 0.043212890625
0 0.6217447916666666 0.65478515625 0.047200520833333336 0.0802001953125
3 0.5022786458333334 0.55126953125 0.046671549479166664 0.06427001953125
5 0.7994791666666666 0.6513671875 0.0792236328125 0.08978271484375
3 0.2760416666666667 0.5498046875 0.06746419270833333 0.061981201171875
3 0.337890625 0.370849609375 0.06453450520833333 0.06097412109375
3 0.33984375 0.47216796875 0.06587727864583333 0.063720703125
5 0.7076822916666666 0.50341796875 0.07014973958333333 0.07666015625
3 0.21549479166666666 0.521484375 0.06563313802083333 0.06109619140625
4 0.4254557291666667 0.66455078125 0.07893880208333333 0.049957275390625
3 0.21614583333333334 0.419921875 0.06697591145833333 0.06109619140625
1 0.5016276041666666 0.397216796875 0.044962565104166664 0.04620361328125
5 0.7545572916666666 0.57568359375 0.07470703125 0.0830078125
5 0.8873697916666666 0.625 0.07820638020833333 0.09075927734375
5 0.837890625 0.5498046875 0.0736083984375 0.08251953125
5 0.5572916666666666 0.583984375 0.05517578125 0.0775146484375
5 0.66796875 0.43603515625 0.0628662109375 0.0809326171875
5 0.7942708333333334 0.48095703125 0.07255045572916667 0.078369140625
3 0.156494140625 0.4951171875 0.06925455729166667 0.062225341796875
3 0.3994140625 0.396728515625 0.06551106770833333 0.0634765625
2 0.5833333333333334 0.70849609375 0.06278483072916667 0.054290771484375
5 0.748046875 0.412353515625 0.06925455729166667 0.079345703125
5 0.7102864583333334 0.341796875 0.06392415364583333 0.0784912109375
4 0.5927734375 0.82861328125 0.09562174479166667 0.07183837890625
3 0.09326171875 0.5703125 0.072265625 0.06243896484375
3 0.2775065104166667 0.446533203125 0.06538899739583333 0.0615234375
4 0.37109375 0.82080078125 0.095458984375 0.06695556640625
3 0.15568033854166666 0.599609375 0.07198079427083333 0.06463623046875
4 0.4108072916666667 0.8681640625 0.09684244791666667 0.06854248046875
4 0.33251953125 0.78173828125 0.09309895833333333 0.06756591796875
3 0.2775065104166667 0.34619140625 0.068115234375 0.061187744140625
4 0.4671223958333333 0.70654296875 0.08683268229166667 0.05560302734375
0 0.6227213541666666 0.55810546875 0.0478515625 0.07891845703125
4 0.509765625 0.74609375 0.09847005208333333 0.06634521484375
4 0.5514322916666666 0.7861328125 0.09423828125 0.06610107421875
4 0.4495442708333333 0.91845703125 0.08732096354166667 0.059967041015625
1 0.388671875 0.58154296875 0.047322591145833336 0.040924072265625