4 0.5365410052910053 0.46577380952380953 0.07771164021164022 0.059027777777777776
4 0.5580357142857143 0.3297371031746032 0.0710978835978836 0.051835317460317464
5 0.26157407407407407 0.5778769841269841 0.09722222222222222 0.07242063492063493
5 0.13558201058201058 0.572296626984127 0.0992063492063492 0.06919642857142858
0 0.7080026455026455 0.44208829365079366 0.08267195767195767 0.05381944444444445
4 0.4753637566137566 0.3709077380952381 0.06911375661375661 0.05431547619047619
2 0.6888227513227513 0.5744047619047619 0.04431216931216931 0.05952380952380952
4 0.3794642857142857 0.40922619047619047 0.07308201058201058 0.05555555555555555
5 0.8154761904761905 0.42472718253968256 0.07076719576719577 0.05927579365079365
4 0.6273148148148148 0.41629464285714285 0.07407407407407407 0.051835317460317464
5 0.12913359788359788 0.6412450396825397 0.1001984126984127 0.07514880952380952
5 0.3791335978835979 0.6387648809523809 0.10416666666666667 0.06969246031746032
5 0.49933862433862436 0.6375248015873016 0.10052910052910052 0.06919642857142858
5 0.3794642857142857 0.5725446428571429 0.10085978835978836 0.06721230158730158
5 0.6145833333333334 0.6285962301587301 0.10085978835978836 0.06225198412698413
5 0.4905753968253968 0.5679563492063492 0.10416666666666667 0.06646825396825397
0 0.8822751322751323 0.5654761904761905 0.11044973544973545 0.0441468253968254
4 0.5820304232804233 0.44409226190476186 0.07254960317460317 0.05450396825396825
4 0.6686210317460318 0.39379960317460316 0.07254960317460317 0.053008432539682536
1 0.6422519841269841 0.484375 0.057291666666666664 0.03875744047619048
3 0.19677579365079365 0.8881845238095237 0.13859126984126985 0.06634424603174603
3 0.3916005291005291 0.9409176587301588 0.1432308201058201 0.07641617063492064
3 0.6357407407407407 0.7133779761904763 0.109864417989418 0.0528249007936508
3 0.7923181216931217 0.6254885912698412 0.08496031746031747 0.06280505952380952
4 0.42903769841269845 0.39160218253968254 0.06774801587301588 0.0551140873015873
5 0.2548842592592592 0.6411135912698412 0.10042328042328043 0.06915178571428571
3 0.5553373015873015 0.9018551587301588 0.13077711640211642 0.06951884920634921
3 0.3697916666666667 0.8530282738095237 0.13378968253968254 0.06384176587301588
4 0.7721362433862434 0.5263665674603174 0.0409755291005291 0.05911210317460318
3 0.7128902116402117 0.8642584325396826 0.1163723544973545 0.06130952380952381
3 0.671875 0.7871106150793651 0.11165343915343914 0.05758680555555556
3 0.18391865079365077 0.8012698412698412 0.13142857142857142 0.06164434523809524
3 0.34765542328042326 0.7709970238095237 0.13142857142857142 0.05813492063492064
3 0.5218088624338625 0.8193353174603174 0.1211739417989418 0.06198164682539682
3 0.49316468253968254 0.7416989087301588 0.11531415343915344 0.05340525793650794
1 0.9270833333333334 0.4921875 0.05305886243386243 0.03149305555555556
4 0.5158730158730159 0.3472222222222222 0.06613756613756613 0.044642857142857144