4 0.455026455026455 0.6333085317460317 0.08664021164021164 0.05233134920634921
3 0.6450066137566137 0.6323164682539683 0.08101851851851852 0.06870039682539683
3 0.8454034391534392 0.5345982142857143 0.07705026455026455 0.0662202380952381
3 0.7119708994708994 0.6749751984126984 0.08068783068783068 0.07118055555555555
3 0.7177579365079365 0.5617559523809523 0.0763888888888889 0.06398809523809523
4 0.15823412698412698 0.42373511904761907 0.08101851851851852 0.06473214285714286
3 0.7863756613756614 0.7180059523809523 0.08531746031746032 0.0763888888888889
3 0.8525132275132276 0.6413690476190477 0.07936507936507936 0.07142857142857142
3 0.6372354497354498 0.7542162698412699 0.08465608465608465 0.07589285714285714
3 0.9135251322751323 0.5710565476190477 0.07705026455026455 0.06919642857142858
3 0.56630291005291 0.7087053571428571 0.08432539682539683 0.07316468253968254
3 0.7118055555555556 0.8012152777777778 0.08763227513227513 0.08159722222222222
4 0.42394179894179895 0.4210069444444444 0.0787037037037037 0.06274801587301587
3 0.781415343915344 0.6023065476190477 0.07804232804232804 0.06820436507936507
0 0.3587962962962963 0.5772569444444444 0.09788359788359788 0.05828373015873016
5 0.38095238095238093 0.7016369047619048 0.10582010582010581 0.062003968253968256
4 0.2647156084656085 0.36842757936507936 0.07771164021164022 0.06125992063492063
4 0.2693452380952381 0.5104166666666666 0.08498677248677249 0.0679563492063492
2 0.3801256613756614 0.5375744047619048 0.08564814814814815 0.038938492063492064
0 0.21924603174603174 0.6276041666666666 0.11706349206349206 0.05381944444444445
1 0.3212632275132275 0.6304563492063492 0.0710978835978836 0.03670634920634921
1 0.46395502645502645 0.49069444444444443 0.05756613756613757 0.04033978174603175
4 0.21533068783068782 0.39599702380952384 0.08296626984126984 0.06854166666666667
3 0.5292956349206349 0.5532217261904763 0.07120701058201058 0.05572420634920635
4 0.32275462962962964 0.4826661706349206 0.08235780423280424 0.06719990079365079
4 0.31559193121693124 0.34082093253968254 0.08280423280423281 0.06408730158730158
4 0.37630291005291006 0.45214781746031746 0.08390211640211641 0.06890873015873016
4 0.10188822751322751 0.44921875 0.08585648148148148 0.07147321428571429