1 0.7961309523809523 0.6226438492063492 0.0710978835978836 0.07018849206349206
1 0.6767526455026455 0.542906746031746 0.08498677248677249 0.051587301587301584
4 0.8022486772486772 0.7220982142857143 0.10648148148148148 0.10143849206349206
5 0.7433862433862434 0.4837549603174603 0.11706349206349206 0.08407738095238096
4 0.49272486772486773 0.7003968253968254 0.15079365079365079 0.06845238095238096
4 0.5147156084656085 0.779265873015873 0.16038359788359788 0.07539682539682539
4 0.2286706349206349 0.8299851190476191 0.16765873015873015 0.0726686507936508
4 0.4383267195767196 0.5029761904761905 0.13260582010582012 0.05704365079365079
4 0.22453703703703703 0.7476438492063492 0.164021164021164 0.06919642857142858
2 0.6959325396825397 0.7436755952380952 0.13194444444444445 0.07217261904761904
0 0.8295304232804233 0.8912450396825397 0.18287037037037038 0.06820436507936507
4 0.4732142857142857 0.6313244047619048 0.1455026455026455 0.06324404761904762
4 0.4537037037037037 0.5629960317460317 0.13624338624338625 0.05853174603174603
4 0.21891534391534392 0.6697668650793651 0.15343915343915343 0.06572420634920635
4 0.2152777777777778 0.6013144841269841 0.1488095238095238 0.05679563492063492
3 0.6744808201058201 0.6381845238095237 0.1264649470899471 0.07263144841269842