4 0.7890625 0.423095703125 0.095947265625 0.05072021484375
4 0.8483072916666666 0.54638671875 0.09700520833333333 0.047515869140625
4 0.8717447916666666 0.58935546875 0.08927408854166667 0.0413818359375
4 0.7291666666666666 0.6318359375 0.08528645833333333 0.04052734375
3 0.5563151041666666 0.5986328125 0.078369140625 0.041839599609375
3 0.3616536458333333 0.6591796875 0.07568359375 0.03912353515625
3 0.23958333333333334 0.64208984375 0.078369140625 0.04083251953125
3 0.4322916666666667 0.58154296875 0.0792236328125 0.040008544921875
4 0.828125 0.5068359375 0.09138997395833333 0.043701171875
3 0.5283203125 0.54833984375 0.07954915364583333 0.041229248046875
3 0.4013671875 0.53662109375 0.07881673177083333 0.03985595703125
3 0.20849609375 0.60107421875 0.07881673177083333 0.039276123046875
3 0.4586588541666667 0.62841796875 0.07499186197916667 0.038818359375
3 0.30322265625 0.568359375 0.07808430989583333 0.03948974609375
3 0.3356119791666667 0.61376953125 0.07735188802083333 0.039276123046875
4 0.7037760416666666 0.587890625 0.08447265625 0.042724609375
3 0.498046875 0.5029296875 0.07893880208333333 0.0394287109375
4 0.8079427083333334 0.464111328125 0.095458984375 0.04681396484375
4 0.6822916666666666 0.546875 0.08341471354166667 0.043365478515625
3 0.26953125 0.689453125 0.07865397135416667 0.040679931640625
5 0.3697916666666667 0.38916015625 0.09122721354166667 0.042877197265625
4 0.6412760416666666 0.4716796875 0.0826416015625 0.044921875
5 0.2810872395833333 0.412353515625 0.092041015625 0.04345703125
2 0.5546875 0.68212890625 0.07027180989583333 0.036712646484375
5 0.3961588541666667 0.4443359375 0.09171549479166667 0.048675537109375
5 0.4567057291666667 0.364501953125 0.09611002604166667 0.0469970703125
5 0.22591145833333334 0.489013671875 0.09309895833333333 0.04217529296875
5 0.484375 0.423095703125 0.08699544270833333 0.044921875
5 0.31005859375 0.46826171875 0.09025065104166667 0.043121337890625
5 0.201171875 0.435546875 0.08146158854166667 0.036895751953125
5 0.14176432291666666 0.509765625 0.10221354166666667 0.0489501953125
4 0.6643880208333334 0.51123046875 0.08113606770833333 0.041839599609375
0 0.4993489583333333 0.75732421875 0.053263346354166664 0.07708740234375
5 0.11287434895833333 0.454833984375 0.101318359375 0.053192138671875
0 0.5677083333333334 0.74609375 0.045817057291666664 0.07147216796875
1 0.33984375 0.74853515625 0.05224609375 0.0309600830078125
1 0.3782552083333333 0.716796875 0.0482177734375 0.0289306640625