5 0.41796875 0.51953125 0.08357747395833333 0.08538818359375
3 0.16560872395833334 0.5 0.081298828125 0.06744384765625
1 0.3333333333333333 0.857421875 0.0538330078125 0.04742431640625
4 0.73828125 0.85107421875 0.09562174479166667 0.03436279296875
5 0.5462239583333334 0.57177734375 0.08113606770833333 0.0863037109375
5 0.5032552083333334 0.4970703125 0.08463541666666667 0.0885009765625
5 0.4228515625 0.336181640625 0.08634440104166667 0.09893798828125
4 0.705078125 0.7509765625 0.09611002604166667 0.042327880859375
5 0.4557291666666667 0.59423828125 0.08251953125 0.08197021484375
3 0.3232421875 0.65283203125 0.0791015625 0.063720703125
5 0.375 0.4423828125 0.08280436197916667 0.092041015625
5 0.3302408854166667 0.362548828125 0.08280436197916667 0.0999755859375
3 0.17626953125 0.61474609375 0.083251953125 0.06756591796875
5 0.4625651041666667 0.421142578125 0.07470703125 0.0802001953125
0 0.3811848958333333 0.9462890625 0.091064453125 0.05889892578125
3 0.5686848958333334 0.8359375 0.08748372395833333 0.034027099609375
4 0.5009765625 0.80419921875 0.08056640625 0.048858642578125
4 0.90234375 0.78173828125 0.101318359375 0.03253173828125
4 0.91796875 0.8271484375 0.10221354166666667 0.03955078125
4 0.6888020833333334 0.697265625 0.09611002604166667 0.05340576171875
4 0.888671875 0.72998046875 0.105224609375 0.040618896484375
3 0.18522135416666666 0.72412109375 0.083251953125 0.06463623046875
5 0.6139322916666666 0.9443359375 0.09684244791666667 0.0390625
4 0.8736979166666666 0.67822265625 0.10408528645833333 0.03985595703125
5 0.4912109375 0.67041015625 0.08430989583333333 0.07720947265625
3 0.25830078125 0.685546875 0.08219401041666667 0.06671142578125
3 0.09806315104166667 0.53515625 0.08634440104166667 0.06866455078125
3 0.2654622395833333 0.7958984375 0.07967122395833333 0.06536865234375
2 0.4065755208333333 0.84521484375 0.0791015625 0.039794921875
0 0.16927083333333334 0.86474609375 0.058675130208333336 0.09722900390625
3 0.3343098958333333 0.75732421875 0.07539876302083333 0.063232421875
4 0.7532552083333334 0.89453125 0.09236653645833333 0.038116455078125
3 0.10506184895833333 0.64990234375 0.086669921875 0.06781005859375
3 0.3990885416666667 0.7197265625 0.0792236328125 0.0616455078125
3 0.2470703125 0.57421875 0.08544921875 0.06793212890625
4 0.71875 0.79150390625 0.10001627604166667 0.049774169921875
1 0.5546875 0.7451171875 0.06538899739583333 0.037109375