3 0.263723544973545 0.6879960317460317 0.04861111111111111 0.07142857142857142
3 0.22999338624338625 0.41257440476190477 0.045965608465608467 0.06721230158730158
3 0.16468253968253968 0.5100446428571429 0.0496031746031746 0.06919642857142858
3 0.09540343915343916 0.6085069444444444 0.050595238095238096 0.0716765873015873
3 0.10383597883597884 0.703125 0.0496031746031746 0.0744047619047619
3 0.2523148148148148 0.5939980158730159 0.04828042328042328 0.06994047619047619
3 0.07837301587301587 0.427703373015873 0.04828042328042328 0.06770833333333333
3 0.18766534391534392 0.6944444444444444 0.04927248677248677 0.07341269841269842
3 0.24156746031746032 0.5027281746031746 0.04794973544973545 0.06845238095238096
3 0.1734457671957672 0.6010664682539683 0.04927248677248677 0.07068452380952381
3 0.08746693121693122 0.5168650793650794 0.050595238095238096 0.06994047619047619
3 0.15426587301587302 0.4212549603174603 0.04662698412698413 0.06770833333333333
5 0.6623677248677249 0.40054563492063494 0.08796296296296297 0.0763888888888889
1 0.41782407407407407 0.7703373015873016 0.05324074074074074 0.0441468253968254
2 0.7023809523809523 0.7451636904761905 0.047619047619047616 0.06374007936507936
5 0.6496362433862434 0.32415674603174605 0.08498677248677249 0.07886904761904762
0 0.6283068783068783 0.7464037698412699 0.04431216931216931 0.08854166666666667
5 0.734292328042328 0.31547619047619047 0.08498677248677249 0.07738095238095238
5 0.7716600529100529 0.46552579365079366 0.08697089947089948 0.07787698412698413
5 0.7939814814814815 0.5398065476190477 0.08796296296296297 0.07961309523809523
5 0.6987433862433863 0.5524553571428571 0.08928571428571429 0.07713293650793651
1 0.35284391534391535 0.8022073412698413 0.05092592592592592 0.046378968253968256
5 0.7529761904761905 0.3900049603174603 0.09259259259259259 0.07862103174603174
5 0.6815476190476191 0.47544642857142855 0.083994708994709 0.07539682539682539
0 0.5428240740740741 0.7471478174603174 0.04332010582010582 0.08953373015873016
5 0.7208994708994709 0.6298363095238095 0.08134920634920635 0.07415674603174603
4 0.5348875661375662 0.44047619047619047 0.103505291005291 0.039186507936507936
4 0.3844246031746032 0.6526537698412699 0.10681216931216932 0.04241071428571429
4 0.37648809523809523 0.5502232142857143 0.105489417989418 0.037450396825396824
4 0.36689814814814814 0.45287698412698413 0.10482804232804233 0.03869047619047619
4 0.5474537037037037 0.5398065476190477 0.10482804232804233 0.03993055555555555
4 0.3705357142857143 0.5011160714285714 0.10152116402116403 0.03695436507936508
5 0.8169642857142857 0.6174355158730159 0.0882936507936508 0.07564484126984126
4 0.3811177248677249 0.6013144841269841 0.10615079365079365 0.041914682539682536
4 0.5416666666666666 0.49032738095238093 0.10185185185185185 0.039186507936507936
4 0.5534060846560847 0.5892857142857143 0.10416666666666667 0.03819444444444445
4 0.5577050264550265 0.6403769841269841 0.10218253968253968 0.03819444444444445