5 0.6302083333333334 0.8208010912698412 0.10375992063492064 0.0855704365079365
1 0.2252612433862434 0.4614260912698413 0.07791997354497354 0.052703373015873016
5 0.27132275132275135 0.7358407738095237 0.10831679894179895 0.08300843253968254
5 0.40332010582010586 0.7397470238095237 0.09562169312169314 0.08331349206349206
5 0.7480456349206349 0.7480481150793651 0.0947255291005291 0.0808110119047619
5 0.3903009259259259 0.8217782738095237 0.10115410052910052 0.08447172619047619
5 0.5192063492063492 0.7407217261904763 0.0963558201058201 0.07879712301587301
2 0.32584656084656083 0.4743650793650794 0.09846891534391534 0.05154513888888889
3 0.47233134920634917 0.5913095238095237 0.10261904761904762 0.05108630952380952
3 0.6090509259259259 0.6157217261904763 0.10652777777777778 0.051178075396825395
3 0.29215608465608467 0.6181646825396826 0.10969907407407407 0.06143105158730159
3 0.7330720899470899 0.6386731150793651 0.09822751322751323 0.04788194444444444
5 0.7350264550264549 0.8178720238095237 0.11108465608465609 0.09967013888888888
3 0.6311838624338625 0.5473635912698412 0.10465608465608466 0.05041418650793651
5 0.6396494708994709 0.7446279761904763 0.09407407407407407 0.0784920634920635
0 0.28434193121693124 0.5791021825396826 0.12825396825396826 0.0629265873015873
3 0.6588558201058201 0.47949156746031746 0.1043287037037037 0.0528249007936508
0 0.12687169312169314 0.48339781746031746 0.0961111111111111 0.10858134920634921
3 0.7558597883597883 0.5747073412698412 0.09968915343915344 0.045959821428571426
4 0.6064451058201058 0.3496106150793651 0.07763558201058202 0.09155257936507936
3 0.8548181216931217 0.6611334325396826 0.09952711640211641 0.048308531746031745
4 0.4274074074074074 0.6547842261904763 0.10319113756613757 0.04638640873015873
4 0.6738293650793651 0.36840773809523814 0.07791997354497354 0.08789186507936508
3 0.8769543650793651 0.6000967261904763 0.09741071428571428 0.04394593253968254
1 0.2833664021164021 0.5297842261904763 0.08158399470899472 0.03979414682539682
5 0.5071626984126985 0.8198239087301588 0.09041335978835979 0.08538938492063493
4 0.7434887566137566 0.38549851190476186 0.07967261904761905 0.08691468253968254
4 0.5345039682539682 0.33056547619047616 0.08235780423280424 0.09271329365079364
3 0.7858068783068783 0.5087896825396826 0.09968915343915344 0.04708829365079365
4 0.8157539682539683 0.4018551587301587 0.07214285714285715 0.08331349206349206
3 0.4947916666666667 0.5205084325396826 0.10652777777777778 0.05490079365079365
3 0.5257175925925925 0.45165922619047616 0.1057936507936508 0.051361607142857146
4 0.7285152116402117 0.2290029761904762 0.07808531746031745 0.08911210317460318
4 0.6617824074074075 0.20959573412698412 0.07983465608465608 0.09185763888888888
4 0.7962235449735451 0.24780257936507935 0.07808531746031745 0.08789186507936508
4 0.5895171957671957 0.18444940476190477 0.07067791005291005 0.0925297619047619
5 0.3831580687830688 0.6316443452380952 0.12898478835978835 0.04742063492063492