0 0.20105820105820105 0.7867063492063492 0.08664021164021164 0.12549603174603174
4 0.9371693121693122 0.6254960317460317 0.125 0.08779761904761904
4 0.5307539682539683 0.6997767857142857 0.13756613756613756 0.0954861111111111
4 0.7048611111111112 0.902405753968254 0.15376984126984128 0.10441468253968254
2 0.5140542328042328 0.5141369047619048 0.06448412698412699 0.08630952380952381
5 0.1909722222222222 0.6168154761904762 0.07242063492063493 0.11706349206349206
0 0.24983465608465608 0.46217757936507936 0.10681216931216932 0.09300595238095238
4 0.822255291005291 0.7589285714285714 0.1498015873015873 0.09523809523809523
1 0.11210317460317461 0.7010168650793651 0.07804232804232804 0.06671626984126984
1 0.1164021164021164 0.8139880952380952 0.09193121693121693 0.05505952380952381
3 0.38425925925925924 0.4986359126984127 0.12566137566137567 0.053323412698412696
3 0.8072916666666666 0.390625 0.13956679894179894 0.04821676587301587
3 0.3141269841269841 0.22180059523809523 0.11906084656084656 0.04690476190476191
4 0.3948578042328042 0.640625 0.09895833333333333 0.09997519841269842
4 0.8873710317460317 0.6899404761904763 0.13427579365079365 0.09552083333333333
4 0.7688789682539683 0.828125 0.1514484126984127 0.1167609126984127
4 0.4707043650793651 0.7666021825396826 0.14990079365079365 0.11126736111111112
3 0.6389980158730159 0.2315674603174603 0.12443121693121692 0.04708829365079365
3 0.28303902116402113 0.3688963293650794 0.12337301587301587 0.04534970238095238
3 0.45182208994708994 0.3754885912698413 0.12687169312169314 0.04601934523809524
3 0.30192129629629627 0.29443452380952384 0.12166335978835979 0.044434523809523806
4 0.5836574074074075 0.6396478174603174 0.14575066137566137 0.09967013888888888
3 0.8098974867724869 0.31396577380952384 0.13452050264550267 0.04895089285714286
4 0.6448578042328043 0.57421875 0.141765873015873 0.08587549603174603
3 0.4765641534391535 0.2269295634920635 0.1253240740740741 0.046721230158730157
3 0.4661474867724868 0.3002926587301587 0.12581349206349204 0.045441468253968255
3 0.632714947089947 0.30547371031746035 0.1278670634920635 0.04546875
3 0.6255522486772487 0.3794642857142857 0.12896825396825398 0.044642857142857144