4 0.39715608465608465 0.7204861111111112 0.08465608465608465 0.09126984126984126
4 0.1724537037037037 0.6615823412698413 0.08498677248677249 0.09250992063492064
4 0.3931878306878307 0.558655753968254 0.082010582010582 0.08308531746031746
4 0.24867724867724866 0.5199652777777778 0.08002645502645503 0.08705357142857142
4 0.09854497354497355 0.6412450396825397 0.07605820105820106 0.0845734126984127
4 0.17377645502645503 0.5011160714285714 0.07705026455026455 0.08407738095238096
4 0.2465277777777778 0.6817956349206349 0.07837301587301587 0.09077380952380952
5 0.5325727513227513 0.3864087301587302 0.11276455026455026 0.032242063492063495
5 0.6149140211640212 0.3349454365079365 0.10945767195767196 0.031001984126984128
5 0.6921296296296297 0.2829861111111111 0.11044973544973545 0.030753968253968252
5 0.7683531746031746 0.22916666666666666 0.10945767195767196 0.03422619047619048
4 0.32275132275132273 0.7003968253968254 0.07804232804232804 0.08680555555555555
5 0.8338293650793651 0.2821180555555556 0.11078042328042328 0.0339781746031746
5 0.7544642857142857 0.3318452380952381 0.11144179894179894 0.03422619047619048
5 0.4503968253968254 0.43861607142857145 0.1164021164021164 0.035962301587301584
5 0.6798941798941799 0.38578869047619047 0.11375661375661375 0.0339781746031746
5 0.5993716931216931 0.4402281746031746 0.11607142857142858 0.034722222222222224
4 0.32373015873015876 0.5380853174603174 0.07865410052910053 0.08209325396825397
3 0.7714847883597883 0.8564459325396826 0.06734126984126984 0.08727926587301588
3 0.6803373015873017 0.8349603174603174 0.06453373015873017 0.08740327380952381
3 0.6363921957671957 0.7109375 0.059447751322751326 0.08062748015873016
3 0.8411474867724869 0.6464856150793651 0.06913359788359788 0.08300843253968254
3 0.5957043650793651 0.8198239087301588 0.06563161375661376 0.08587549603174603
3 0.8730456349206349 0.5493154761904763 0.06872685185185186 0.07836805555555557
3 0.7167956349206349 0.7290029761904763 0.06453373015873017 0.08154265873015873
3 0.8072916666666666 0.7495114087301588 0.06599867724867725 0.08282490079365079
3 0.7877612433862434 0.5292981150793651 0.06860449735449736 0.07611111111111112
3 0.6738293650793651 0.609375 0.059570105820105815 0.07708829365079364
3 0.7539054232804233 0.6279290674603174 0.06071097883597884 0.07806299603174603