3 0.3587239583333333 0.65625 0.07568359375 0.0638427734375
3 0.4202473958333333 0.69189453125 0.073486328125 0.063720703125
3 0.55078125 0.6513671875 0.068603515625 0.06243896484375
2 0.5149739583333334 0.7734375 0.059895833333333336 0.058349609375
3 0.4078776041666667 0.80517578125 0.07291666666666667 0.06878662109375
3 0.4830729166666667 0.72509765625 0.07291666666666667 0.06585693359375
3 0.3453776041666667 0.7685546875 0.0748291015625 0.06573486328125
3 0.6155598958333334 0.57958984375 0.06575520833333333 0.056549072265625
3 0.4280598958333333 0.58447265625 0.07120768229166667 0.059539794921875
3 0.28173828125 0.72998046875 0.0758056640625 0.06585693359375
3 0.4905598958333333 0.6201171875 0.0706787109375 0.061187744140625
3 0.49609375 0.5185546875 0.06660970052083333 0.05340576171875
3 0.5537109375 0.55029296875 0.06624348958333333 0.055206298828125
1 0.14860026041666666 0.78173828125 0.07938639322916667 0.05877685546875
1 0.095947265625 0.74072265625 0.06697591145833333 0.0439453125
4 0.2698567708333333 0.595703125 0.08561197916666667 0.05780029296875
4 0.14908854166666666 0.52490234375 0.08235677083333333 0.051849365234375
5 0.7369791666666666 0.73828125 0.10929361979166667 0.0531005859375
5 0.619140625 0.7802734375 0.107177734375 0.055419921875
5 0.6608072916666666 0.7060546875 0.10148111979166667 0.05072021484375
0 0.6546223958333334 0.41162109375 0.09309895833333333 0.03753662109375
4 0.3902994791666667 0.489013671875 0.07332356770833333 0.046905517578125
0 0.673828125 0.45654296875 0.09025065104166667 0.036834716796875
4 0.3058268229166667 0.55859375 0.07413736979166667 0.046722412109375
4 0.23388671875 0.459228515625 0.0775146484375 0.04913330078125
4 0.22444661458333334 0.62646484375 0.07373046875 0.050506591796875
4 0.10636393229166667 0.556640625 0.08101399739583333 0.052337646484375
5 0.73828125 0.57568359375 0.09806315104166667 0.04931640625
5 0.701171875 0.640625 0.089599609375 0.044281005859375
5 0.8515625 0.53857421875 0.10693359375 0.046478271484375
4 0.349609375 0.52783203125 0.078369140625 0.051849365234375
5 0.7805989583333334 0.5126953125 0.0966796875 0.042236328125
5 0.7057291666666666 0.8125 0.107177734375 0.058013916015625
4 0.2726236979166667 0.426025390625 0.07820638020833333 0.046112060546875
5 0.8111979166666666 0.60400390625 0.11027018229166667 0.04931640625
5 0.7819010416666666 0.66943359375 0.0986328125 0.0394287109375
4 0.19384765625 0.4912109375 0.07893880208333333 0.0489501953125