3 0.322265625 0.27490234375 0.1005859375 0.03948974609375
3 0.4654947916666667 0.32080078125 0.10001627604166667 0.038177490234375
3 0.5999348958333334 0.310791015625 0.099853515625 0.03839111328125
3 0.7135416666666666 0.244873046875 0.09635416666666667 0.0374755859375
3 0.4449869791666667 0.2054443359375 0.10148111979166667 0.040985107421875
3 0.73046875 0.301025390625 0.09879557291666667 0.03753662109375
3 0.5865885416666666 0.25537109375 0.09757486979166667 0.0394287109375
3 0.3302408854166667 0.33154296875 0.10115559895833333 0.038604736328125
4 0.12581380208333334 0.58935546875 0.12874348958333334 0.06622314453125
3 0.5729166666666666 0.196533203125 0.10148111979166667 0.040374755859375
3 0.31298828125 0.2142333984375 0.10074869791666667 0.041534423828125
3 0.4557291666666667 0.266357421875 0.099365234375 0.04046630859375
5 0.8404947916666666 0.3955078125 0.1201171875 0.045013427734375
4 0.2900390625 0.477294921875 0.116943359375 0.059967041015625
5 0.9296875 0.43310546875 0.114501953125 0.039642333984375
4 0.4010416666666667 0.69775390625 0.1220703125 0.06903076171875
4 0.09822591145833333 0.5322265625 0.13004557291666666 0.0631103515625
4 0.3440755208333333 0.58447265625 0.120361328125 0.06524658203125
4 0.3733723958333333 0.64013671875 0.123779296875 0.06793212890625
1 0.4690755208333333 0.4140625 0.06490071614583333 0.04083251953125
4 0.20263671875 0.7607421875 0.13688151041666666 0.06982421875
3 0.69921875 0.1878662109375 0.09806315104166667 0.039703369140625
5 0.7337239583333334 0.5419921875 0.12166341145833333 0.046295166015625
5 0.712890625 0.74267578125 0.11971028645833333 0.050811767578125
5 0.876953125 0.50439453125 0.11637369791666667 0.040252685546875
4 0.14990234375 0.646484375 0.13102213541666666 0.06829833984375
1 0.4150390625 0.461181640625 0.0594482421875 0.04400634765625
0 0.6334635416666666 0.454833984375 0.10904947916666667 0.061309814453125
5 0.76953125 0.66064453125 0.12532552083333334 0.052032470703125
5 0.7942708333333334 0.463623046875 0.10432942708333333 0.040771484375
2 0.5797526041666666 0.5439453125 0.07694498697916667 0.061431884765625
4 0.318359375 0.52978515625 0.11905924479166667 0.06268310546875
5 0.6162109375 0.69677734375 0.12141927083333333 0.050506591796875
0 0.6783854166666666 0.3994140625 0.10986328125 0.060302734375
5 0.8268229166666666 0.5791015625 0.12337239583333333 0.046112060546875
5 0.677734375 0.6142578125 0.115478515625 0.042388916015625
4 0.17268880208333334 0.6962890625 0.135009765625 0.0703125