3 0.18994140625 0.54150390625 0.08585611979166667 0.080810546875
3 0.33984375 0.477783203125 0.07853190104166667 0.0782470703125
3 0.24397786458333334 0.326904296875 0.08528645833333333 0.07720947265625
3 0.3294270833333333 0.357421875 0.0792236328125 0.07708740234375
3 0.2604166666666667 0.447509765625 0.08308919270833333 0.0775146484375
3 0.10538736979166667 0.50732421875 0.083251953125 0.07806396484375
3 0.4069010416666667 0.385498046875 0.07666015625 0.07574462890625
3 0.2679036458333333 0.57373046875 0.0826416015625 0.07879638671875
3 0.17887369791666666 0.413818359375 0.0819091796875 0.07586669921875
3 0.3968098958333333 0.269287109375 0.07706705729166667 0.07464599609375
5 0.5921223958333334 0.1627197265625 0.045572916666666664 0.094482421875
3 0.470703125 0.298095703125 0.07706705729166667 0.07891845703125
5 0.76171875 0.28173828125 0.047200520833333336 0.092529296875
5 0.7799479166666666 0.391845703125 0.0517578125 0.09234619140625
5 0.6875 0.33056640625 0.048583984375 0.0885009765625
5 0.85546875 0.337646484375 0.048014322916666664 0.08740234375
5 0.6064453125 0.278564453125 0.046142578125 0.0885009765625
1 0.7317708333333334 0.5546875 0.07307942708333333 0.047698974609375
5 0.67578125 0.22265625 0.047403971354166664 0.0885009765625
5 0.875 0.450439453125 0.048583984375 0.08978271484375
5 0.6331380208333334 0.54736328125 0.13028971354166666 0.038909912109375
0 0.625 0.59716796875 0.13167317708333334 0.035736083984375
4 0.6363932291666666 0.72607421875 0.050821940104166664 0.08465576171875
3 0.6292317708333334 0.49755859375 0.10636393229166667 0.049041748046875
4 0.6520182291666666 0.8974609375 0.055379231770833336 0.0975341796875
2 0.5172526041666666 0.62890625 0.097412109375 0.037200927734375
4 0.5546875 0.7275390625 0.050048828125 0.089111328125
4 0.3850911458333333 0.732421875 0.052449544270833336 0.091064453125
5 0.9524739583333334 0.394287109375 0.054646809895833336 0.09185791015625
4 0.5651041666666666 0.8984375 0.0557861328125 0.09808349609375
0 0.53125 0.55029296875 0.0947265625 0.09552001953125
4 0.4684244791666667 0.73095703125 0.050699869791666664 0.0850830078125
1 0.4889322916666667 0.45849609375 0.0557861328125 0.050048828125
4 0.7376302083333334 0.89892578125 0.056966145833333336 0.09320068359375
4 0.4807942708333333 0.904296875 0.055094401041666664 0.097900390625
4 0.3984375 0.90966796875 0.0491943359375 0.093505859375
4 0.6461588541666666 0.45361328125 0.10172526041666667 0.035003662109375