3 0.20784505208333334 0.481201171875 0.06978352864583333 0.048858642578125
3 0.28125 0.5419921875 0.06888834635416667 0.051361083984375
3 0.3538411458333333 0.6044921875 0.068359375 0.053985595703125
3 0.22998046875 0.57861328125 0.06888834635416667 0.0531005859375
3 0.4235026041666667 0.66748046875 0.0609130859375 0.0560302734375
5 0.5784505208333334 0.51220703125 0.10904947916666667 0.034088134765625
3 0.24593098958333334 0.6767578125 0.06966145833333333 0.054901123046875
3 0.31982421875 0.74169921875 0.07185872395833333 0.056121826171875
3 0.105224609375 0.552734375 0.06913248697916667 0.052703857421875
2 0.4140625 0.44287109375 0.06660970052083333 0.04010009765625
3 0.17594401041666666 0.61669921875 0.07185872395833333 0.058013916015625
4 0.802734375 0.54443359375 0.07853190104166667 0.06719970703125
3 0.162109375 0.51708984375 0.07185872395833333 0.0509033203125
3 0.3019205729166667 0.63916015625 0.0704345703125 0.0548095703125
3 0.3759765625 0.70263671875 0.07279459635416667 0.056976318359375
5 0.5192057291666666 0.470458984375 0.09952799479166667 0.0330810546875
4 0.8346354166666666 0.673828125 0.083251953125 0.0738525390625
4 0.8893229166666666 0.6513671875 0.0819091796875 0.07586669921875
1 0.4954427083333333 0.332763671875 0.054850260416666664 0.0262603759765625
4 0.77734375 0.69921875 0.08011881510416667 0.07489013671875
5 0.6422526041666666 0.463623046875 0.10221354166666667 0.03216552734375
5 0.6497395833333334 0.369873046875 0.10172526041666667 0.03216552734375
4 0.6692708333333334 0.744140625 0.07442220052083333 0.07122802734375
5 0.7942708333333334 0.266845703125 0.102783203125 0.0309600830078125
4 0.5862630208333334 0.63916015625 0.07779947916666667 0.0703125
5 0.8509114583333334 0.3095703125 0.10831705729166667 0.0305023193359375
5 0.5865885416666666 0.419921875 0.10481770833333333 0.0305633544921875
4 0.72265625 0.7216796875 0.07881673177083333 0.0726318359375
4 0.6399739583333334 0.61474609375 0.07413736979166667 0.0704345703125
5 0.7161458333333334 0.3193359375 0.10294596354166667 0.0341796875
5 0.7786458333333334 0.362060546875 0.11027018229166667 0.033203125
4 0.6927083333333334 0.591796875 0.07552083333333333 0.06903076171875
4 0.744140625 0.56982421875 0.07792154947916667 0.06903076171875
5 0.7115885416666666 0.411865234375 0.09529622395833333 0.0265045166015625
0 0.30078125 0.404052734375 0.07763671875 0.0640869140625
1 0.4759114583333333 0.37939453125 0.057942708333333336 0.03143310546875
0 0.2470703125 0.441162109375 0.08235677083333333 0.06512451171875