3 0.7918320105820106 0.7338789682539683 0.05787037037037037 0.0689484126984127
3 0.5109126984126984 0.5182291666666666 0.06481481481481481 0.037450396825396824
5 0.5228174603174603 0.8934771825396826 0.08796296296296297 0.08308531746031746
5 0.28488756613756616 0.4704861111111111 0.07771164021164022 0.033234126984126984
5 0.42956349206349204 0.8978174603174603 0.09126984126984126 0.0818452380952381
4 0.2275132275132275 0.5435267857142857 0.07539682539682539 0.04092261904761905
5 0.517691798941799 0.8092757936507936 0.08498677248677249 0.07539682539682539
5 0.4308862433862434 0.8123759920634921 0.08928571428571429 0.06870039682539683
0 0.3055555555555556 0.5243055555555556 0.04497354497354497 0.053075396825396824
5 0.5069444444444444 0.6685267857142857 0.07738095238095238 0.06274801587301587
5 0.4287367724867725 0.7380952380952381 0.08498677248677249 0.06547619047619048
5 0.5112433862433863 0.7346230158730159 0.07804232804232804 0.06746031746031746
4 0.18171296296296297 0.7270585317460317 0.09093915343915344 0.05133928571428571
5 0.42410714285714285 0.671875 0.08167989417989419 0.06299603174603174
5 0.500165343915344 0.605406746031746 0.06977513227513228 0.057539682539682536
4 0.298776455026455 0.634796626984127 0.08035714285714286 0.04439484126984127
4 0.09771825396825397 0.5938740079365079 0.08101851851851852 0.04389880952380952
2 0.44990079365079366 0.5596478174603174 0.0625 0.026537698412698412
4 0.13773148148148148 0.6555059523809523 0.08564814814814815 0.047619047619047616
1 0.38525132275132273 0.4361359126984127 0.03505291005291005 0.031994047619047616
1 0.3386243386243386 0.5698164682539683 0.037037037037037035 0.03695436507936508
4 0.4054232804232804 0.5104166666666666 0.06481481481481481 0.028273809523809524
3 0.5941369047619048 0.5985441468253968 0.046296296296296294 0.054563492063492064
3 0.6597222222222222 0.5931721230158731 0.04298941798941799 0.053737599206349206
3 0.7236541005291005 0.5815972222222222 0.0496031746031746 0.05538938492063492
3 0.6167328042328042 0.6712971230158731 0.045195105820105816 0.06117807539682539
3 0.6883829365079366 0.6626165674603175 0.0496031746031746 0.05869791666666666
3 0.7556216931216931 0.6510416666666666 0.05180886243386243 0.05869791666666666
3 0.6437400793650794 0.7519022817460318 0.055115740740740736 0.0686185515873016
3 0.7186937830687831 0.7444618055555555 0.055115740740740736 0.06696428571428571
3 0.6735019841269841 0.8465600198412698 0.0573181216931217 0.07771081349206349
3 0.753968253968254 0.8378794642857142 0.05952380952380952 0.07688492063492064
4 0.25297619047619047 0.5704365079365079 0.07605820105820106 0.03802827380952381
4 0.27557208994709 0.6026785714285714 0.07495701058201058 0.03968253968253968
4 0.16038359788359788 0.689484126984127 0.08487764550264551 0.044642857142857144
4 0.1173941798941799 0.6237599206349206 0.08267195767195767 0.043816964285714285
0 0.45965608465608465 0.4662698412698413 0.036375661375661374 0.0496031746031746