3 0.794973544973545 0.7130456349206349 0.08002645502645503 0.07192460317460317
3 0.7276785714285714 0.5642361111111112 0.0710978835978836 0.06101190476190476
3 0.7896825396825397 0.6029265873015873 0.07208994708994709 0.0625
4 0.47784391534391535 0.6319444444444444 0.08333333333333333 0.049107142857142856
3 0.6526124338624338 0.748015873015873 0.08101851851851852 0.07291666666666667
3 0.7233796296296297 0.6726190476190477 0.07705026455026455 0.06746031746031746
3 0.7243716931216931 0.7925347222222222 0.08300264550264551 0.07713293650793651
3 0.9146825396825397 0.5737847222222222 0.0701058201058201 0.06473214285714286
3 0.6588955026455027 0.6307043650793651 0.07572751322751323 0.06498015873015874
3 0.5849867724867724 0.7043650793650794 0.08134920634920635 0.06944444444444445
4 0.24619708994708994 0.4055059523809524 0.0744047619047619 0.05952380952380952
3 0.8566468253968254 0.6400049603174603 0.07506613756613757 0.06721230158730158
2 0.40575396825396826 0.5404265873015873 0.08068783068783068 0.03670634920634921
4 0.3396164021164021 0.3560267857142857 0.07208994708994709 0.057787698412698416
4 0.29993386243386244 0.5147569444444444 0.08134920634920635 0.06721230158730158
3 0.8478835978835979 0.5385664682539683 0.07142857142857142 0.05927579365079365
4 0.447255291005291 0.4303075396825397 0.0744047619047619 0.05853174603174603
3 0.5494378306878307 0.5551835317460317 0.07175925925925926 0.056299603174603176
0 0.2523148148148148 0.6267361111111112 0.11375661375661375 0.056051587301587304
4 0.14087301587301587 0.4575892857142857 0.0787037037037037 0.06498015873015874
5 0.4074074074074074 0.6975446428571429 0.10119047619047619 0.05927579365079365
0 0.3844246031746032 0.5778769841269841 0.09556878306878307 0.05555555555555555
1 0.3498677248677249 0.6285962301587301 0.06812169312169312 0.03546626984126984
1 0.4828042328042328 0.4992559523809524 0.04034391534391534 0.033234126984126984
4 0.19254557291666666 0.432373046875 0.07735188802083333 0.06396484375
4 0.29541015625 0.379638671875 0.08028157552083333 0.060638427734375
4 0.349609375 0.487060546875 0.078369140625 0.06268310546875
4 0.400390625 0.4580078125 0.07954915364583333 0.06396484375