3 0.6595052083333334 0.375 0.049763997395833336 0.06512451171875
5 0.22314453125 0.65673828125 0.0595703125 0.087890625
3 0.76953125 0.449462890625 0.06612141927083333 0.07208251953125
5 0.234375 0.54443359375 0.0523681640625 0.07879638671875
5 0.2908528645833333 0.72216796875 0.056966145833333336 0.090087890625
3 0.88671875 0.5234375 0.0721435546875 0.07489013671875
3 0.8502604166666666 0.4326171875 0.06660970052083333 0.0706787109375
2 0.29443359375 0.454833984375 0.08040364583333333 0.04443359375
5 0.3600260416666667 0.79443359375 0.057373046875 0.09686279296875
5 0.3665364583333333 0.677734375 0.054972330729166664 0.0889892578125
3 0.8040364583333334 0.5390625 0.07185872395833333 0.07574462890625
4 0.6298828125 0.62158203125 0.088134765625 0.042083740234375
1 0.3968098958333333 0.5556640625 0.0594482421875 0.0352783203125
3 0.736328125 0.36328125 0.0609130859375 0.06964111328125
3 0.5712890625 0.54638671875 0.091064453125 0.032470703125
3 0.6888020833333334 0.460693359375 0.058268229166666664 0.070556640625
5 0.3009440104166667 0.6103515625 0.0560302734375 0.08343505859375
0 0.3268229166666667 0.50439453125 0.07307942708333333 0.0699462890625
5 0.4371744791666667 0.74267578125 0.0523681640625 0.091064453125
3 0.720703125 0.55224609375 0.0638427734375 0.0751953125
3 0.8391927083333334 0.6337890625 0.07666015625 0.0810546875
0 0.4772135416666667 0.470458984375 0.11588541666666667 0.059539794921875
3 0.8170572916666666 0.34765625 0.062418619791666664 0.06756591796875
5 0.4456380208333333 0.52001953125 0.048746744791666664 0.07342529296875
5 0.15462239583333334 0.5908203125 0.059895833333333336 0.0855712890625
5 0.4290364583333333 0.8701171875 0.053548177083333336 0.10174560546875
1 0.5221354166666666 0.41796875 0.06612141927083333 0.03948974609375
4 0.3263346354166667 0.2371826171875 0.06990559895833333 0.07171630859375
4 0.3828125 0.2161865234375 0.068603515625 0.07122802734375
3 0.755859375 0.64697265625 0.070556640625 0.08154296875
4 0.267578125 0.25732421875 0.06990559895833333 0.0743408203125
4 0.3987630208333333 0.33837890625 0.07255045572916667 0.075439453125
4 0.3372395833333333 0.36181640625 0.07291666666666667 0.07196044921875
4 0.4586588541666667 0.318359375 0.07401529947916667 0.07342529296875
4 0.2752278645833333 0.38037109375 0.07893880208333333 0.07763671875
4 0.14656575520833334 0.292724609375 0.07027180989583333 0.0765380859375
4 0.20882161458333334 0.2744140625 0.06648763020833333 0.07476806640625