3 0.30485119047619047 0.7470709325396826 0.0841468253968254 0.07629464285714285
3 0.45637896825396823 0.6982415674603174 0.08101521164021164 0.07476686507936507
3 0.3740244708994709 0.7880853174603174 0.08569444444444443 0.0808110119047619
3 0.23421296296296296 0.7050793650793651 0.08430886243386243 0.07519593253968254
3 0.6080720899470899 0.5356448412698412 0.07482804232804233 0.06500248015873016
3 0.5406911375661375 0.5034176587301588 0.07552248677248677 0.06335565476190476
3 0.46744708994708994 0.5800793650793651 0.07955026455026455 0.0703125
3 0.390625 0.66015625 0.08084986772486773 0.07250992063492064
3 0.3196626984126984 0.6220709325396826 0.0792228835978836 0.07263144841269842
3 0.47693452380952384 0.47028273809523813 0.0700165343915344 0.05845734126984127
5 0.5247387566137566 0.36621031746031746 0.043945105820105815 0.07183779761904761
5 0.5019543650793651 0.2885739087301587 0.041524470899470894 0.06610119047619047
1 0.6972652116402117 0.6015625 0.06734126984126984 0.03747519841269841
5 0.4326157407407408 0.26049851190476186 0.04044642857142857 0.06793154761904761
5 0.36328042328042326 0.22326636904761907 0.0430489417989418 0.0719593253968254
5 0.37890542328042326 0.29589781746031746 0.041054894179894184 0.07006944444444443
3 0.39941468253968254 0.5449231150793651 0.08068783068783068 0.0668328373015873
4 0.24609457671957674 0.38208085317460316 0.08959986772486772 0.055602678571428574
5 0.4521494708994709 0.32788194444444446 0.0420734126984127 0.0699454365079365
2 0.7708333333333334 0.5126959325396826 0.06990410052910052 0.0546875
5 0.656901455026455 0.3537599206349206 0.04895171957671958 0.07043402777777778
5 0.31184854497354497 0.26074156746031746 0.04471891534391534 0.07452380952380953
5 0.6074206349206349 0.40698164682539684 0.05517526455026455 0.08105406746031746
4 0.23876984126984127 0.5517584325396826 0.0910648148148148 0.06420882936507936
5 0.578125 0.32055555555555554 0.05061838624338624 0.07629464285714285
3 0.5335284391534392 0.6162103174603174 0.07482804232804233 0.06817708333333333
4 0.1646329365079365 0.4470213293650794 0.08666997354497354 0.05813492063492064
4 0.36816468253968254 0.4355481150793651 0.08569444444444443 0.05718998015873016
4 0.11735119047619048 0.4809573412698413 0.08561177248677249 0.054595734126984125
1 0.7213558201058201 0.5493154761904763 0.06648809523809524 0.03527777777777778
4 0.4111342592592592 0.40087797619047616 0.08878637566137566 0.057373511904761906
4 0.2845039682539683 0.5136731150793651 0.08748346560846561 0.056334325396825397
4 0.28596891534391533 0.3432614087301587 0.08308862433862434 0.05331349206349206
4 0.3255224867724868 0.47387648809523814 0.08927248677248677 0.05624503968253968
0 0.7688789682539683 0.4223635912698413 0.08748346560846561 0.05126984126984127
4 0.21061177248677249 0.40942460317460316 0.07836970899470899 0.0528249007936508
0 0.8229166666666666 0.46948164682539684 0.0975760582010582 0.06231646825396825