5 0.3361441798941799 0.33705357142857145 0.08961640211640212 0.12748015873015872
2 0.31415343915343913 0.6886160714285714 0.06812169312169312 0.10689484126984126
1 0.34937169312169314 0.4417162698412698 0.10152116402116403 0.054563492063492064
0 0.27645502645502645 0.7705853174603174 0.17328042328042328 0.09573412698412699
1 0.37037037037037035 0.5608878968253969 0.07738095238095238 0.07961309523809523
4 0.3783068783068783 0.6722470238095238 0.06878306878306878 0.12177579365079365
3 0.6298828125 0.365966796875 0.07499186197916667 0.12249755859375
3 0.7845052083333334 0.521484375 0.08463541666666667 0.1260986328125
3 0.3092447916666667 0.57958984375 0.103759765625 0.11279296875
3 0.4918619791666667 0.367919921875 0.067626953125 0.1171875
3 0.6419270833333334 0.52490234375 0.07499186197916667 0.12445068359375
3 0.4973958333333333 0.52490234375 0.07161458333333333 0.11920166015625
3 0.7701822916666666 0.357177734375 0.079833984375 0.122314453125
3 0.5009765625 0.69384765625 0.07499186197916667 0.1302490234375
3 0.6507161458333334 0.69384765625 0.07792154947916667 0.1279296875
3 0.6549479166666666 0.87060546875 0.08280436197916667 0.1419677734375
3 0.7981770833333334 0.6904296875 0.08683268229166667 0.134033203125
3 0.5055338541666666 0.87451171875 0.0775146484375 0.1419677734375