3 0.4479166666666667 0.5771478174603174 0.05257275132275132 0.08123759920634921
3 0.5471990740740741 0.5698239087301588 0.05224537037037037 0.0816641865079365
3 0.5341798941798942 0.4614260912698413 0.055909391534391534 0.08618055555555557
3 0.43359457671957674 0.4692385912698413 0.056845238095238095 0.08508184523809524
3 0.6386706349206349 0.45434523809523814 0.058267195767195766 0.08618055555555557
3 0.46158730158730155 0.6772470238095237 0.05175925925925926 0.07879712301587301
3 0.47265542328042326 0.7680654761904763 0.04895171957671958 0.07501240079365079
4 0.10905092592592593 0.6723635912698412 0.12443121693121692 0.05154513888888889
4 0.31168650793650793 0.7216790674603174 0.1120601851851852 0.044097222222222225
3 0.6516931216931217 0.7587896825396826 0.04858465608465608 0.07836805555555557
3 0.6425793650793651 0.5654290674603174 0.052083333333333336 0.08093253968253968
0 0.5537103174603175 0.2556150793650794 0.1267096560846561 0.10705605158730158
3 0.5556646825396825 0.66796875 0.04959986772486773 0.07861359126984127
3 0.5638029100529101 0.76171875 0.047648809523809524 0.07641617063492064
4 0.07214285714285715 0.5063467261904762 0.13240410052910054 0.05041418650793651
5 0.9427083333333334 0.6269543650793651 0.10506283068783068 0.08361855158730158
4 0.09895833333333333 0.6176760912698412 0.12581349206349204 0.048308531746031745
3 0.6477876984126985 0.6674801587301588 0.05090277777777778 0.07904017857142857
4 0.3040376984126984 0.6694345238095237 0.11303571428571428 0.047790178571428574
5 0.7988293650793651 0.46337797619047616 0.10449074074074075 0.08465525793650794
5 0.9283862433862434 0.5380853174603174 0.11181547619047619 0.0855704365079365
5 0.8893220899470899 0.23596230158730158 0.1264649470899471 0.10858134920634921
0 0.46516865079365083 0.19995039682539684 0.12784722222222222 0.11456349206349206
4 0.08569444444444443 0.5634771825396826 0.12849867724867725 0.04760664682539682
5 0.8326818783068783 0.6411135912698412 0.10188822751322751 0.08679315476190476
5 0.9121097883597883 0.4470213293650794 0.1223148148148148 0.08801339285714285
4 0.3002943121693122 0.6166989087301588 0.11946759259259258 0.05041418650793651
5 0.7675793650793651 0.25927827380952384 0.11718915343915344 0.10839781746031746
5 0.8144543650793651 0.5527356150793651 0.10693452380952381 0.0863045634920635
5 0.8997387566137566 0.3442385912698413 0.1267096560846561 0.09204117063492064
5 0.7779960317460317 0.3627926587301587 0.10847883597883598 0.09320188492063493
4 0.29215608465608467 0.5615228174603174 0.11946759259259258 0.049134424603174603
1 0.32942791005291006 0.8564459325396826 0.043945105820105815 0.04327380952380952
2 0.7207043650793651 0.6879885912698412 0.03806547619047619 0.06658978174603175
4 0.28499338624338627 0.5024404761904762 0.1253240740740741 0.04895089285714286
4 0.11466600529100529 0.7246106150793651 0.11507275132275133 0.04534970238095238
1 0.40674603174603174 0.8581349206349206 0.04409060846560847 0.04794890873015873