3 0.2659505208333333 0.6875 0.07779947916666667 0.057373046875
5 0.375 0.515625 0.051595052083333336 0.0703125
5 0.4993489583333333 0.54052734375 0.0509033203125 0.0762939453125
4 0.517578125 0.7734375 0.08028157552083333 0.035491943359375
5 0.396484375 0.420166015625 0.053263346354166664 0.07501220703125
3 0.3201497395833333 0.64501953125 0.07527669270833333 0.0552978515625
3 0.181640625 0.62841796875 0.07865397135416667 0.05877685546875
5 0.4300130208333333 0.57421875 0.06551106770833333 0.0810546875
1 0.3704427083333333 0.849609375 0.048380533854166664 0.049407958984375
3 0.23763020833333334 0.58349609375 0.07637532552083333 0.05633544921875
3 0.20686848958333334 0.73046875 0.07735188802083333 0.0582275390625
5 0.3473307291666667 0.353759765625 0.0509033203125 0.07598876953125
3 0.1533203125 0.52197265625 0.07568359375 0.05560302734375
5 0.3245442708333333 0.451171875 0.052083333333333336 0.07147216796875
3 0.40625 0.7060546875 0.07511393229166667 0.05572509765625
3 0.5882161458333334 0.794921875 0.08341471354166667 0.038970947265625
3 0.2950846354166667 0.79541015625 0.07954915364583333 0.05987548828125
3 0.3509114583333333 0.74755859375 0.07694498697916667 0.056640625
0 0.4384765625 0.9423828125 0.08028157552083333 0.07171630859375
3 0.09651692708333333 0.56298828125 0.0775146484375 0.058563232421875
5 0.2716471354166667 0.38671875 0.047932942708333336 0.07611083984375
2 0.4391276041666667 0.8291015625 0.07470703125 0.04486083984375
4 0.6595052083333334 0.63720703125 0.09456380208333333 0.058441162109375
3 0.121826171875 0.67041015625 0.08011881510416667 0.05877685546875
4 0.814453125 0.59033203125 0.086669921875 0.04486083984375
5 0.4534505208333333 0.47802734375 0.06298828125 0.0810546875
5 0.4791666666666667 0.6376953125 0.0609130859375 0.0794677734375
5 0.6630859375 0.90380859375 0.09342447916666667 0.0322265625
4 0.689453125 0.68701171875 0.08296712239583333 0.04620361328125
0 0.21256510416666666 0.8798828125 0.06429036458333333 0.0975341796875
4 0.7194010416666666 0.7265625 0.0986328125 0.059112548828125
4 0.7473958333333334 0.77880859375 0.088623046875 0.047698974609375
4 0.8756510416666666 0.68115234375 0.08846028645833333 0.044525146484375
4 0.8391927083333334 0.62939453125 0.10807291666666667 0.057586669921875
4 0.9049479166666666 0.7275390625 0.092529296875 0.046630859375
4 0.7799479166666666 0.82275390625 0.086669921875 0.047943115234375
1 0.5511067708333334 0.7041015625 0.057169596354166664 0.028656005859375