3 0.6744791666666666 0.471435546875 0.08943684895833333 0.06842041015625
3 0.7584635416666666 0.4013671875 0.087158203125 0.0640869140625
1 0.27880859375 0.66357421875 0.07853190104166667 0.03594970703125
3 0.4514973958333333 0.453125 0.088623046875 0.06842041015625
3 0.6966145833333334 0.359619140625 0.0826416015625 0.06304931640625
4 0.5139973958333334 0.73583984375 0.073486328125 0.07171630859375
5 0.806640625 0.5302734375 0.11946614583333333 0.038818359375
4 0.3048502604166667 0.45166015625 0.09847005208333333 0.0740966796875
3 0.3551432291666667 0.52392578125 0.09138997395833333 0.06781005859375
0 0.4059244791666667 0.7685546875 0.051961263020833336 0.097900390625
5 0.2737630208333333 0.61962890625 0.11507161458333333 0.05718994140625
3 0.5836588541666666 0.5439453125 0.09220377604166667 0.0706787109375
4 0.4537760416666667 0.335205078125 0.08943684895833333 0.0709228515625
3 0.5172526041666666 0.497314453125 0.091552734375 0.06915283203125
3 0.4235026041666667 0.57080078125 0.09187825520833333 0.06915283203125
3 0.4505208333333333 0.77783203125 0.052571614583333336 0.08740234375
5 0.5436197916666666 0.84033203125 0.12296549479166667 0.05023193359375
5 0.7447916666666666 0.60400390625 0.10750325520833333 0.04327392578125
3 0.54296875 0.38232421875 0.08390299479166667 0.064208984375
3 0.4886067708333333 0.61865234375 0.08992513020833333 0.07159423828125
5 0.8899739583333334 0.5732421875 0.11930338541666667 0.038177490234375
4 0.404296875 0.374267578125 0.09456380208333333 0.0728759765625
0 0.21614583333333334 0.8134765625 0.11067708333333333 0.10052490234375
5 0.8274739583333334 0.64599609375 0.119873046875 0.044677734375
5 0.6158854166666666 0.75439453125 0.11971028645833333 0.044586181640625
3 0.607421875 0.428466796875 0.08894856770833333 0.06732177734375
5 0.70703125 0.8046875 0.1240234375 0.049591064453125
4 0.22867838541666666 0.326171875 0.09073893229166667 0.070556640625
4 0.27685546875 0.290771484375 0.09269205729166667 0.07342529296875
4 0.12247721354166667 0.39892578125 0.09423828125 0.06732177734375
4 0.24934895833333334 0.48876953125 0.0966796875 0.0751953125
2 0.3570963541666667 0.6396484375 0.091552734375 0.045196533203125
5 0.6731770833333334 0.67822265625 0.11246744791666667 0.04193115234375
4 0.35546875 0.414306640625 0.09635416666666667 0.07159423828125
4 0.17724609375 0.360107421875 0.09309895833333333 0.0699462890625
5 0.76171875 0.72509765625 0.13736979166666666 0.0548095703125
1 0.3587239583333333 0.705078125 0.034159342447916664 0.049774169921875