4 0.48115079365079366 0.6666666666666666 0.09259259259259259 0.0679563492063492
2 0.24454365079365079 0.6561259920634921 0.09093915343915344 0.05431547619047619
1 0.5515873015873016 0.5747767857142857 0.05026455026455026 0.05679563492063492
5 0.8374669312169312 0.5553075396825397 0.08234126984126984 0.09523809523809523
5 0.7733134920634921 0.4791666666666667 0.07837301587301587 0.0882936507936508
5 0.7377645502645502 0.5855654761904762 0.08664021164021164 0.09722222222222222
5 0.45337301587301587 0.4880952380952381 0.08465608465608465 0.0744047619047619
5 0.8012566137566137 0.6703869047619048 0.08333333333333333 0.1076388888888889
0 0.31746031746031744 0.7863343253968254 0.12962962962962962 0.0716765873015873
5 0.6706349206349206 0.34523809523809523 0.07208994708994709 0.07886904761904762
5 0.9057539682539683 0.6362847222222222 0.08002645502645503 0.10540674603174603
1 0.31415343915343913 0.5023561507936508 0.07605820105820106 0.037450396825396824
5 0.6294642857142857 0.43638392857142855 0.07572751322751323 0.08110119047619048
5 0.7194113756613757 0.4095982142857143 0.07771164021164022 0.08209325396825397
5 0.6817129629629629 0.5073164682539683 0.07837301587301587 0.08556547619047619
3 0.37334656084656087 0.5988343253968254 0.09325396825396826 0.057291666666666664