3 0.3505859375 0.420654296875 0.10319010416666667 0.038604736328125
3 0.4697265625 0.28759765625 0.10579427083333333 0.04132080078125
3 0.6175130208333334 0.40087890625 0.09952799479166667 0.0379638671875
3 0.3427734375 0.360107421875 0.10245768229166667 0.040679931640625
4 0.22216796875 0.84326171875 0.12443033854166667 0.0706787109375
3 0.7506510416666666 0.3916015625 0.10221354166666667 0.038543701171875
4 0.1240234375 0.61962890625 0.12166341145833333 0.061431884765625
3 0.4853515625 0.4111328125 0.101318359375 0.036834716796875
4 0.19547526041666666 0.78271484375 0.12646484375 0.06982421875
3 0.7272135416666666 0.269775390625 0.10262044270833333 0.04248046875
3 0.7389322916666666 0.329833984375 0.10074869791666667 0.036895751953125
4 0.14908854166666666 0.673828125 0.12272135416666667 0.06463623046875
3 0.4772135416666667 0.3525390625 0.10392252604166667 0.040924072265625
3 0.5979817708333334 0.27880859375 0.102783203125 0.042388916015625
4 0.3076171875 0.56494140625 0.114501953125 0.05780029296875
4 0.3346354166666667 0.62109375 0.11572265625 0.059661865234375
3 0.3346354166666667 0.295654296875 0.101318359375 0.040985107421875
4 0.3606770833333333 0.67529296875 0.115478515625 0.0615234375
4 0.4130859375 0.7890625 0.11824544270833333 0.06427001953125
3 0.6070963541666666 0.34228515625 0.10392252604166667 0.042022705078125
4 0.3870442708333333 0.7314453125 0.11678059895833333 0.0638427734375
4 0.171875 0.72705078125 0.1240234375 0.06781005859375
5 0.8033854166666666 0.56201171875 0.11466471354166667 0.042724609375
1 0.4303385416666667 0.55322265625 0.0565185546875 0.041534423828125
5 0.6175130208333334 0.79541015625 0.12312825520833333 0.046722412109375
5 0.708984375 0.8408203125 0.11865234375 0.050811767578125
5 0.9427083333333334 0.5341796875 0.114501953125 0.0379638671875
1 0.4847005208333333 0.50732421875 0.060343424479166664 0.039642333984375
5 0.86328125 0.495361328125 0.121826171875 0.040252685546875
5 0.8268229166666666 0.68212890625 0.12443033854166667 0.04742431640625
2 0.58984375 0.640625 0.07596842447916667 0.0618896484375
5 0.7408854166666666 0.64013671875 0.11368815104166667 0.04443359375
0 0.6888020833333334 0.493408203125 0.10872395833333333 0.061309814453125
5 0.6796875 0.7119140625 0.11466471354166667 0.04083251953125
5 0.8834635416666666 0.60595703125 0.115478515625 0.038177490234375
0 0.6455078125 0.55126953125 0.10774739583333333 0.06243896484375
5 0.7701822916666666 0.7578125 0.12296549479166667 0.0469970703125