3 0.3986441798941799 0.45126488095238093 0.055224867724867725 0.056299603174603176
3 0.3116732804232804 0.32415674603174605 0.05125661375661376 0.05357142857142857
3 0.3541666666666667 0.3862847222222222 0.05489417989417989 0.05530753968253968
3 0.2347883597883598 0.4324156746031746 0.05291005291005291 0.05580357142857143
3 0.320271164021164 0.5698164682539683 0.05787037037037037 0.06125992063492063
3 0.3854166666666667 0.5453869047619048 0.05919312169312169 0.060515873015873016
0 0.9002976190476191 0.5979662698412699 0.07242063492063493 0.07490079365079365
3 0.19560185185185186 0.36929563492063494 0.050595238095238096 0.054563492063492064
3 0.2767857142857143 0.4992559523809524 0.05423280423280423 0.05704365079365079
3 0.44642857142857145 0.5193452380952381 0.0582010582010582 0.05803571428571429
3 0.2943121693121693 0.41108630952380953 0.05291005291005291 0.05530753968253968
3 0.25363756613756616 0.3488343253968254 0.05092592592592592 0.05282738095238095
3 0.3382936507936508 0.47606646825396826 0.05357142857142857 0.05679563492063492
2 0.8797949735449735 0.7084573412698413 0.04927248677248677 0.06274801587301587
4 0.4340277777777778 0.7898065476190477 0.05720899470899471 0.06870039682539683
4 0.37880291005291006 0.6695188492063492 0.060515873015873016 0.0726686507936508
0 0.8296957671957672 0.6223958333333334 0.07142857142857142 0.07564484126984126
4 0.6140873015873016 0.7359871031746031 0.06084656084656084 0.06820436507936507
5 0.36590608465608465 0.2058531746031746 0.05654761904761905 0.07142857142857142
4 0.43799603174603174 0.6517857142857143 0.05919312169312169 0.07291666666666667
4 0.4914021164021164 0.6354166666666666 0.06084656084656084 0.06994047619047619
4 0.5560515873015873 0.7511160714285714 0.05787037037037037 0.07217261904761904
4 0.3759920634920635 0.8058035714285714 0.05555555555555555 0.07142857142857142
5 0.429728835978836 0.18365575396825398 0.05787037037037037 0.0716765873015873
4 0.3187830687830688 0.685515873015873 0.05357142857142857 0.06498015873015874
1 0.6704695767195767 0.5042162698412699 0.04332010582010582 0.037698412698412696
1 0.6053240740740741 0.5199652777777778 0.040013227513227514 0.03943452380952381
4 0.5458002645502645 0.6171875 0.05720899470899471 0.06324404761904762
5 0.5267857142857143 0.4107142857142857 0.061507936507936505 0.07539682539682539
4 0.4923941798941799 0.7693452380952381 0.06084656084656084 0.07341269841269842
5 0.404265873015873 0.25632440476190477 0.0539021164021164 0.06721230158730158
5 0.48412698412698413 0.3585069444444444 0.057539682539682536 0.0726686507936508
5 0.4459325396825397 0.3055555555555556 0.05191798941798942 0.06845238095238096
5 0.5524140211640212 0.32936507936507936 0.055224867724867725 0.07043650793650794
5 0.5090939153439153 0.27901785714285715 0.0539021164021164 0.06646825396825397
5 0.5963955026455027 0.37958829365079366 0.054563492063492064 0.07663690476190477
5 0.4684244791666667 0.2327880859375 0.0633544921875 0.06695556640625