4 0.8740079365079365 0.5648561507936508 0.13293650793650794 0.07514880952380952
4 0.7771164021164021 0.4234871031746032 0.11574074074074074 0.07713293650793651
4 0.5084325396825397 0.3541666666666667 0.13657407407407407 0.06646825396825397
4 0.5381944444444444 0.42038690476190477 0.1412037037037037 0.06746031746031746
4 0.32572751322751325 0.5419146825396826 0.14814814814814814 0.06547619047619048
4 0.5634920634920635 0.48834325396825395 0.14682539682539683 0.0625
4 0.3578042328042328 0.6842757936507936 0.125 0.062003968253968256
4 0.3445767195767196 0.6118551587301587 0.1474867724867725 0.06944444444444445
4 0.28290343915343913 0.41195436507936506 0.1431878306878307 0.06398809523809523
3 0.8776058201058201 0.46337797619047616 0.11303571428571428 0.09204117063492064
3 0.7942724867724869 0.33715773809523814 0.07881613756613756 0.09857142857142857
4 0.30257275132275135 0.47778273809523814 0.14884589947089946 0.07006944444444443