5 0.7330720899470899 0.5981448412698412 0.06526785714285714 0.0816641865079365
3 0.39746031746031746 0.4184573412698413 0.061279761904761906 0.07275297619047619
3 0.4752612433862434 0.4006349206349206 0.05794312169312169 0.07019097222222222
4 0.3076157407407408 0.7036135912698412 0.10335317460317461 0.04977430555555556
4 0.14371693121693122 0.7392584325396826 0.10595568783068784 0.05212301587301587
3 0.43033730158730155 0.5107415674603174 0.06253968253968255 0.07043402777777778
3 0.3502612433862434 0.5278323412698412 0.06311177248677248 0.06964037698412699
0 0.6927083333333334 0.7910168650793651 0.09456349206349206 0.06964037698412699
3 0.5117195767195767 0.49462797619047616 0.06229497354497354 0.07080109126984127
3 0.5436210317460318 0.5849603174603174 0.06046626984126984 0.07238839285714285
4 0.27034391534391533 0.6069345238095237 0.10408399470899471 0.051941964285714286
3 0.41829365079365083 0.7119146825396826 0.06103505291005291 0.07305803571428571
4 0.16365410052910054 0.7900396825396826 0.10392195767195767 0.05059771825396825
5 0.6380224867724869 0.44799851190476186 0.07291666666666667 0.0855704365079365
1 0.5270171957671957 0.8178720238095237 0.05497354497354498 0.04663194444444445
3 0.578125 0.6767584325396826 0.06205357142857143 0.0754389880952381
4 0.12467592592592593 0.6918948412698412 0.10677248677248677 0.051361607142857146
3 0.38248677248677254 0.6201165674603174 0.061279761904761906 0.07147321428571429
2 0.5367824074074075 0.7622073412698412 0.06799272486772487 0.05090277777777778
4 0.10319113756613757 0.640625 0.11287367724867724 0.04922371031746032
5 0.8255224867724869 0.7504885912698412 0.06709656084656085 0.08477678571428571
4 0.7102876984126983 0.71875 0.06453373015873017 0.0647594246031746
5 0.7766931216931217 0.6723635912698412 0.06835978835978836 0.07452380952380953
4 0.24707010582010583 0.55859375 0.10026124338624338 0.048859126984126984
3 0.4638657407407408 0.6010739087301588 0.0587962962962963 0.07055555555555557
5 0.7714847883597883 0.49511656746031746 0.07511243386243385 0.08209325396825397
3 0.49707010582010586 0.6923834325396826 0.061726190476190476 0.07275297619047619
5 0.6829431216931217 0.5239260912698412 0.06392526455026455 0.08020089285714285
1 0.6090509259259259 0.7910168650793651 0.0587962962962963 0.04009920634920635
5 0.8183597883597883 0.5673834325396826 0.07552248677248677 0.08178819444444443
5 0.7259126984126983 0.42089781746031746 0.06990410052910052 0.08135912698412699
5 0.48079365079365083 0.8012698412698412 0.041054894179894184 0.08587549603174603
0 0.6507175925925925 0.9111334325396826 0.11572420634920634 0.05203125
4 0.3278009259259259 0.7534176587301588 0.10115410052910052 0.049134424603174603
5 0.8652347883597883 0.6464856150793651 0.06966269841269841 0.07904017857142857
4 0.28889880952380953 0.6611334325396826 0.0947255291005291 0.04107638888888889
3 0.7175925925925926 0.772155257936508 0.08597883597883597 0.05786954365079365