5 0.5240873015873015 0.5415029761904763 0.04895171957671958 0.07275297619047619
3 0.18391865079365077 0.5268551587301588 0.0742989417989418 0.05419890873015873
3 0.38248677248677254 0.7470709325396826 0.07706679894179895 0.0565500992063492
3 0.3502612433862434 0.6455084325396826 0.07527777777777778 0.0551140873015873
5 0.47233134920634917 0.4824231150793651 0.06148148148148148 0.08154265873015873
5 0.5045568783068783 0.6376959325396826 0.059123677248677245 0.07904017857142857
5 0.45573082010582017 0.5747073412698412 0.06103505291005291 0.0758655753968254
3 0.2133796296296296 0.6298834325396826 0.07568452380952381 0.0559375
3 0.15625 0.6728521825396826 0.07865410052910053 0.05932539682539682
4 0.8632804232804233 0.6245114087301588 0.10261904761904762 0.05758680555555556
5 0.40234457671957674 0.5185540674603174 0.04642857142857143 0.06793154761904761
4 0.8352876984126983 0.5849603174603174 0.08585648148148148 0.045959821428571426
4 0.7760416666666666 0.7734375 0.08732142857142858 0.04681299603174603
4 0.6822916666666666 0.6333010912698412 0.0899239417989418 0.057708333333333334
3 0.2666005291005291 0.5869146825396826 0.07609126984126983 0.0546875
5 0.42252645502645503 0.42065476190476186 0.0637202380952381 0.0816641865079365
3 0.13077711640211642 0.5688467261904763 0.07596891534391534 0.05718998015873016
3 0.298015873015873 0.6884771825396826 0.07625330687830688 0.05541914682539682
0 0.47167989417989414 0.9404290674603174 0.07637566137566137 0.07159474206349206
4 0.7460945767195767 0.7265625 0.08634589947089948 0.048859126984126984
3 0.6165376984126985 0.7900396825396826 0.08174603174603175 0.038117559523809526
3 0.329265873015873 0.7944345238095237 0.07865410052910053 0.05889880952380952
3 0.2408862433862434 0.7309573412698412 0.07625330687830688 0.056855158730158735
5 0.3502612433862434 0.4565426587301587 0.049765211640211644 0.07238839285714285
4 0.7141931216931217 0.6767584325396826 0.09204034391534391 0.05889880952380952
3 0.43619708994708994 0.7050793650793651 0.07694444444444444 0.0559375
4 0.5458994708994709 0.7705084325396826 0.0791005291005291 0.032896825396825397
4 0.8964847883597883 0.6733407738095237 0.08732142857142858 0.04486111111111111
5 0.3701157407407408 0.36303819444444446 0.0507010582010582 0.07367063492063493
1 0.40462301587301586 0.8481448412698412 0.04793320105820106 0.04821676587301587
5 0.29671296296296296 0.39379960317460316 0.05969246031746032 0.08105406746031746
2 0.4690740740740741 0.8256845238095237 0.07080026455026454 0.043122519841269843
5 0.7011706349206349 0.8979489087301588 0.0899239417989418 0.03155505952380953
4 0.9238293650793651 0.7119146825396826 0.10563161375661376 0.06008928571428571
1 0.5778009259259259 0.7011731150793651 0.05769841269841269 0.028487103174603175
0 0.24951058201058202 0.8803720238095237 0.06392526455026455 0.09436011904761904
4 0.8066402116402117 0.8173834325396826 0.08341600529100529 0.04876736111111111