3 0.31787109375 0.3876953125 0.08683268229166667 0.03271484375
3 0.4264322916666667 0.326171875 0.09041341145833333 0.03460693359375
3 0.4365234375 0.438720703125 0.08683268229166667 0.0313720703125
3 0.5491536458333334 0.43408203125 0.088134765625 0.0322265625
3 0.3245442708333333 0.443359375 0.08992513020833333 0.03192138671875
3 0.31005859375 0.330322265625 0.08780924479166667 0.03521728515625
3 0.6617838541666666 0.4287109375 0.090087890625 0.03173828125
3 0.5452473958333334 0.37841796875 0.088134765625 0.033905029296875
3 0.5400390625 0.32080078125 0.08878580729166667 0.035491943359375
3 0.6549479166666666 0.315185546875 0.08927408854166667 0.0345458984375
3 0.4326171875 0.38330078125 0.088134765625 0.035400390625
4 0.20621744791666666 0.72216796875 0.09513346354166667 0.0496826171875
4 0.18603515625 0.67529296875 0.09407552083333333 0.0521240234375
5 0.6927083333333334 0.6591796875 0.1005859375 0.0390625
5 0.5891927083333334 0.77392578125 0.091064453125 0.03424072265625
4 0.22412109375 0.76318359375 0.09269205729166667 0.047515869140625
5 0.8020833333333334 0.54638671875 0.11588541666666667 0.0384521484375
0 0.5615234375 0.556640625 0.08463541666666667 0.050140380859375
5 0.5755208333333334 0.6806640625 0.10074869791666667 0.039642333984375
5 0.74609375 0.6025390625 0.107177734375 0.038330078125
2 0.51171875 0.62353515625 0.0631103515625 0.04949951171875
4 0.16634114583333334 0.63916015625 0.09358723958333333 0.0489501953125
3 0.6565755208333334 0.3720703125 0.08992513020833333 0.034027099609375
4 0.14152018229166666 0.6005859375 0.09407552083333333 0.049224853515625
5 0.5192057291666666 0.73779296875 0.10099283854166667 0.039947509765625
5 0.6809895833333334 0.56640625 0.10970052083333333 0.042572021484375
4 0.3323567708333333 0.6455078125 0.089111328125 0.045196533203125
4 0.3694661458333333 0.728515625 0.09138997395833333 0.0460205078125
4 0.3079427083333333 0.60791015625 0.086181640625 0.037200927734375
5 0.744140625 0.51171875 0.10888671875 0.0413818359375
1 0.3870442708333333 0.55517578125 0.048299153645833336 0.0360107421875
4 0.2882486979166667 0.5634765625 0.090576171875 0.046295166015625
0 0.6041666666666666 0.51123046875 0.08699544270833333 0.05072021484375
4 0.3509114583333333 0.68505859375 0.08894856770833333 0.047332763671875
5 0.6429036458333334 0.71484375 0.09700520833333333 0.034820556640625
1 0.4329427083333333 0.51904296875 0.050821940104166664 0.0323486328125
5 0.6302083333333334 0.62939453125 0.09342447916666667 0.029815673828125