3 0.4173177083333333 0.60302734375 0.10245768229166667 0.0413818359375
3 0.5520833333333334 0.65478515625 0.09969075520833333 0.039642333984375
3 0.4078776041666667 0.54150390625 0.097900390625 0.038177490234375
3 0.6549479166666666 0.52099609375 0.092529296875 0.036346435546875
2 0.4127604166666667 0.76123046875 0.086181640625 0.0325927734375
5 0.23665364583333334 0.469970703125 0.1005859375 0.059539794921875
3 0.2967122395833333 0.68017578125 0.10392252604166667 0.0401611328125
4 0.3424479166666667 0.27734375 0.0567626953125 0.077392578125
5 0.1240234375 0.482177734375 0.119873046875 0.0706787109375
5 0.3444010416666667 0.455078125 0.10099283854166667 0.059417724609375
5 0.5384114583333334 0.3623046875 0.09635416666666667 0.058563232421875
4 0.4524739583333333 0.14208984375 0.052937825520833336 0.0836181640625
5 0.11002604166666667 0.41162109375 0.11930338541666667 0.0704345703125
4 0.3857421875 0.146484375 0.055501302083333336 0.08477783203125
5 0.3313802083333333 0.388671875 0.097900390625 0.058990478515625
3 0.4270833333333333 0.6669921875 0.101318359375 0.039276123046875
3 0.2884114583333333 0.6162109375 0.10481770833333333 0.040924072265625
5 0.22216796875 0.3994140625 0.11149088541666667 0.0699462890625
3 0.5406901041666666 0.59130859375 0.09513346354166667 0.037322998046875
3 0.6764322916666666 0.642578125 0.09757486979166667 0.038818359375
5 0.5533854166666666 0.42626953125 0.10481770833333333 0.06536865234375
3 0.5325520833333334 0.5302734375 0.09635416666666667 0.040313720703125
3 0.6630859375 0.58056640625 0.09700520833333333 0.039642333984375
1 0.3408203125 0.79443359375 0.063720703125 0.03985595703125
4 0.2732747395833333 0.2802734375 0.057820638020833336 0.082275390625
3 0.279296875 0.5517578125 0.10432942708333333 0.0401611328125
4 0.4088541666666667 0.2744140625 0.058675130208333336 0.07806396484375
4 0.3162434895833333 0.1502685546875 0.050618489583333336 0.07977294921875
1 0.3025716145833333 0.8505859375 0.06490071614583333 0.036285400390625
4 0.4755859375 0.26806640625 0.055908203125 0.07879638671875
4 0.5406901041666666 0.26220703125 0.056315104166666664 0.07794189453125
5 0.4495442708333333 0.44287109375 0.10074869791666667 0.06488037109375
4 0.2529296875 0.1531982421875 0.055908203125 0.08251953125
5 0.4358723958333333 0.375732421875 0.10465494791666667 0.06634521484375
0 0.6549479166666666 0.83740234375 0.09611002604166667 0.082275390625
4 0.5166015625 0.13671875 0.0533447265625 0.08123779296875
0 0.5953776041666666 0.88427734375 0.09187825520833333 0.08050537109375