3 0.8990885416666666 0.437744140625 0.043294270833333336 0.0634765625
0 0.3701171875 0.666015625 0.061360677083333336 0.07977294921875
4 0.6276041666666666 0.640625 0.07938639322916667 0.05560302734375
3 0.5530598958333334 0.537109375 0.06551106770833333 0.0631103515625
5 0.4850260416666667 0.61865234375 0.10481770833333333 0.049407958984375
0 0.529296875 0.6767578125 0.11775716145833333 0.0384521484375
3 0.896484375 0.70703125 0.049397786458333336 0.07763671875
4 0.4508463541666667 0.463623046875 0.044962565104166664 0.06695556640625
3 0.8229166666666666 0.5146484375 0.044718424479166664 0.06756591796875
3 0.73828125 0.5947265625 0.046142578125 0.071044921875
1 0.6536458333333334 0.62060546875 0.050537109375 0.042388916015625
3 0.8157552083333334 0.69921875 0.048746744791666664 0.0762939453125
3 0.8977864583333334 0.611328125 0.0482177734375 0.07330322265625
4 0.388671875 0.47265625 0.0450439453125 0.06585693359375
3 0.8984375 0.52294921875 0.047037760416666664 0.06927490234375
3 0.73046875 0.69140625 0.0482177734375 0.07684326171875
3 0.7447916666666666 0.50537109375 0.044514973958333336 0.06707763671875
4 0.4934895833333333 0.353515625 0.041219075520833336 0.06817626953125
4 0.3074544270833333 0.366943359375 0.042073567708333336 0.0640869140625
2 0.2814127604166667 0.5498046875 0.08056640625 0.037750244140625
3 0.82421875 0.431396484375 0.043782552083333336 0.06280517578125
4 0.5123697916666666 0.4580078125 0.045369466145833336 0.06634521484375
5 0.4680989583333333 0.76953125 0.11027018229166667 0.08209228515625
5 0.3538411458333333 0.85302734375 0.11612955729166667 0.0938720703125
5 0.3551432291666667 0.771484375 0.106201171875 0.080810546875
4 0.4348958333333333 0.358642578125 0.04083251953125 0.06829833984375
3 0.8190104166666666 0.60546875 0.047200520833333336 0.07366943359375
5 0.23421223958333334 0.85693359375 0.11149088541666667 0.09124755859375
4 0.3694661458333333 0.36328125 0.043050130208333336 0.06744384765625
4 0.3263346354166667 0.476806640625 0.039530436197916664 0.06268310546875
5 0.24153645833333334 0.7763671875 0.10888671875 0.08404541015625
5 0.7037760416666666 0.8447265625 0.10172526041666667 0.09368896484375
5 0.4684244791666667 0.849609375 0.11946614583333333 0.09588623046875
1 0.3860677083333333 0.54736328125 0.053751627604166664 0.03875732421875
5 0.5807291666666666 0.76513671875 0.10986328125 0.0849609375
4 0.5755208333333334 0.450439453125 0.045979817708333336 0.06622314453125
5 0.58203125 0.8466796875 0.111083984375 0.09027099609375