3 0.9095039682539683 0.4709474206349206 0.06266203703703704 0.07629464285714285
3 0.8782539682539683 0.3693849206349206 0.0637202380952381 0.08209325396825397
4 0.5628240740740741 0.6791989087301588 0.08683201058201058 0.032896825396825397
3 0.7825529100529101 0.3886731150793651 0.06253968253968255 0.0784920634920635
3 0.9394543650793651 0.56640625 0.061726190476190476 0.07318204365079364
3 0.8177083333333334 0.48803819444444446 0.06148148148148148 0.07342509920634921
3 0.6778869047619047 0.6723635912698412 0.08876322751322752 0.035828373015873015
3 0.8769543650793651 0.66796875 0.05794312169312169 0.06939732142857143
3 0.6920568783068783 0.4084474206349206 0.05761574074074074 0.07531746031746032
3 0.7630224867724869 0.5957043650793651 0.05859457671957672 0.07055555555555557
3 0.7285152116402117 0.50390625 0.05708664021164021 0.07208333333333333
4 0.2897123015873016 0.5278323412698412 0.07413690476190476 0.07611111111111112
1 0.4534490740740741 0.6962896825396826 0.059447751322751326 0.031371527777777776
3 0.7942724867724869 0.6826165674603174 0.05497354497354498 0.06951884920634921
4 0.3567724867724868 0.5498040674603174 0.07238756613756614 0.07519593253968254
4 0.22753968253968254 0.5043948412698412 0.07694444444444444 0.07763640873015873
5 0.22249338624338627 0.3144543650793651 0.07580687830687831 0.08435019841269842
5 0.49674603174603177 0.47924851190476186 0.06787037037037037 0.0808110119047619
2 0.6442063492063492 0.7446279761904763 0.06901124338624338 0.04821676587301587
4 0.22053902116402116 0.6420907738095237 0.07458333333333333 0.07684275793650794
3 0.8489583333333334 0.5795907738095237 0.06001653439153439 0.07226686507936508
1 0.6048181216931217 0.6118154761904763 0.06428902116402116 0.03308035714285714
5 0.43359457671957674 0.38305555555555554 0.0719808201058201 0.08618055555555557
4 0.16170304232804233 0.6201165674603174 0.07320105820105821 0.07696428571428571
5 0.5976554232804233 0.5112301587301588 0.06636574074074074 0.07891865079365079
4 0.16520171957671959 0.48754960317460316 0.061279761904761906 0.06463541666666667
5 0.1920568783068783 0.38427827380952384 0.07596891534391534 0.07720982142857143
5 0.32796296296296296 0.34619047619047616 0.07092261904761905 0.08135912698412699
0 0.5139980158730159 0.7949231150793651 0.06787037037037037 0.06890873015873016
5 0.5325529100529101 0.40869047619047616 0.0730787037037037 0.08526537698412699
4 0.2833664021164021 0.6630853174603174 0.07027116402116403 0.07330357142857143
5 0.29069113756613757 0.4084474206349206 0.07470568783068783 0.08587549603174603
5 0.5123710317460318 0.66015625 0.08479828042328043 0.05780009920634921
5 0.3951818783068783 0.44824156746031746 0.07067791005291005 0.07922371031746032
4 0.34049603174603177 0.6840823412698412 0.07067791005291005 0.07342509920634921
4 0.09716931216931216 0.6035168650793651 0.07161375661375662 0.07287698412698412
0 0.38476521164021166 0.80078125 0.11124669312169314 0.06109623015873016