3 0.5185548941798942 0.5747073412698412 0.05456679894179894 0.07043402777777778
3 0.2983399470899471 0.36352430555555554 0.08878637566137566 0.03228670634920635
3 0.2897123015873016 0.41308531746031746 0.08894841269841271 0.03173859126984127
5 0.4371759259259259 0.5878918650793651 0.07267195767195767 0.07684275793650794
3 0.5302744708994709 0.42114335317460316 0.08911044973544975 0.030441468253968252
3 0.6523445767195767 0.42578125 0.08959986772486772 0.03056299603174603
3 0.4108068783068783 0.41772569444444446 0.08878637566137566 0.031617063492063495
2 0.3440740740740741 0.5004885912698412 0.055095899470899476 0.05602926587301587
5 0.7194014550264549 0.7348635912698412 0.1242691798941799 0.06268353174603175
4 0.32584656084656083 0.703125 0.10791005291005291 0.06304811507936509
3 0.3058267195767196 0.3103025793650794 0.08666997354497354 0.031922123015873015
5 0.8847652116402117 0.44897569444444446 0.12036044973544975 0.05108630952380952
3 0.41601521164021166 0.36816468253968254 0.08781084656084656 0.032165178571428574
5 0.7682308201058201 0.65625 0.12687169312169314 0.05624503968253968
0 0.3828141534391535 0.5961904761904763 0.045370370370370366 0.08020089285714285
3 0.42122354497354497 0.3142088293650794 0.08829695767195767 0.03338541666666667
4 0.3636078042328042 0.7548834325396826 0.10294642857142858 0.06097470238095238
3 0.6516931216931217 0.37646577380952384 0.09041335978835979 0.032410714285714286
3 0.5384126984126985 0.3186036706349206 0.09008928571428572 0.03332589285714286
5 0.7526058201058201 0.48315476190476186 0.11222222222222222 0.052519841269841265
4 0.6136078042328043 0.5678720238095237 0.07320105820105821 0.06396577380952381
0 0.43131613756613757 0.53515625 0.12207010582010581 0.051178075396825395
3 0.5348313492063492 0.37255952380952384 0.08976190476190476 0.031205357142857142
5 0.8053373015873017 0.5839856150793651 0.12849867724867725 0.05645833333333333
1 0.45573082010582017 0.6499032738095237 0.05053571428571428 0.051453373015873015
4 0.11083994708994709 0.7324231150793651 0.10408399470899471 0.05889880952380952
5 0.6272784391534392 0.6967782738095237 0.12361772486772486 0.05602926587301587
4 0.14778769841269843 0.7836904761904763 0.12784722222222222 0.07397569444444443
5 0.6673181216931217 0.6279290674603174 0.11759589947089948 0.053802083333333334
5 0.7174470899470899 0.5541989087301588 0.11262896825396825 0.051666666666666666
4 0.18261574074074075 0.8383779761904763 0.12939484126984127 0.07763640873015873
5 0.8470039682539683 0.5141592261904763 0.1242691798941799 0.05331349206349206
4 0.2146825396825397 0.8930654761904763 0.13403439153439153 0.08526537698412699
1 0.5009755291005291 0.47680555555555554 0.06323082010582011 0.029754464285714287
4 0.40039021164021166 0.8105481150793651 0.10042328042328043 0.0637202380952381
4 0.24479166666666666 0.9555654761904763 0.11450066137566138 0.06939732142857143
4 0.288968253968254 0.6513169642857143 0.09335648148148148 0.054288194444444444