2 0.5367063492063492 0.699156746031746 0.08002645502645503 0.08878968253968254
4 0.7624007936507936 0.8288690476190477 0.09556878306878307 0.10863095238095238
1 0.9027777777777778 0.746155753968254 0.06878306878306878 0.07316468253968254
1 0.677744708994709 0.5565476190476191 0.08167989417989419 0.05109126984126984
5 0.8351521164021164 0.5913938492063492 0.12731481481481483 0.06870039682539683
4 0.4750330687830688 0.4429563492063492 0.1173941798941799 0.050595238095238096
4 0.2690145502645503 0.40773809523809523 0.11871693121693122 0.054563492063492064
4 0.23776455026455026 0.45808531746031744 0.11574074074074074 0.054563492063492064
4 0.16236772486772486 0.5797371031746031 0.13095238095238096 0.0597718253968254
4 0.4988425925925926 0.3932291666666667 0.1087962962962963 0.048859126984126984
4 0.45072751322751325 0.5013640873015873 0.12169312169312169 0.053323412698412696
4 0.2005621693121693 0.5199652777777778 0.12400793650793651 0.05828373015873016
4 0.4234457671957672 0.5596478174603174 0.12533068783068782 0.05282738095238095
0 0.49851190476190477 0.8912450396825397 0.17559523809523808 0.051835317460317464
4 0.39451058201058203 0.6221478174603174 0.13095238095238096 0.0642361111111111
3 0.7250330687830688 0.6552579365079365 0.11342592592592593 0.08333333333333333