3 0.20638020833333334 0.34521484375 0.087158203125 0.047149658203125
3 0.2722981770833333 0.4443359375 0.08829752604166667 0.04681396484375
3 0.5185546875 0.2349853515625 0.08528645833333333 0.04779052734375
3 0.23942057291666666 0.3955078125 0.089111328125 0.04876708984375
3 0.3473307291666667 0.359130859375 0.085693359375 0.047943115234375
3 0.3134765625 0.30810546875 0.08528645833333333 0.047607421875
4 0.4820963541666667 0.7294921875 0.090576171875 0.07135009765625
3 0.3802083333333333 0.404296875 0.08447265625 0.0469970703125
3 0.5904947916666666 0.327880859375 0.08463541666666667 0.046295166015625
4 0.30029296875 0.57177734375 0.092041015625 0.0633544921875
4 0.4352213541666667 0.6884765625 0.09440104166666667 0.07275390625
3 0.4537760416666667 0.32080078125 0.08544921875 0.047882080078125
3 0.4173177083333333 0.272705078125 0.08528645833333333 0.047943115234375
0 0.5712890625 0.480224609375 0.103759765625 0.036163330078125
5 0.7473958333333334 0.6953125 0.09171549479166667 0.060089111328125
3 0.5520833333333334 0.28173828125 0.08235677083333333 0.046295166015625
3 0.486328125 0.365478515625 0.08544921875 0.048583984375
1 0.4208984375 0.481689453125 0.059895833333333336 0.0301513671875
4 0.21142578125 0.703125 0.0966796875 0.076416015625
4 0.3922526041666667 0.6513671875 0.09611002604166667 0.07135009765625
4 0.2550455729166667 0.74365234375 0.09773763020833333 0.07574462890625
4 0.164306640625 0.66552734375 0.09407552083333333 0.0701904296875
5 0.6533203125 0.68310546875 0.09391276041666667 0.057708740234375
1 0.396484375 0.53271484375 0.05859375 0.0321044921875
5 0.7981770833333334 0.396484375 0.09456380208333333 0.0526123046875
4 0.3479817708333333 0.828125 0.10099283854166667 0.07806396484375
5 0.716796875 0.382080078125 0.09285481770833333 0.0526123046875
4 0.3470052083333333 0.6123046875 0.09326171875 0.06610107421875
4 0.2986653645833333 0.78173828125 0.09912109375 0.07696533203125
2 0.5638020833333334 0.56396484375 0.052652994791666664 0.058013916015625
5 0.775390625 0.53759765625 0.097900390625 0.055938720703125
5 0.6875 0.52734375 0.09269205729166667 0.060211181640625
0 0.5846354166666666 0.419189453125 0.102783203125 0.0341796875
5 0.7604166666666666 0.61865234375 0.09326171875 0.05792236328125
5 0.69921875 0.454833984375 0.0986328125 0.06268310546875
5 0.7858072916666666 0.468017578125 0.10001627604166667 0.053009033203125
5 0.66796875 0.60205078125 0.105224609375 0.06597900390625