3 0.6129557291666666 0.576171875 0.07527669270833333 0.0321044921875
3 0.6253255208333334 0.5302734375 0.0723876953125 0.03125
3 0.5052083333333334 0.60693359375 0.07320149739583333 0.0316162109375
3 0.6015625 0.62255859375 0.07539876302083333 0.03265380859375
3 0.7096354166666666 0.591796875 0.07865397135416667 0.03314208984375
3 0.8203125 0.56298828125 0.07568359375 0.0313720703125
3 0.5192057291666666 0.5615234375 0.0721435546875 0.0316162109375
3 0.7213541666666666 0.54638671875 0.07401529947916667 0.0321044921875
3 0.7994791666666666 0.65771484375 0.081298828125 0.034088134765625
3 0.53125 0.515625 0.0709228515625 0.0299835205078125
3 0.8072916666666666 0.60888671875 0.07792154947916667 0.033843994140625
4 0.11124674479166667 0.59619140625 0.08650716145833333 0.03802490234375
3 0.69921875 0.64013671875 0.07865397135416667 0.033966064453125
4 0.2532552083333333 0.6044921875 0.08308919270833333 0.035675048828125
4 0.23551432291666666 0.56591796875 0.08251953125 0.03607177734375
4 0.12581380208333334 0.6328125 0.08479817708333333 0.03753662109375
4 0.09969075520833333 0.56005859375 0.083251953125 0.036346435546875
4 0.2646484375 0.638671875 0.08341471354166667 0.03759765625
4 0.145751953125 0.7109375 0.09041341145833333 0.039947509765625
4 0.22493489583333334 0.52978515625 0.07596842447916667 0.037689208984375
5 0.4720052083333333 0.4072265625 0.062052408854166664 0.057281494140625
5 0.548828125 0.41162109375 0.06103515625 0.05194091796875
4 0.13639322916666666 0.67138671875 0.086669921875 0.038543701171875
5 0.5384114583333334 0.46142578125 0.0638427734375 0.058441162109375
5 0.3802083333333333 0.442626953125 0.06278483072916667 0.058135986328125
4 0.27685546875 0.67822265625 0.08406575520833333 0.039642333984375
5 0.3948567708333333 0.39599609375 0.060017903645833336 0.0560302734375
0 0.5260416666666666 0.68212890625 0.032368977864583336 0.06939697265625
1 0.3893229166666667 0.76513671875 0.045369466145833336 0.033721923828125
5 0.3209635416666667 0.385009765625 0.055379231770833336 0.053802490234375
2 0.6360677083333334 0.7138671875 0.03350830078125 0.0496826171875
5 0.6266276041666666 0.420166015625 0.0684814453125 0.05633544921875
1 0.3447265625 0.79833984375 0.043782552083333336 0.0369873046875
0 0.5911458333333334 0.68701171875 0.032755533854166664 0.06878662109375
5 0.615234375 0.468017578125 0.0677490234375 0.059967041015625
5 0.30517578125 0.43017578125 0.06441243489583333 0.057281494140625
5 0.4612630208333333 0.44970703125 0.0584716796875 0.053192138671875