4 0.13607804232804233 0.6805555555555556 0.08167989417989419 0.11210317460317461
4 0.4341931216931217 0.5265376984126984 0.0701058201058201 0.09424603174603174
4 0.5026455026455027 0.699156746031746 0.07341269841269842 0.10416666666666667
4 0.25909391534391535 0.5128968253968254 0.07837301587301587 0.09722222222222222
4 0.1691468253968254 0.5050843253968254 0.07903439153439154 0.09945436507936507
4 0.3500330687830688 0.519593253968254 0.07175925925925926 0.09474206349206349
4 0.2328042328042328 0.685515873015873 0.07804232804232804 0.10912698412698413
4 0.41418650793650796 0.6939484126984127 0.07506613756613757 0.10714285714285714
5 0.45271164021164023 0.38603670634920634 0.12367724867724868 0.03794642857142857
5 0.607473544973545 0.36408730158730157 0.11970899470899471 0.040674603174603176
4 0.3263888888888889 0.6904761904761905 0.07142857142857142 0.10615079365079365
5 0.7018849206349206 0.11470734126984126 0.10945767195767196 0.036458333333333336
5 0.781415343915344 0.16356646825396826 0.11044973544973545 0.03794642857142857
5 0.5162037037037037 0.3148561507936508 0.12103174603174603 0.03794642857142857
5 0.7220568783068783 0.22718253968253968 0.11144179894179894 0.036210317460317464
5 0.6430224867724867 0.18340773809523808 0.11210317460317461 0.03546626984126984
5 0.5833333333333334 0.24888392857142858 0.11243386243386243 0.04141865079365079
5 0.6684854497354498 0.29290674603174605 0.11607142857142858 0.040674603174603176
3 0.916015625 0.7568359375 0.052571614583333336 0.0880126953125
3 0.7369791666666666 0.7578125 0.0545654296875 0.09075927734375
3 0.8235677083333334 0.75634765625 0.054646809895833336 0.09088134765625
3 0.7408854166666666 0.63916015625 0.052164713541666664 0.08758544921875
3 0.9147135416666666 0.64404296875 0.052571614583333336 0.08526611328125
3 0.822265625 0.6416015625 0.053955078125 0.08660888671875
3 0.91015625 0.5361328125 0.05859375 0.08477783203125
3 0.8216145833333334 0.53125 0.0565185546875 0.08343505859375
3 0.7415364583333334 0.5263671875 0.05126953125 0.08209228515625
3 0.9095052083333334 0.431396484375 0.050537109375 0.0794677734375
3 0.822265625 0.423828125 0.05126953125 0.07720947265625