2 0.3455687830687831 0.6292162698412699 0.06812169312169312 0.07192460317460317
4 0.5517526455026455 0.8810763888888888 0.13392857142857142 0.0642361111111111
0 0.15426587301587302 0.7464037698412699 0.10813492063492064 0.08854166666666667
4 0.5701058201058201 0.8096478174603174 0.12962962962962962 0.06225198412698413
0 0.4469246031746032 0.8244047619047619 0.0710978835978836 0.10615079365079365
1 0.14947089947089948 0.8857886904761905 0.06283068783068783 0.057787698412698416
4 0.7893518518518519 0.9185267857142857 0.14814814814814814 0.06820436507936507
5 0.33994708994708994 0.9370039682539683 0.12103174603174603 0.07787698412698413
4 0.8121693121693122 0.7749255952380952 0.14417989417989419 0.06374007936507936
4 0.8012566137566137 0.8448660714285714 0.14616402116402116 0.06671626984126984
4 0.6016865079365079 0.6737351190476191 0.12533068783068782 0.054811507936507936
4 0.5853174603174603 0.7400793650793651 0.12698412698412698 0.057539682539682536
4 0.8237433862433863 0.7065972222222222 0.14087301587301587 0.060515873015873016
4 0.8346560846560847 0.6419890873015873 0.1388888888888889 0.056299603174603176
5 0.7347883597883598 0.2881944444444444 0.12037037037037036 0.034722222222222224
5 0.7134589947089947 0.40141369047619047 0.12003968253968254 0.033482142857142856
1 0.47007275132275134 0.7140376984126984 0.0763888888888889 0.040674603174603176
5 0.6436838624338624 0.3506944444444444 0.11607142857142858 0.033234126984126984
5 0.6245039682539683 0.4642857142857143 0.12136243386243387 0.033234126984126984
5 0.808531746031746 0.34151785714285715 0.12632275132275134 0.03670634920634921
5 0.4621362433862434 0.4670138888888889 0.11937830687830688 0.036210317460317464
5 0.3687169312169312 0.5236855158730159 0.12301587301587301 0.035962301587301584
5 0.5548941798941799 0.41108630952380953 0.11706349206349206 0.034970238095238096
5 0.5335648148148148 0.5246775793650794 0.12400793650793651 0.03695436507936508
3 0.21461640211640212 0.6263640873015873 0.10449735449735449 0.05084325396825397
4 0.2985019841269841 0.7368154761904763 0.07185846560846561 0.08374007936507936
3 0.5563161375661375 0.2315674603174603 0.08113756613756615 0.06512400793650794
3 0.4042956349206349 0.27270585317460316 0.08251984126984127 0.0637202380952381
3 0.49023478835978834 0.20043898809523808 0.07938492063492064 0.062103174603174605
3 0.2478835978835979 0.30761656746031746 0.08894841269841271 0.06622271825396825
3 0.3388657407407408 0.23498511904761907 0.08374007936507936 0.06304811507936509
3 0.38085978835978834 0.38378968253968254 0.08479828042328043 0.06707837301587301
3 0.47102843915343917 0.30615327380952384 0.08325066137566138 0.06646825396825397
3 0.3146164021164021 0.34643601190476186 0.0851223544973545 0.06427083333333333
3 0.2905257936507936 0.46386656746031746 0.08748346560846561 0.06695436507936507
3 0.22200396825396826 0.42285218253968254 0.08959986772486772 0.06793154761904761
3 0.15486772486772488 0.3847668650793651 0.08813492063492064 0.06903025793650794