3 0.5201822916666666 0.701171875 0.043538411458333336 0.0723876953125
3 0.4401041666666667 0.70458984375 0.041666666666666664 0.07208251953125
3 0.4309895833333333 0.5234375 0.039306640625 0.0635986328125
3 0.5813802083333334 0.51708984375 0.040364583333333336 0.06536865234375
3 0.435546875 0.61181640625 0.040140787760416664 0.06817626953125
3 0.6070963541666666 0.79541015625 0.044962565104166664 0.0755615234375
3 0.5133463541666666 0.609375 0.041361490885416664 0.06927490234375
3 0.4453125 0.80224609375 0.041666666666666664 0.077392578125
3 0.5895182291666666 0.60498046875 0.04248046875 0.06842041015625
3 0.5048828125 0.521484375 0.040059407552083336 0.0640869140625
3 0.5989583333333334 0.69921875 0.044881184895833336 0.0740966796875
3 0.5270182291666666 0.79833984375 0.04345703125 0.076416015625
5 0.7845052083333334 0.56982421875 0.07792154947916667 0.0782470703125
2 0.705078125 0.69921875 0.07552083333333333 0.037261962890625
4 0.26953125 0.74658203125 0.09806315104166667 0.038238525390625
4 0.09025065104166667 0.716796875 0.10432942708333333 0.042572021484375
4 0.086669921875 0.6162109375 0.10188802083333333 0.038818359375
0 0.4222005208333333 0.3857421875 0.07552083333333333 0.07171630859375
4 0.08976236979166667 0.66650390625 0.10148111979166667 0.0394287109375
4 0.2579752604166667 0.6494140625 0.092529296875 0.03839111328125
1 0.2713216145833333 0.93115234375 0.046956380208333336 0.056549072265625
5 0.8665364583333334 0.55126953125 0.08056640625 0.07794189453125
5 0.7122395833333334 0.434326171875 0.07267252604166667 0.073974609375
5 0.7486979166666666 0.50341796875 0.07722981770833333 0.07342529296875
0 0.359375 0.35595703125 0.07609049479166667 0.0709228515625
5 0.826171875 0.64013671875 0.063720703125 0.0699462890625
4 0.2556966145833333 0.60009765625 0.10026041666666667 0.042633056640625
5 0.8307291666666666 0.481689453125 0.07820638020833333 0.07183837890625
5 0.76171875 0.35205078125 0.0628662109375 0.06707763671875
5 0.791015625 0.41845703125 0.08146158854166667 0.07305908203125
4 0.0799560546875 0.5673828125 0.09513346354166667 0.035675048828125
4 0.2646484375 0.69677734375 0.10205078125 0.042236328125
5 0.9088541666666666 0.62060546875 0.062052408854166664 0.06951904296875
5 0.68359375 0.366943359375 0.06734212239583333 0.07208251953125
4 0.24788411458333334 0.5498046875 0.10001627604166667 0.0390625
1 0.1953125 0.93115234375 0.049967447916666664 0.055816650390625
4 0.09236653645833333 0.7685546875 0.10595703125 0.042816162109375