4 0.530598544973545 0.6987301587301588 0.08296626984126984 0.02937251984126984
0 0.5231117724867725 0.8901364087301588 0.06526785714285714 0.08618055555555557
3 0.15893518518518518 0.6352529761904763 0.08357804232804233 0.04867559523809523
3 0.29768849206349207 0.6220709325396826 0.08174603174603175 0.04601934523809524
3 0.19889219576719577 0.5854489087301588 0.08357804232804233 0.048492063492063496
3 0.3997387566137566 0.6611334325396826 0.08479828042328043 0.04788194444444444
3 0.2591137566137566 0.6723635912698412 0.08308862433862434 0.04922371031746032
3 0.36230489417989414 0.7128918650793651 0.08650793650793652 0.0499578373015873
3 0.21696097883597884 0.7241220238095237 0.08585648148148148 0.05059771825396825
3 0.32080026455026456 0.7685540674603174 0.08699404761904762 0.05340525793650794
3 0.06298941798941798 0.5947271825396826 0.08190806878306878 0.04949900793650794
1 0.4166666666666667 0.8051760912698412 0.04512566137566138 0.049866071428571426
3 0.10392195767195767 0.5463864087301588 0.08146164021164021 0.04681299603174603
5 0.7272123015873017 0.7895510912698412 0.09806216931216932 0.04553323412698413
5 0.3753240740740741 0.53515625 0.05216600529100529 0.07879712301587301
5 0.22265542328042326 0.36181547619047616 0.038941798941798944 0.07159474206349206
5 0.3040376984126984 0.49121031746031746 0.039530423280423284 0.07171626984126984
5 0.2893882275132275 0.4040525793650794 0.041220238095238095 0.07006944444444443
3 0.6048181216931217 0.7036135912698412 0.07763558201058202 0.04733382936507936
4 0.6549470899470899 0.5698239087301588 0.08308862433862434 0.06707837301587301
5 0.42512896825396823 0.48828125 0.039834656084656084 0.0686656746031746
2 0.47005291005291006 0.7729489087301588 0.059447751322751326 0.05059771825396825
5 0.3574206349206349 0.44262648809523814 0.03961309523809524 0.06719990079365079
5 0.4384755291005291 0.58203125 0.03741402116402116 0.06671130952380953
5 0.16699074074074075 0.40307539682539684 0.039388227513227514 0.06878720238095239
4 0.6113293650793651 0.5371106150793651 0.08406415343915344 0.0647594246031746
3 0.11425925925925925 0.68359375 0.08308862433862434 0.04867559523809523
5 0.23242063492063494 0.4470213293650794 0.03658068783068783 0.07019097222222222
4 0.6966137566137566 0.6044915674603174 0.08781084656084656 0.06756696428571429
4 0.7695304232804233 0.48828125 0.0841468253968254 0.06512400793650794
4 0.8652347883597883 0.5546875 0.09220238095238095 0.06890873015873016
4 0.8170568783068783 0.5214856150793651 0.09122685185185185 0.06707837301587301
0 0.27441468253968254 0.8735342261904763 0.08325066137566138 0.09057539682539682
4 0.7962235449735451 0.6791989087301588 0.094239417989418 0.06982390873015873
4 0.7434887566137566 0.6411135912698412 0.08943783068783068 0.0659796626984127
4 0.7246097883597883 0.45288194444444446 0.0694973544973545 0.05261160714285714
1 0.5328769841269841 0.6259771825396826 0.06034391534391534 0.02970982142857143