3 0.2552910052910053 0.296875 0.1111111111111111 0.11160714285714286
3 0.7622354497354498 0.1925843253968254 0.10052910052910052 0.1297123015873016
3 0.7986111111111112 0.3587549603174603 0.11507936507936507 0.13814484126984128
3 0.8343253968253969 0.5367063492063492 0.11574074074074074 0.14136904761904762
3 0.6711309523809523 0.5514632936507936 0.11144179894179894 0.14112103174603174
3 0.7040343915343915 0.7353670634920635 0.10648148148148148 0.14930555555555555
4 0.26240079365079366 0.41790674603174605 0.08234126984126984 0.12251984126984126
3 0.6372354497354498 0.3742559523809524 0.10185185185185185 0.13343253968253968
3 0.8692129629629629 0.7251984126984127 0.11607142857142858 0.15128968253968253
3 0.5130621693121693 0.5629960317460317 0.09623015873015874 0.13541666666666666
3 0.5368716931216931 0.7523561507936508 0.10152116402116403 0.15004960317460317
3 0.36100198412698414 0.46069444444444446 0.0959457671957672 0.12085069444444443
4 0.0851223544973545 0.5502926587301588 0.1262202380952381 0.11938492063492064
3 0.48372354497354497 0.3886731150793651 0.0987962962962963 0.1434325396825397