5 0.12646484375 0.48388671875 0.10188802083333333 0.041839599609375
4 0.353515625 0.537109375 0.0513916015625 0.0699462890625
4 0.4563802083333333 0.65673828125 0.045817057291666664 0.07366943359375
3 0.4990234375 0.17431640625 0.09407552083333333 0.057281494140625
3 0.4641927083333333 0.2349853515625 0.09122721354166667 0.057586669921875
5 0.18896484375 0.390869140625 0.101318359375 0.048309326171875
5 0.4072265625 0.390625 0.09513346354166667 0.04443359375
5 0.505859375 0.358642578125 0.095947265625 0.043212890625
4 0.22184244791666666 0.5615234375 0.050618489583333336 0.06646728515625
4 0.3224283854166667 0.68115234375 0.053955078125 0.07476806640625
3 0.8665364583333334 0.29833984375 0.10872395833333333 0.0616455078125
5 0.3720703125 0.325439453125 0.099365234375 0.043701171875
5 0.09326171875 0.42236328125 0.0966796875 0.04443359375
4 0.5172526041666666 0.64892578125 0.054036458333333336 0.07611083984375
0 0.6634114583333334 0.7099609375 0.0966796875 0.09136962890625
5 0.2794596354166667 0.359130859375 0.10319010416666667 0.048675537109375
5 0.22086588541666666 0.454345703125 0.10148111979166667 0.047149658203125
3 0.701171875 0.3154296875 0.09912109375 0.056121826171875
1 0.6396484375 0.6025390625 0.051595052083333336 0.0460205078125
3 0.6204427083333334 0.2135009765625 0.10001627604166667 0.05865478515625
1 0.6311848958333334 0.43310546875 0.05859375 0.044189453125
4 0.2613932291666667 0.69482421875 0.051472981770833336 0.072265625
3 0.5807291666666666 0.275146484375 0.09806315104166667 0.05877685546875
3 0.7428385416666666 0.255615234375 0.10465494791666667 0.0615234375
5 0.3154296875 0.422607421875 0.10408528645833333 0.046295166015625
3 0.6604817708333334 0.1480712890625 0.10205078125 0.061767578125
3 0.5380859375 0.10797119140625 0.10245768229166667 0.061981201171875
3 0.826171875 0.358154296875 0.11368815104166667 0.059967041015625
3 0.787109375 0.1903076171875 0.10579427083333333 0.0634765625
4 0.3883463541666667 0.66748046875 0.054361979166666664 0.076416015625
0 0.7760416666666666 0.6201171875 0.056966145833333336 0.0872802734375
4 0.6881510416666666 0.49169921875 0.07820638020833333 0.063232421875
4 0.4182942708333333 0.5263671875 0.051595052083333336 0.0703125
4 0.2906901041666667 0.54833984375 0.0513916015625 0.06915283203125
5 0.8821614583333334 0.460205078125 0.06298828125 0.082275390625
3 0.734375 0.427734375 0.07401529947916667 0.0634765625
2 0.6256510416666666 0.56201171875 0.054036458333333336 0.06304931640625