5 0.7232142857142857 0.21862599206349206 0.1421957671957672 0.06473214285714286
5 0.5954034391534392 0.39285714285714285 0.1359126984126984 0.062003968253968256
4 0.3812830687830688 0.6561259920634921 0.06084656084656084 0.09499007936507936
5 0.6570767195767195 0.30679563492063494 0.1402116402116402 0.06101190476190476
4 0.13045634920634921 0.660094246031746 0.060515873015873016 0.09102182539682539
4 0.13839285714285715 0.8126240079365079 0.05853174603174603 0.09350198412698413
5 0.37880291005291006 0.5239335317460317 0.12665343915343916 0.056299603174603176
5 0.5388558201058201 0.4773065476190476 0.13260582010582012 0.058779761904761904
4 0.22139550264550265 0.8092757936507936 0.055224867724867725 0.09126984126984126
5 0.6240079365079365 0.17559523809523808 0.12896825396825398 0.053075396825396824
4 0.21494708994708994 0.6588541666666666 0.06018518518518518 0.08903769841269842
4 0.3020833333333333 0.8090277777777778 0.05191798941798942 0.08779761904761904
4 0.30158730158730157 0.6576140873015873 0.05489417989417989 0.0920138888888889
4 0.3819444444444444 0.8061755952380952 0.05291005291005291 0.09300595238095238
5 0.435515873015873 0.44047619047619047 0.1335978835978836 0.060515873015873016
4 0.460978835978836 0.810515873015873 0.052248677248677246 0.08581349206349206
5 0.5576171875 0.26806640625 0.14298502604166666 0.0701904296875
3 0.69140625 0.7392578125 0.046671549479166664 0.080810546875
3 0.7779947916666666 0.8330078125 0.049112955729166664 0.0810546875
3 0.6881510416666666 0.6318359375 0.0474853515625 0.0809326171875
3 0.775390625 0.626953125 0.04931640625 0.0809326171875
3 0.6927083333333334 0.84228515625 0.047119140625 0.08062744140625
3 0.8704427083333334 0.8291015625 0.049601236979166664 0.07879638671875
3 0.87109375 0.728515625 0.049845377604166664 0.0792236328125
3 0.87109375 0.62451171875 0.051595052083333336 0.0816650390625
5 0.5016276041666666 0.353271484375 0.122314453125 0.053985595703125
3 0.7760416666666666 0.73193359375 0.0489501953125 0.07989501953125
3 0.8723958333333334 0.5146484375 0.05126953125 0.08251953125
3 0.7766927083333334 0.5166015625 0.050252278645833336 0.082275390625