4 0.3860677083333333 0.318115234375 0.059122721354166664 0.06085205078125
4 0.4873046875 0.3525390625 0.061726888020833336 0.06585693359375
4 0.4684244791666667 0.454833984375 0.063720703125 0.06622314453125
4 0.4352213541666667 0.33349609375 0.0595703125 0.061981201171875
4 0.5921223958333334 0.374267578125 0.06429036458333333 0.06671142578125
4 0.4108072916666667 0.436279296875 0.06901041666666667 0.06927490234375
4 0.3590494791666667 0.42138671875 0.06901041666666667 0.06597900390625
4 0.5201822916666666 0.46826171875 0.068115234375 0.06878662109375
4 0.5364583333333334 0.36328125 0.060139973958333336 0.06475830078125
4 0.3076171875 0.40380859375 0.0677490234375 0.0635986328125
3 0.3240559895833333 0.6689453125 0.07853190104166667 0.06536865234375
3 0.1826171875 0.6484375 0.07539876302083333 0.0635986328125
3 0.26220703125 0.71484375 0.08296712239583333 0.0703125
3 0.11344401041666667 0.58447265625 0.06990559895833333 0.059326171875
3 0.17317708333333334 0.54052734375 0.068603515625 0.055816650390625
3 0.3460286458333333 0.79443359375 0.08927408854166667 0.080810546875
3 0.24479166666666666 0.60107421875 0.07198079427083333 0.058349609375
3 0.4143880208333333 0.74169921875 0.085693359375 0.07696533203125
1 0.5445963541666666 0.27294921875 0.0360107421875 0.03155517578125
3 0.19059244791666666 0.76318359375 0.083740234375 0.07354736328125
3 0.116943359375 0.6904296875 0.07527669270833333 0.06500244140625
3 0.2731119791666667 0.84521484375 0.08732096354166667 0.08209228515625
0 0.75 0.39111328125 0.103759765625 0.047607421875
5 0.9225260416666666 0.60693359375 0.10319010416666667 0.073974609375
5 0.6764322916666666 0.65380859375 0.09041341145833333 0.08343505859375
3 0.0491943359375 0.62451171875 0.07442220052083333 0.062225341796875
5 0.7923177083333334 0.6689453125 0.09969075520833333 0.08587646484375
1 0.4938151041666667 0.260498046875 0.037068684895833336 0.036285400390625
5 0.4755859375 0.5576171875 0.07320149739583333 0.07275390625
5 0.8033854166666666 0.59765625 0.08585611979166667 0.0726318359375
5 0.9153645833333334 0.6806640625 0.10188802083333333 0.07965087890625
5 0.5563151041666666 0.63818359375 0.08699544270833333 0.079345703125
5 0.6901041666666666 0.583984375 0.081298828125 0.07183837890625
5 0.4537760416666667 0.6181640625 0.08011881510416667 0.07684326171875
0 0.7252604166666666 0.437744140625 0.10099283854166667 0.047882080078125
5 0.5745442708333334 0.572265625 0.08650716145833333 0.08331298828125
2 0.7259114583333334 0.51904296875 0.08341471354166667 0.0328369140625