2 0.4016927083333333 0.6552734375 0.0819091796875 0.0312042236328125
3 0.18115234375 0.623046875 0.044637044270833336 0.06719970703125
3 0.17805989583333334 0.71533203125 0.044270833333333336 0.07275390625
4 0.4583333333333333 0.4853515625 0.08101399739583333 0.044677734375
3 0.2516276041666667 0.7109375 0.04248046875 0.07196044921875
3 0.11002604166666667 0.54345703125 0.043701171875 0.061981201171875
3 0.10245768229166667 0.62841796875 0.046346028645833336 0.06805419921875
3 0.2521158854166667 0.61767578125 0.041219075520833336 0.06829833984375
3 0.095458984375 0.7216796875 0.047200520833333336 0.0728759765625
5 0.4934895833333333 0.56201171875 0.085693359375 0.061309814453125
3 0.18522135416666666 0.53759765625 0.043538411458333336 0.06280517578125
3 0.2542317708333333 0.450927734375 0.039164225260416664 0.0560302734375
0 0.5152994791666666 0.59619140625 0.09375 0.054107666015625
5 0.3154296875 0.395751953125 0.067626953125 0.0699462890625
3 0.18880208333333334 0.45947265625 0.042399088541666664 0.05889892578125
3 0.2532552083333333 0.5322265625 0.040974934895833336 0.0634765625
0 0.42578125 0.583984375 0.039082845052083336 0.0810546875
4 0.8997395833333334 0.6181640625 0.09187825520833333 0.06292724609375
4 0.84765625 0.65625 0.091064453125 0.06683349609375
4 0.6087239583333334 0.63916015625 0.07706705729166667 0.0582275390625
5 0.4007161458333333 0.406494140625 0.07853190104166667 0.07275390625
4 0.798828125 0.69873046875 0.08976236979166667 0.06524658203125
5 0.5110677083333334 0.3603515625 0.0775146484375 0.0726318359375
5 0.6041666666666666 0.364013671875 0.08235677083333333 0.0738525390625
5 0.4215494791666667 0.353759765625 0.07763671875 0.06951904296875
5 0.5836588541666666 0.420654296875 0.083740234375 0.07452392578125
3 0.462890625 0.5244140625 0.08357747395833333 0.0287017822265625
5 0.3391927083333333 0.34033203125 0.0706787109375 0.0701904296875
4 0.705078125 0.56103515625 0.07779947916666667 0.05792236328125
5 0.2527669270833333 0.327392578125 0.063232421875 0.06231689453125
5 0.4905598958333333 0.41357421875 0.073486328125 0.07171630859375
4 0.94921875 0.57666015625 0.08780924479166667 0.05877685546875
4 0.7532552083333334 0.5263671875 0.0806884765625 0.0574951171875
4 0.751953125 0.74169921875 0.08447265625 0.06463623046875
1 0.56640625 0.53564453125 0.063232421875 0.038543701171875
4 0.6611328125 0.60107421875 0.08878580729166667 0.070556640625
1 0.3466796875 0.55029296875 0.040506998697916664 0.044677734375