1 0.34325396825396826 0.660094246031746 0.08928571428571429 0.050347222222222224
4 0.38227513227513227 0.714905753968254 0.11904761904761904 0.07564484126984126
2 0.4904100529100529 0.8516865079365079 0.06746031746031746 0.10069444444444445
5 0.19758597883597884 0.5425347222222222 0.13657407407407407 0.061755952380952384
1 0.24603174603174602 0.6031746031746031 0.08333333333333333 0.040674603174603176
0 0.21395502645502645 0.8058035714285714 0.16335978835978837 0.047619047619047616
3 0.21809854497354497 0.6542981150793651 0.13688161375661376 0.05645833333333333
3 0.6002612433862434 0.49975694444444446 0.11930224867724867 0.08178819444444443
3 0.5296230158730159 0.5610342261904763 0.12011574074074075 0.08331349206349206
3 0.32438161375661373 0.5419915674603174 0.11425925925925925 0.08282490079365079
3 0.4736342592592592 0.4213864087301587 0.11694444444444443 0.07824652777777778
3 0.39908730158730155 0.47949156746031746 0.11083994708994709 0.07696428571428571
3 0.7330720899470899 0.5795907738095237 0.12312830687830686 0.08648561507936507
3 0.4583333333333333 0.6254885912698412 0.11840939153439153 0.08648561507936507
3 0.5970039682539682 0.7133779761904763 0.12443121693121692 0.08709821428571429
3 0.8092460317460317 0.7348635912698412 0.1259755291005291 0.09136904761904761
3 0.6650396825396825 0.6459970238095237 0.11572420634920634 0.08312996031746032
3 0.7447916666666666 0.8081051587301588 0.1223148148148148 0.09136904761904761