3 0.23795572916666666 0.404052734375 0.045450846354166664 0.059417724609375
3 0.30517578125 0.39453125 0.0447998046875 0.058563232421875
3 0.4397786458333333 0.61865234375 0.046346028645833336 0.06109619140625
3 0.3489583333333333 0.54931640625 0.048095703125 0.060516357421875
3 0.3951822916666667 0.460693359375 0.046671549479166664 0.0616455078125
3 0.4173177083333333 0.5380859375 0.045369466145833336 0.060516357421875
3 0.3269856770833333 0.471435546875 0.046956380208333336 0.060089111328125
3 0.3717447916666667 0.3818359375 0.044189453125 0.05877685546875
3 0.2586263020833333 0.4814453125 0.045572916666666664 0.0592041015625
3 0.3006184895833333 0.6435546875 0.046061197916666664 0.0640869140625
3 0.27978515625 0.56201171875 0.0465087890625 0.0618896484375
4 0.3277994791666667 0.74658203125 0.047932942708333336 0.07305908203125
4 0.388671875 0.74169921875 0.049845377604166664 0.07171630859375
5 0.4905598958333333 0.32958984375 0.07568359375 0.06707763671875
4 0.4055989583333333 0.861328125 0.049967447916666664 0.079345703125
4 0.3460286458333333 0.8681640625 0.050333658854166664 0.0794677734375
4 0.5244140625 0.8544921875 0.048583984375 0.08050537109375
5 0.5865885416666666 0.379638671875 0.078369140625 0.06561279296875
5 0.6360677083333334 0.51123046875 0.08101399739583333 0.07330322265625
3 0.37109375 0.62939453125 0.048095703125 0.063232421875
2 0.7747395833333334 0.8818359375 0.041910807291666664 0.062103271484375
5 0.6087239583333334 0.44287109375 0.07539876302083333 0.06805419921875
5 0.5162760416666666 0.3935546875 0.07552083333333333 0.06683349609375
4 0.4658203125 0.85791015625 0.050048828125 0.08038330078125
5 0.5335286458333334 0.45849609375 0.07808430989583333 0.06939697265625
1 0.66015625 0.65234375 0.037699381510416664 0.04345703125
5 0.5556640625 0.52392578125 0.08235677083333333 0.07171630859375
5 0.5426432291666666 0.251220703125 0.07609049479166667 0.07208251953125
5 0.4684244791666667 0.265380859375 0.08011881510416667 0.07342529296875
5 0.5651041666666666 0.315185546875 0.07881673177083333 0.071044921875
1 0.5944010416666666 0.6533203125 0.035400390625 0.042877197265625
0 0.7630208333333334 0.79296875 0.04248046875 0.07806396484375
4 0.2667643229166667 0.7568359375 0.040059407552083336 0.06634521484375
4 0.28759765625 0.873046875 0.049763997395833336 0.0792236328125
4 0.50390625 0.73486328125 0.047322591145833336 0.0704345703125
0 0.8333333333333334 0.7841796875 0.046671549479166664 0.07904052734375
4 0.4446614583333333 0.74072265625 0.044718424479166664 0.06744384765625