3 0.21511243386243387 0.548859126984127 0.04927248677248677 0.0689484126984127
3 0.1531084656084656 0.6499255952380952 0.052248677248677246 0.0716765873015873
3 0.18832671957671956 0.8380456349206349 0.05191798941798942 0.07539682539682539
3 0.13756613756613756 0.5576636904761905 0.05092592592592592 0.06969246031746032
3 0.2478505291005291 0.7353670634920635 0.05191798941798942 0.07192460317460317
3 0.10400132275132275 0.8488343253968254 0.0539021164021164 0.07465277777777778
3 0.07407407407407407 0.6592261904761905 0.05423280423280423 0.07242063492063493
3 0.26537698412698413 0.8302331349206349 0.05125661375661376 0.07366071428571429
3 0.08895502645502645 0.7533482142857143 0.05291005291005291 0.07415674603174603
3 0.16848544973544974 0.7430555555555556 0.05191798941798942 0.07242063492063493
3 0.05952380952380952 0.566344246031746 0.05291005291005291 0.07018849206349206
3 0.23131613756613756 0.6419890873015873 0.05125661375661376 0.07018849206349206
2 0.7058531746031746 0.8779761904761905 0.04662698412698413 0.06299603174603174
1 0.4234457671957672 0.910218253968254 0.0539021164021164 0.047619047619047616
5 0.7678571428571429 0.5930059523809523 0.08994708994708994 0.08085317460317461
5 0.791005291005291 0.6691468253968254 0.08796296296296297 0.08085317460317461
5 0.6997354497354498 0.6817956349206349 0.0873015873015873 0.0798611111111111
1 0.361276455026455 0.9435763888888888 0.05125661375661376 0.047371031746031744
5 0.8159722222222222 0.7486359126984127 0.08300264550264551 0.07663690476190477
4 0.38425925925925924 0.7925347222222222 0.10119047619047619 0.04290674603174603
4 0.5282738095238095 0.5703125 0.09623015873015874 0.03993055555555555
5 0.7468584656084656 0.5143849206349206 0.09226190476190477 0.07936507936507936
5 0.7283399470899471 0.43737599206349204 0.08697089947089948 0.07911706349206349
5 0.6770833333333334 0.603546626984127 0.08630952380952381 0.07862103174603174
4 0.36144179894179895 0.6378968253968254 0.09986772486772487 0.03670634920634921
5 0.7235449735449735 0.7622767857142857 0.08002645502645503 0.07911706349206349
4 0.37218915343915343 0.6873759920634921 0.1001984126984127 0.03993055555555555
5 0.6421957671957672 0.4503968253968254 0.08531746031746032 0.07688492063492064
0 0.6312830687830688 0.8794642857142857 0.046296296296296294 0.09424603174603174
0 0.5491071428571429 0.8823164682539683 0.04861111111111111 0.09697420634920635
4 0.5504298941798942 0.7250744047619048 0.10085978835978836 0.040426587301587304
5 0.6567460317460317 0.5267857142857143 0.08796296296296297 0.07738095238095238
4 0.5358796296296297 0.6227678571428571 0.09623015873015874 0.04117063492063492
4 0.35532407407407407 0.5861855158730159 0.10284391534391535 0.041914682539682536
4 0.5580357142857143 0.7771577380952381 0.09953703703703703 0.04092261904761905
4 0.3776455026455027 0.7408234126984127 0.0992063492063492 0.04265873015873016
4 0.5434854497354498 0.6749751984126984 0.09689153439153439 0.03943452380952381