2 0.3287037037037037 0.5896577380952381 0.06878306878306878 0.06671626984126984
1 0.1509589947089947 0.8337053571428571 0.0625 0.056299603174603176
0 0.14864417989417988 0.7025049603174603 0.105489417989418 0.08804563492063493
4 0.5570436507936508 0.6870039682539683 0.11210317460317461 0.049107142857142856
0 0.4310515873015873 0.7662450396825397 0.06316137566137567 0.09598214285714286
5 0.3369708994708995 0.8686755952380952 0.11507936507936507 0.06820436507936507
4 0.5403439153439153 0.7492559523809523 0.11243386243386243 0.051587301587301584
4 0.7504960317460317 0.7134176587301587 0.12136243386243387 0.051835317460317464
4 0.5279431216931217 0.8123759920634921 0.11937830687830688 0.05282738095238095
4 0.7359457671957672 0.8368055555555556 0.1173941798941799 0.0496031746031746
4 0.5691137566137566 0.6285962301587301 0.10978835978835978 0.046378968253968256
1 0.4522156084656085 0.6672867063492064 0.07308201058201058 0.03695436507936508
4 0.7407407407407407 0.7752976190476191 0.11970899470899471 0.051587301587301584
5 0.6078042328042328 0.3291170634920635 0.1111111111111111 0.033234126984126984
4 0.7724867724867724 0.6004464285714286 0.11838624338624339 0.04513888888888889
4 0.7610780423280423 0.6561259920634921 0.11673280423280423 0.04935515873015873
5 0.6701388888888888 0.3800843253968254 0.11607142857142858 0.03546626984126984
5 0.5049603174603174 0.49243551587301587 0.11970899470899471 0.03695436507936508
5 0.6911375661375662 0.2728174603174603 0.10846560846560846 0.033234126984126984
5 0.34854497354497355 0.48933531746031744 0.12169312169312169 0.03373015873015873
5 0.7544642857142857 0.3256448412698413 0.11408730158730158 0.032242063492063495
5 0.5246362433862434 0.3845486111111111 0.11144179894179894 0.0339781746031746
5 0.4373346560846561 0.43737599206349204 0.11541005291005291 0.03794642857142857
5 0.5901124338624338 0.43737599206349204 0.11342592592592593 0.034970238095238096
3 0.20084656084656086 0.5864260912698412 0.10734126984126985 0.04895089285714286
4 0.2897123015873016 0.6889657738095237 0.06661044973544973 0.07409722222222222
3 0.1281415343915344 0.34598214285714285 0.09093915343915344 0.06944444444444445
3 0.1985681216931217 0.38964781746031746 0.0899239417989418 0.0668328373015873
3 0.2864583333333333 0.3144543650793651 0.08601851851851852 0.06695436507936507
3 0.36002645502645503 0.35571180555555554 0.08463624338624338 0.06573412698412699
3 0.26936838624338627 0.43041914682539684 0.08699404761904762 0.06658978174603175
3 0.4420568783068783 0.28002976190476186 0.07820767195767196 0.06634424603174603
3 0.30875661375661373 0.2016592261904762 0.08129960317460318 0.0647594246031746
3 0.21858796296296296 0.27368055555555554 0.08943783068783068 0.0699454365079365
3 0.37630291005291006 0.24243055555555557 0.08251984126984127 0.0647594246031746
3 0.45670634920634917 0.171875 0.07238756613756614 0.06396577380952381
3 0.5249669312169312 0.20895337301587302 0.07771164021164022 0.06076388888888889