0 0.3503637566137566 0.841765873015873 0.1669973544973545 0.09077380952380952
1 0.40062830687830686 0.6573660714285714 0.1001984126984127 0.04836309523809524
4 0.47007275132275134 0.6994047619047619 0.10482804232804233 0.1001984126984127
5 0.18386243386243387 0.5812251984126984 0.16071428571428573 0.046875
2 0.6512896825396826 0.7997271825396826 0.10085978835978836 0.09846230158730158
3 0.2683531746031746 0.689484126984127 0.14715608465608465 0.05505952380952381
3 0.5367824074074075 0.49707093253968254 0.15250661375661376 0.07367063492063493
3 0.4990244708994709 0.5849603174603174 0.1538095238095238 0.0754389880952381
3 0.5771494708994709 0.40917906746031746 0.1508796296296296 0.07367063492063493
3 0.4020171957671958 0.36816468253968254 0.14908730158730157 0.07354662698412699
3 0.3154298941798942 0.5419915674603174 0.14778769841269843 0.0754389880952381
3 0.3583994708994709 0.453125 0.14575066137566137 0.07055555555555557
3 0.7180985449735451 0.5410168650793651 0.15063492063492062 0.07330357142857143
1 0.2646494708994709 0.6274404761904763 0.10636243386243385 0.051178075396825395
3 0.7486970899470899 0.44946180555555554 0.14860119047619047 0.07263144841269842
3 0.9042956349206349 0.5883779761904763 0.16479497354497355 0.0803844246031746
3 0.6868485449735451 0.6318353174603174 0.14477513227513228 0.07397569444444443
3 0.8782539682539683 0.6816418650793651 0.16194775132275133 0.07836805555555557