3 0.17692057291666666 0.65380859375 0.094970703125 0.04302978515625
3 0.30078125 0.68603515625 0.09651692708333333 0.04193115234375
0 0.8326822916666666 0.63134765625 0.07853190104166667 0.0843505859375
3 0.17447916666666666 0.60107421875 0.09025065104166667 0.043212890625
3 0.2989908854166667 0.63427734375 0.09391276041666667 0.042724609375
3 0.5543619791666666 0.64208984375 0.09073893229166667 0.040985107421875
3 0.5224609375 0.54150390625 0.08479817708333333 0.03753662109375
3 0.4280598958333333 0.6650390625 0.09358723958333333 0.043365478515625
3 0.5403645833333334 0.58984375 0.088623046875 0.041229248046875
4 0.6539713541666666 0.27294921875 0.038492838541666664 0.059326171875
4 0.7135416666666666 0.274169921875 0.03692626953125 0.05865478515625
5 0.232421875 0.423095703125 0.08146158854166667 0.06488037109375
4 0.6575520833333334 0.5029296875 0.07080078125 0.05499267578125
3 0.7174479166666666 0.471435546875 0.052652994791666664 0.060760498046875
4 0.6416015625 0.3701171875 0.03900146484375 0.06097412109375
3 0.2921549479166667 0.58056640625 0.09358723958333333 0.042327880859375
3 0.4189453125 0.61279296875 0.08846028645833333 0.040374755859375
1 0.6686197916666666 0.623046875 0.053548177083333336 0.048492431640625
5 0.3971354166666667 0.468017578125 0.07401529947916667 0.055816650390625
4 0.7734375 0.27197265625 0.035400390625 0.05877685546875
3 0.4088541666666667 0.5615234375 0.089111328125 0.04052734375
4 0.7682291666666666 0.370361328125 0.03900146484375 0.0634765625
5 0.408203125 0.41259765625 0.0826416015625 0.059417724609375
4 0.59765625 0.273681640625 0.035013834635416664 0.05706787109375
0 0.6175130208333334 0.74755859375 0.13191731770833334 0.061309814453125
1 0.5963541666666666 0.454833984375 0.0509033203125 0.042633056640625
2 0.6842447916666666 0.57568359375 0.045369466145833336 0.055816650390625
5 0.12760416666666666 0.473876953125 0.07332356770833333 0.05419921875
5 0.14396158854166666 0.423095703125 0.0791015625 0.061187744140625
5 0.3079427083333333 0.472412109375 0.0748291015625 0.055511474609375
5 0.3229166666666667 0.41796875 0.08341471354166667 0.061187744140625
5 0.8821614583333334 0.4677734375 0.06787109375 0.06597900390625
5 0.4934895833333333 0.46533203125 0.0677490234375 0.05291748046875
4 0.58203125 0.36767578125 0.046590169270833336 0.06451416015625
5 0.21988932291666666 0.471923828125 0.08479817708333333 0.06585693359375
4 0.8294270833333334 0.367431640625 0.042643229166666664 0.0631103515625
4 0.7037760416666666 0.369384765625 0.040059407552083336 0.06292724609375