3 0.29606150793650793 0.6879885912698412 0.08959986772486772 0.0699454365079365
3 0.8300793650793651 0.53515625 0.09562169312169314 0.03527777777777778
0 0.09545965608465609 0.6064459325396826 0.06526785714285714 0.11029017857142857
0 0.2731117724867725 0.6542981150793651 0.11124669312169314 0.08020089285714285
3 0.4479166666666667 0.5537103174603174 0.10221230158730157 0.040984623015873016
5 0.5791005291005291 0.8198239087301588 0.10847883597883598 0.06951884920634921
1 0.17203703703703704 0.5625 0.08203042328042329 0.041535218253968255
3 0.5826818783068783 0.5473635912698412 0.10001653439153439 0.038390376984126985
2 0.2701818783068783 0.5517584325396826 0.08341600529100529 0.05758680555555556
3 0.4534490740740741 0.6225595238095237 0.10278439153439153 0.04162698412698413
3 0.5878902116402116 0.6137698412698412 0.10465608465608466 0.04400545634920635
4 0.4384755291005291 0.6894543650793651 0.09513227513227514 0.06097470238095238
5 0.44498677248677254 0.7719717261904763 0.109864417989418 0.06536954365079364
4 0.39420634920634917 0.22985863095238093 0.06071097883597884 0.08831845238095239
5 0.38737103174603177 0.6791989087301588 0.11653769841269843 0.06512400793650794
4 0.546875 0.3730481150793651 0.06079034391534392 0.08679315476190476
4 0.4697255291005291 0.23339781746031746 0.061970899470899475 0.08691468253968254
4 0.6855456349206349 0.3706051587301587 0.06135912698412699 0.08477678571428571
4 0.47721230158730155 0.37255952380952384 0.06253968253968255 0.0875843253968254
3 0.4440112433862434 0.4860838293650794 0.10335317460317461 0.03912450396825397
5 0.6660152116402116 0.7216790674603174 0.10620039682539682 0.06222470238095238
3 0.7076818783068783 0.5410168650793651 0.0975760582010582 0.03955109126984127
4 0.6113293650793651 0.23669394841269842 0.05969246031746032 0.08648561507936507
3 0.5778009259259259 0.48071180555555554 0.10172619047619048 0.03875744047619048
4 0.6175132275132275 0.3732911706349206 0.06266203703703704 0.0863045634920635
5 0.7910152116402117 0.7724603174603174 0.10335317460317461 0.06222470238095238
5 0.5566402116402116 0.74609375 0.11425925925925925 0.06268353174603175
3 0.8359391534391535 0.59765625 0.09529761904761905 0.037901785714285714
5 0.7727876984126983 0.703125 0.10375992063492064 0.0594171626984127
4 0.5403637566137566 0.2354737103174603 0.060138888888888895 0.08740327380952381
3 0.7140410052910053 0.6040029761904763 0.09943121693121694 0.03599950396825397
3 0.7050793650793651 0.4760739087301587 0.09562169312169314 0.03567460317460318
5 0.4684259259259259 0.8491220238095237 0.11718915343915344 0.06573412698412699
4 0.40266865079365083 0.37182539682539684 0.06404761904761905 0.08850198412698412
5 0.32682208994708994 0.80078125 0.11344246031746032 0.0637202380952381
1 0.250489417989418 0.6108407738095237 0.06490079365079365 0.040984623015873016
5 0.6835945767195767 0.7954092261904763 0.10506283068783068 0.06408730158730158