5 0.24702380952380953 0.38504464285714285 0.07738095238095238 0.14211309523809523
2 0.30671296296296297 0.7677331349206349 0.08498677248677249 0.11135912698412699
1 0.2867063492063492 0.49888392857142855 0.10251322751322751 0.0597718253968254
0 0.28091931216931215 0.8587549603174603 0.1927910052910053 0.0726686507936508
3 0.26951058201058203 0.6509176587301587 0.11574074074074074 0.11334325396825397
3 0.5364583333333334 0.9160168650793651 0.094239417989418 0.14270089285714285
4 0.37272156084656083 0.7412103174603174 0.08374007936507936 0.13159226190476192
3 0.671875 0.8857415674603174 0.09204034391534391 0.13586309523809523
3 0.5611970899470899 0.39599702380952384 0.0851223544973545 0.1246329365079365
3 0.4583333333333333 0.5693353174603174 0.08569444444444443 0.12487847222222222
3 0.6334623015873015 0.7138665674603174 0.09741071428571428 0.13452132936507935
3 0.5999338624338625 0.5537103174603174 0.08479828042328043 0.12085069444444443
1 0.3391931216931217 0.6230481150793651 0.09529761904761905 0.08251984126984127
3 0.4215509259259259 0.40551835317460316 0.09562169312169314 0.13183531746031746
3 0.7272123015873017 0.5356448412698412 0.08585648148148148 0.11920138888888888
3 0.4980456349206349 0.7397470238095237 0.09171626984126985 0.1342782738095238
3 0.6888029100529101 0.3808606150793651 0.08781084656084656 0.11981150793650794
3 0.7662764550264549 0.6967782738095237 0.08911044973544975 0.12512152777777777