2 0.4599867724867725 0.8330853174603174 0.06349206349206349 0.10069444444444445
1 0.353505291005291 0.6217757936507936 0.08796296296296297 0.056051587301587304
5 0.23115079365079366 0.48623511904761907 0.13558201058201058 0.07415674603174603
1 0.26785714285714285 0.5524553571428571 0.08597883597883597 0.047371031746031744
4 0.3801256613756614 0.683655753968254 0.1259920634920635 0.06770833333333333
0 0.19229497354497355 0.7517361111111112 0.16633597883597884 0.050595238095238096
3 0.2273478835978836 0.599578373015873 0.14054232804232805 0.07068452380952381
3 0.3603505291005291 0.5019543650793651 0.10969907407407407 0.09057539682539682
3 0.5348313492063492 0.39770585317460316 0.1120601851851852 0.08740327380952381
3 0.44987103174603177 0.44946180555555554 0.10538690476190476 0.08404513888888888
3 0.8066402116402117 0.7568353174603174 0.11490740740740742 0.09637400793650794
3 0.6790376984126983 0.6484375 0.11067791005291006 0.09271329365079364
3 0.4765641534391535 0.6030282738095237 0.11409391534391534 0.09387152777777778
3 0.7636706349206349 0.5917981150793651 0.11930224867724867 0.09588541666666667
3 0.6477876984126985 0.49243055555555554 0.09952711640211641 0.08227430555555557
3 0.5641269841269841 0.5483407738095237 0.11588624338624338 0.09301835317460318
3 0.7246097883597883 0.8227529761904763 0.11735119047619048 0.10266121031746032
3 0.594401455026455 0.7084970238095237 0.12036044973544975 0.09875496031746032