1 0.3688822751322751 0.6886160714285714 0.11144179894179894 0.05679563492063492
2 0.6635251322751323 0.8012152777777778 0.1173941798941799 0.09796626984126984
0 0.3599537037037037 0.892609126984127 0.16964285714285715 0.11607142857142858
1 0.22023809523809523 0.6780753968253969 0.10185185185185185 0.053075396825396824
5 0.1109457671957672 0.6391369047619048 0.1822089947089947 0.05803571428571429
4 0.4540343915343915 0.7258184523809523 0.09656084656084656 0.11235119047619048
3 0.45540343915343917 0.5981448412698412 0.15462301587301586 0.06335565476190476
3 0.2731117724867725 0.4743650793650794 0.17024801587301588 0.07238839285714285
3 0.24641865079365077 0.5747073412698412 0.16927248677248677 0.07159474206349206
3 0.6611342592592593 0.6220709325396826 0.1516931216931217 0.06335565476190476
3 0.6744808201058201 0.5224603174603174 0.16088955026455026 0.07043402777777778
3 0.49707010582010586 0.39746031746031746 0.1653637566137566 0.07330357142857143
3 0.47591269841269845 0.49877976190476186 0.1668287037037037 0.07171626984126984
3 0.29557208994708994 0.3732911706349206 0.16959656084656086 0.07452380952380953
3 0.6907539682539683 0.4223635912698413 0.15730820105820106 0.07122767857142857
3 0.8795568783068783 0.5458978174603174 0.1586904761904762 0.0637202380952381
3 0.8678373015873017 0.6459970238095237 0.1538095238095238 0.060302579365079365
3 0.23388558201058202 0.7392584325396826 0.16284060846560847 0.08404513888888888