3 0.466796875 0.81005859375 0.049031575520833336 0.06268310546875
3 0.4069010416666667 0.7900390625 0.052083333333333336 0.062103271484375
3 0.4619140625 0.5517578125 0.047648111979166664 0.052825927734375
3 0.5426432291666666 0.65576171875 0.0482177734375 0.05511474609375
3 0.5201822916666666 0.568359375 0.049031575520833336 0.054595947265625
3 0.3841145833333333 0.69287109375 0.050333658854166664 0.057586669921875
3 0.4244791666666667 0.62109375 0.050130208333333336 0.056640625
3 0.5794270833333334 0.583984375 0.0467529296875 0.0535888671875
3 0.4840494791666667 0.63818359375 0.049397786458333336 0.056549072265625
3 0.5048828125 0.73095703125 0.047037760416666664 0.059967041015625
3 0.3430989583333333 0.7685546875 0.049845377604166664 0.061187744140625
3 0.4459635416666667 0.712890625 0.0517578125 0.05975341796875
4 0.3401692708333333 0.57470703125 0.08748372395833333 0.042633056640625
4 0.3234049479166667 0.60986328125 0.0745849609375 0.035888671875
4 0.18343098958333334 0.60888671875 0.08512369791666667 0.0379638671875
0 0.728515625 0.498779296875 0.06404622395833333 0.051177978515625
4 0.3037109375 0.6455078125 0.07499186197916667 0.039947509765625
5 0.5745442708333334 0.4296875 0.051961263020833336 0.0567626953125
4 0.23453776041666666 0.53759765625 0.078369140625 0.041473388671875
5 0.4039713541666667 0.43212890625 0.049397786458333336 0.0574951171875
5 0.3668619791666667 0.373046875 0.048095703125 0.0616455078125
5 0.4733072916666667 0.455810546875 0.045206705729166664 0.056640625
4 0.21110026041666666 0.5732421875 0.08158365885416667 0.04327392578125
1 0.6634114583333334 0.62548828125 0.055094401041666664 0.0246124267578125
5 0.5032552083333334 0.41064453125 0.051595052083333336 0.058013916015625
2 0.6985677083333334 0.541015625 0.060139973958333336 0.035675048828125
5 0.4332682291666667 0.392333984375 0.050537109375 0.05865478515625
1 0.6692708333333334 0.58056640625 0.053141276041666664 0.0262603759765625
5 0.3391927083333333 0.415771484375 0.049112955729166664 0.059539794921875
5 0.2688802083333333 0.39404296875 0.049845377604166664 0.0604248046875
5 0.2994791666666667 0.353515625 0.050333658854166664 0.059539794921875
5 0.544921875 0.477783203125 0.054036458333333336 0.06243896484375
4 0.2701822916666667 0.4677734375 0.06746419270833333 0.03314208984375
4 0.396484375 0.50390625 0.095947265625 0.04046630859375
0 0.67578125 0.472900390625 0.06429036458333333 0.0517578125
4 0.3681640625 0.53515625 0.072265625 0.035888671875
4 0.2542317708333333 0.50732421875 0.08976236979166667 0.0457763671875