3 0.13264973958333334 0.6162109375 0.11368815104166667 0.043853759765625
3 0.4235026041666667 0.65380859375 0.10970052083333333 0.046478271484375
3 0.2801106770833333 0.66943359375 0.11181640625 0.04620361328125
3 0.13614908854166666 0.6845703125 0.11612955729166667 0.04559326171875
3 0.5638020833333334 0.6376953125 0.10807291666666667 0.04510498046875
3 0.2744140625 0.6015625 0.11027018229166667 0.04345703125
3 0.4130859375 0.58740234375 0.10579427083333333 0.042816162109375
3 0.12556966145833334 0.54833984375 0.10831705729166667 0.042083740234375
3 0.4020182291666667 0.5224609375 0.10636393229166667 0.043853759765625
4 0.4095052083333333 0.413330078125 0.04443359375 0.06964111328125
3 0.2652994791666667 0.5341796875 0.10538736979166667 0.0416259765625
3 0.5478515625 0.57421875 0.11002604166666667 0.044586181640625
5 0.7109375 0.267333984375 0.08056640625 0.0743408203125
4 0.2664388020833333 0.302734375 0.047403971354166664 0.0753173828125
5 0.8528645833333334 0.392333984375 0.089111328125 0.07666015625
4 0.4847005208333333 0.4091796875 0.042317708333333336 0.06829833984375
5 0.7623697916666666 0.4072265625 0.08976236979166667 0.07806396484375
5 0.8229166666666666 0.326416015625 0.083740234375 0.076416015625
5 0.79296875 0.48046875 0.10074869791666667 0.0880126953125
4 0.4049479166666667 0.299072265625 0.041605631510416664 0.06915283203125
5 0.685546875 0.1982421875 0.07779947916666667 0.07696533203125
5 0.7936197916666666 0.25927734375 0.09236653645833333 0.0792236328125
5 0.8938802083333334 0.46630859375 0.08878580729166667 0.0850830078125
2 0.8268229166666666 0.86962890625 0.102783203125 0.0489501953125
5 0.7721354166666666 0.1925048828125 0.08280436197916667 0.07366943359375
4 0.5494791666666666 0.412109375 0.057698567708333336 0.08197021484375
4 0.3385416666666667 0.41845703125 0.04443359375 0.06634521484375
4 0.53515625 0.29248046875 0.053751627604166664 0.07861328125
4 0.2669270833333333 0.423828125 0.06278483072916667 0.08209228515625
0 0.833984375 0.7744140625 0.10693359375 0.08831787109375
4 0.4661458333333333 0.295654296875 0.045369466145833336 0.07196044921875
4 0.3349609375 0.30126953125 0.046061197916666664 0.073974609375
1 0.6350911458333334 0.7099609375 0.044270833333333336 0.0560302734375
0 0.8971354166666666 0.72412109375 0.10970052083333333 0.08447265625
1 0.720703125 0.71337890625 0.046671549479166664 0.056854248046875
3 0.5341796875 0.5087890625 0.10245768229166667 0.0413818359375
5 0.7395833333333334 0.335205078125 0.08296712239583333 0.07720947265625