3 0.572255291005291 0.6099950396825397 0.08234126984126984 0.06374007936507936
3 0.6960978835978836 0.7074652777777778 0.08994708994708994 0.06870039682539683
3 0.6640211640211641 0.5437748015873016 0.082010582010582 0.06324404761904762
3 0.7547949735449735 0.4800347222222222 0.08366402116402116 0.06076388888888889
3 0.8420965608465608 0.41877480158730157 0.08234126984126984 0.0597718253968254
3 0.6329365079365079 0.6577380952380952 0.08597883597883597 0.0689484126984127
2 0.32705026455026454 0.7483878968253969 0.056878306878306875 0.06770833333333333
3 0.9601521164021164 0.5042162698412699 0.07903439153439154 0.06398809523809523
4 0.1550925925925926 0.43018353174603174 0.10714285714285714 0.048859126984126984
3 0.72255291005291 0.5892857142857143 0.08796296296296297 0.06597222222222222
3 0.7876984126984127 0.6377728174603174 0.09060846560846561 0.06870039682539683
1 0.4546957671957672 0.7074652777777778 0.05026455026455026 0.04836309523809524
3 0.878968253968254 0.5700644841269841 0.08994708994708994 0.06473214285714286
0 0.5304232804232805 0.4800347222222222 0.08664021164021164 0.06770833333333333
4 0.3349867724867725 0.4314236111111111 0.0992063492063492 0.048859126984126984
5 0.49867724867724866 0.32514880952380953 0.09656084656084656 0.06101190476190476
5 0.5140542328042328 0.3878968253968254 0.09755291005291006 0.060515873015873016
4 0.3126653439153439 0.38665674603174605 0.09689153439153439 0.047619047619047616
4 0.19196428571428573 0.5190972222222222 0.11011904761904762 0.05109126984126984
4 0.37367724867724866 0.5193452380952381 0.10119047619047619 0.05009920634920635
4 0.21197089947089948 0.5657242063492064 0.10912698412698413 0.052083333333333336
1 0.3776455026455027 0.7242063492063492 0.046296296296296294 0.04811507936507937
5 0.890542328042328 0.26376488095238093 0.10119047619047619 0.05381944444444445
5 0.7142857142857143 0.3566468253968254 0.09656084656084656 0.053075396825396824
4 0.22850529100529102 0.6143353174603174 0.11177248677248677 0.051587301587301584
5 0.9150132275132276 0.3247767857142857 0.10449735449735449 0.056299603174603176
4 0.3950066137566138 0.5654761904761905 0.1087962962962963 0.052083333333333336
5 0.5949074074074074 0.31237599206349204 0.0958994708994709 0.05927579365079365
5 0.8120039682539683 0.34052579365079366 0.09755291005291006 0.05505952380952381
5 0.6130952380952381 0.3742559523809524 0.09656084656084656 0.05853174603174603
5 0.6934523809523809 0.3002232142857143 0.0992063492063492 0.056299603174603176
5 0.7915013227513228 0.28112599206349204 0.09953703703703703 0.05580357142857143
3 0.8138020833333334 0.52490234375 0.08943684895833333 0.0631103515625
4 0.357421875 0.47705078125 0.10319010416666667 0.04779052734375
4 0.17122395833333334 0.4775390625 0.10734049479166667 0.04876708984375
3 0.8984375 0.4599609375 0.09326171875 0.06396484375
0 0.58984375 0.51953125 0.09326171875 0.07183837890625