3 0.7480456349206349 0.58984375 0.047648809523809524 0.06878720238095239
5 0.29182870370370373 0.25903273809523814 0.05904100529100529 0.08709821428571429
3 0.9036474867724869 0.38793898809523814 0.055704365079365076 0.0784920634920635
5 0.3391931216931217 0.36230406746031746 0.0586739417989418 0.08154265873015873
4 0.3850925925925926 0.5263665674603174 0.08797288359788359 0.06964037698412699
5 0.5195304232804233 0.45043898809523814 0.04756613756613757 0.07739335317460318
5 0.38737103174603177 0.3024900793650794 0.05196097883597883 0.0816641865079365
4 0.22949074074074075 0.43212797619047616 0.07637566137566137 0.05889880952380952
5 0.5683597883597884 0.3884275793650794 0.05139219576719577 0.08135912698412699
3 0.8209623015873017 0.49243055555555554 0.05273478835978836 0.07263144841269842
4 0.1744808201058201 0.5595709325396826 0.07706679894179895 0.057373511904761906
2 0.4573578042328042 0.6547842261904763 0.07499338624338624 0.03775049603174603
5 0.48209656084656083 0.34912202380952384 0.050251322751322755 0.07739335317460318
3 0.8385416666666666 0.6694345238095237 0.04830026455026455 0.06707837301587301
1 0.4296891534391535 0.6870114087301588 0.0628670634920635 0.028214285714285716
5 0.608723544973545 0.49145585317460316 0.05285714285714286 0.08093253968253968
4 0.5644543650793651 0.6591790674603174 0.08190806878306878 0.028335813492063492
0 0.4765641534391535 0.7587896825396826 0.07527777777777778 0.05877728174603175
3 0.9121097883597883 0.48559523809523814 0.05769841269841269 0.07531746031746032
4 0.23014219576719577 0.5849603174603174 0.0910648148148148 0.0659796626984127
4 0.11987433862433862 0.53125 0.07043320105820106 0.05541914682539682
4 0.3240575396825397 0.6518551587301588 0.07401455026455027 0.05233878968253968
3 0.6509920634920635 0.6538070436507937 0.08665674603174603 0.028105158730158727
3 0.9186210317460317 0.5795907738095237 0.05285714285714286 0.07171626984126984
3 0.7356779100529101 0.4995114087301587 0.048095238095238094 0.07080109126984127
5 0.24511574074074075 0.3198239087301587 0.05969246031746032 0.08251984126984127
3 0.8300793650793651 0.5825198412698412 0.05664021164021164 0.07208333333333333
3 0.8105456349206349 0.39477430555555554 0.05708664021164021 0.07861359126984127
3 0.7213558201058201 0.4042981150793651 0.04903108465608466 0.07208333333333333
4 0.2827149470899471 0.4609375 0.09073743386243385 0.07147321428571429
4 0.27848214285714284 0.6191418650793651 0.08862433862433862 0.06463541666666667
0 0.33984457671957674 0.7441418650793651 0.10693452380952381 0.043122519841269843
4 0.3352876984126984 0.49511656746031746 0.08569444444444443 0.06781001984126984
5 0.43131613756613757 0.40991319444444446 0.05004960317460317 0.07861359126984127
3 0.7571626984126983 0.6728521825396826 0.05061838624338624 0.06915178571428571
5 0.6777347883597883 0.7407217261904763 0.07763558201058202 0.03854414682539682
1 0.5934259259259259 0.5996106150793651 0.05904100529100529 0.027633928571428573