5 0.29050925925925924 0.27455357142857145 0.08234126984126984 0.12003968253968254
2 0.31630291005291006 0.6292162698412699 0.08498677248677249 0.11706349206349206
0 0.2804232804232804 0.7238343253968254 0.21296296296296297 0.0954861111111111
3 0.29133597883597884 0.5100446428571429 0.11772486772486772 0.109375
4 0.3886706349206349 0.60546875 0.08280423280423281 0.13500992063492065
3 0.45475198412698414 0.3066418650793651 0.0792228835978836 0.10913194444444443
1 0.36295634920634917 0.4860838293650794 0.09513227513227514 0.08343501984126984
3 0.5846362433862434 0.3105481150793651 0.08084986772486773 0.10821428571428571
3 0.5621759259259259 0.8149404761904763 0.1057936507936508 0.1629637896825397
3 0.7057308201058201 0.30566468253968254 0.08585648148148148 0.10467509920634921
3 0.48730489417989414 0.453125 0.08463624338624338 0.1206671626984127
3 0.7519543650793651 0.44384672619047616 0.0947255291005291 0.1175545634920635
3 0.5195304232804233 0.6186532738095237 0.09741071428571428 0.14123511904761907
3 0.6220701058201058 0.4509275793650794 0.08715939153439153 0.11920138888888888
1 0.31787037037037036 0.36816468253968254 0.11930224867724867 0.06280505952380952
3 0.7122387566137566 0.796875 0.11027116402116402 0.15710565476190477
3 0.8007804232804233 0.5986334325396826 0.11149140211640211 0.1409920634920635
3 0.6604828042328043 0.6118154761904763 0.10774801587301587 0.14318948412698412