3 0.18017578125 0.5693359375 0.06734212239583333 0.055511474609375
3 0.059814453125 0.53369140625 0.06563313802083333 0.05499267578125
3 0.18017578125 0.6689453125 0.06587727864583333 0.056549072265625
3 0.23486328125 0.53857421875 0.06465657552083333 0.054901123046875
3 0.2978515625 0.60595703125 0.06587727864583333 0.05560302734375
3 0.24251302083333334 0.73828125 0.06787109375 0.058013916015625
3 0.3551432291666667 0.6748046875 0.05224609375 0.056121826171875
3 0.3037109375 0.70458984375 0.067626953125 0.0567626953125
2 0.3841145833333333 0.45263671875 0.0635986328125 0.04345703125
3 0.24186197916666666 0.63623046875 0.06697591145833333 0.055938720703125
3 0.11930338541666667 0.50244140625 0.06685384114583333 0.054901123046875
3 0.11881510416666667 0.60205078125 0.06746419270833333 0.057708740234375
5 0.478515625 0.488525390625 0.09578450520833333 0.038543701171875
3 0.17236328125 0.47314453125 0.06404622395833333 0.05242919921875
4 0.8157552083333334 0.69873046875 0.07332356770833333 0.07611083984375
4 0.583984375 0.76953125 0.07373046875 0.07366943359375
4 0.74609375 0.58740234375 0.07014973958333333 0.0703125
5 0.701171875 0.35791015625 0.09879557291666667 0.028594970703125
5 0.8346354166666666 0.359619140625 0.10099283854166667 0.0283355712890625
4 0.693359375 0.7333984375 0.07291666666666667 0.07684326171875
5 0.533203125 0.53759765625 0.10408528645833333 0.037811279296875
5 0.7571614583333334 0.404052734375 0.09895833333333333 0.0282745361328125
4 0.6848958333333334 0.60791015625 0.07267252604166667 0.0762939453125
4 0.6412760416666666 0.75146484375 0.07291666666666667 0.07977294921875
4 0.5221354166666666 0.65869140625 0.06685384114583333 0.07080078125
5 0.5530598958333334 0.444580078125 0.0986328125 0.03704833984375
5 0.67578125 0.448486328125 0.10172526041666667 0.034027099609375
5 0.6077473958333334 0.493896484375 0.10888671875 0.037322998046875
5 0.6295572916666666 0.40185546875 0.09391276041666667 0.029541015625
1 0.4521484375 0.39501953125 0.05224609375 0.030670166015625
1 0.4788411458333333 0.350341796875 0.053141276041666664 0.0285491943359375
4 0.6331380208333334 0.623046875 0.07161458333333333 0.07135009765625
5 0.7864583333333334 0.3134765625 0.10392252604166667 0.0297088623046875
0 0.21842447916666666 0.43212890625 0.07792154947916667 0.06878662109375
4 0.7571614583333334 0.7138671875 0.06937662760416667 0.07421875
0 0.27587890625 0.404052734375 0.08028157552083333 0.07354736328125
4 0.5794270833333334 0.640625 0.07332356770833333 0.06903076171875