3 0.7104828042328042 0.6016865079365079 0.06977513227513228 0.04712301587301587
3 0.8333333333333334 0.6183035714285714 0.07407407407407407 0.047619047619047616
3 0.7491732804232805 0.6786954365079365 0.07374338624338625 0.05084325396825397
3 0.8389550264550265 0.736359126984127 0.08267195767195767 0.056051587301587304
3 0.6674933862433863 0.7173859126984127 0.08035714285714286 0.0339781746031746
4 0.20667989417989419 0.7318948412698413 0.09126984126984126 0.03670634920634921
3 0.9221230158730159 0.6685267857142857 0.08101851851851852 0.05133928571428571
3 0.677744708994709 0.5283978174603174 0.06646825396825397 0.04241071428571429
4 0.3662367724867725 0.6956845238095238 0.08630952380952381 0.031746031746031744
4 0.21825396825396826 0.6904761904761905 0.08796296296296297 0.037698412698412696
4 0.19328703703703703 0.7749255952380952 0.09755291005291006 0.04290674603174603
4 0.22867838541666666 0.65185546875 0.08528645833333333 0.030914306640625
4 0.3824869791666667 0.6181640625 0.08308919270833333 0.02880859375
3 0.6666666666666666 0.62744140625 0.06526692708333333 0.046905517578125
4 0.3746744791666667 0.65478515625 0.08203125 0.03326416015625
3 0.7513020833333334 0.57177734375 0.0679931640625 0.04443359375
3 0.8815104166666666 0.70361328125 0.07967122395833333 0.054412841796875
4 0.5182291666666666 0.78271484375 0.0509033203125 0.06585693359375
4 0.5983072916666666 0.72021484375 0.045450846354166664 0.06085205078125
3 0.7903645833333334 0.6513671875 0.07332356770833333 0.049957275390625
3 0.5953776041666666 0.64697265625 0.0748291015625 0.0310821533203125
4 0.24186197916666666 0.615234375 0.08308919270833333 0.03179931640625