5 0.2706679894179894 0.37822420634920634 0.13326719576719576 0.09771825396825397
2 0.6456679894179894 0.4046378968253968 0.09755291005291006 0.0845734126984127
4 0.39798280423280424 0.6130952380952381 0.08498677248677249 0.09672619047619048
4 0.5889550264550265 0.7699652777777778 0.083994708994709 0.09995039682539683
4 0.6820436507936508 0.7464037698412699 0.08498677248677249 0.10243055555555555
4 0.4914021164021164 0.5853174603174603 0.082010582010582 0.09672619047619048
0 0.17493386243386244 0.5205853174603174 0.07738095238095238 0.11061507936507936
0 0.4732142857142857 0.18154761904761904 0.09325396825396826 0.13045634920634921
4 0.5952380952380952 0.5580357142857143 0.08333333333333333 0.09821428571428571
4 0.7840608465608465 0.7204861111111112 0.07738095238095238 0.10416666666666667
1 0.1474867724867725 0.41976686507936506 0.09060846560846561 0.04935515873015873
4 0.884755291005291 0.7010168650793651 0.08697089947089948 0.0974702380952381
4 0.6909722222222222 0.5298859126984127 0.09490740740740741 0.10639880952380952
4 0.4990079365079365 0.796875 0.08068783068783068 0.09573412698412699
1 0.09705687830687831 0.5150049603174603 0.08895502645502645 0.040426587301587304
4 0.3974867724867725 0.4779265873015873 0.13161375661375663 0.050595238095238096
3 0.36914021164021166 0.41870039682539684 0.13639219576719577 0.062103174603174605