3 0.09375 0.51171875 0.08463541666666667 0.07354736328125
4 0.6253255208333334 0.490478515625 0.09952799479166667 0.0343017578125
3 0.17317708333333334 0.4248046875 0.08357747395833333 0.07171630859375
3 0.3273111979166667 0.37841796875 0.08296712239583333 0.07421875
3 0.4733072916666667 0.326904296875 0.07893880208333333 0.0738525390625
3 0.2506510416666667 0.341552734375 0.083251953125 0.0726318359375
3 0.6031901041666666 0.53271484375 0.101318359375 0.051849365234375
3 0.24918619791666666 0.462158203125 0.08479817708333333 0.0738525390625
3 0.4000651041666667 0.409912109375 0.08085123697916667 0.0738525390625
5 0.6064453125 0.1998291015625 0.045735677083333336 0.092041015625
3 0.4029947916666667 0.29443359375 0.07967122395833333 0.072509765625
5 0.6822916666666666 0.26416015625 0.047037760416666664 0.08599853515625
0 0.5029296875 0.578125 0.10099283854166667 0.09088134765625
5 0.6070963541666666 0.31591796875 0.048299153645833336 0.090087890625
3 0.3232421875 0.496337890625 0.08028157552083333 0.0728759765625
1 0.6979166666666666 0.59619140625 0.06734212239583333 0.04840087890625
0 0.587890625 0.6328125 0.12516276041666666 0.03759765625
3 0.244140625 0.58447265625 0.08296712239583333 0.07421875
5 0.599609375 0.58251953125 0.126708984375 0.034759521484375
5 0.7604166666666666 0.327880859375 0.044637044270833336 0.089111328125
4 0.4192708333333333 0.75390625 0.050333658854166664 0.086181640625
4 0.5026041666666666 0.755859375 0.047119140625 0.0894775390625
4 0.580078125 0.92919921875 0.055379231770833336 0.09637451171875
3 0.17236328125 0.54833984375 0.087646484375 0.075439453125
4 0.4114583333333333 0.923828125 0.0538330078125 0.095703125
4 0.337890625 0.7509765625 0.051676432291666664 0.0872802734375
5 0.7623697916666666 0.43798828125 0.04931640625 0.09027099609375
2 0.4781901041666667 0.65576171875 0.09578450520833333 0.0374755859375
5 0.9329427083333334 0.451416015625 0.048665364583333336 0.09368896484375
5 0.68359375 0.3720703125 0.047403971354166664 0.081787109375
5 0.8541666666666666 0.501953125 0.049397786458333336 0.09466552734375
4 0.5830078125 0.76025390625 0.04931640625 0.0867919921875
5 0.845703125 0.388916015625 0.045572916666666664 0.0810546875
4 0.6637369791666666 0.9365234375 0.05224609375 0.09234619140625
4 0.3302408854166667 0.92236328125 0.054158528645833336 0.093994140625
1 0.47265625 0.486083984375 0.0584716796875 0.047607421875
4 0.4938151041666667 0.9248046875 0.054972330729166664 0.0965576171875