5 0.37434854497354497 0.7075198412698412 0.06612103174603175 0.09637400793650794
5 0.1586904761904762 0.6181646825396826 0.06721891534391534 0.09588541666666667
5 0.23372354497354497 0.5791021825396826 0.049966931216931215 0.08331349206349206
5 0.23291005291005293 0.6801760912698412 0.07145171957671957 0.0960094246031746
5 0.08634589947089948 0.43896577380952384 0.05273478835978836 0.09155257936507936
3 0.5794279100529101 0.765625 0.08764550264550265 0.060302579365079365
5 0.3064781746031746 0.6376959325396826 0.06661044973544973 0.09301835317460318
3 0.6367195767195767 0.6645510912698412 0.09375 0.05996775793650794
3 0.6269543650793651 0.80859375 0.08959986772486772 0.06222470238095238
3 0.7447916666666666 0.6064459325396826 0.09220238095238095 0.0594171626984127
3 0.8352876984126983 0.6972668650793651 0.09895833333333333 0.0637202380952381
3 0.6829431216931217 0.7084970238095237 0.09171626984126985 0.05987599206349206
5 0.16422619047619047 0.5048834325396826 0.06835978835978836 0.09979166666666667
5 0.08325066137566138 0.5493154761904763 0.07120701058201058 0.09948660714285715
3 0.7298181216931217 0.7519543650793651 0.09309854497354496 0.06304811507936509
3 0.7897123015873017 0.6518551587301588 0.0925297619047619 0.06097470238095238
0 0.5289715608465608 0.47631944444444446 0.11287367724867724 0.056976686507936504
3 0.8984391534391535 0.5917981150793651 0.09285383597883598 0.06008928571428571
4 0.41438822751322746 0.5234375 0.08862433862433862 0.049042658730158735
5 0.2985019841269841 0.7451165674603174 0.06392526455026455 0.09570436507936508
1 0.34505291005291006 0.42040922619047616 0.07055555555555557 0.043854166666666666
5 0.7304695767195767 0.5224603174603174 0.10693452380952381 0.05645833333333333
2 0.656901455026455 0.5390625 0.056233465608465615 0.062103174603174605
3 0.5286474867724869 0.7236334325396826 0.08732142857142858 0.057373511904761906
3 0.38997354497354497 0.38769593253968254 0.10172619047619048 0.04248015873015873
3 0.9427083333333334 0.640625 0.09562169312169314 0.059754464285714286
4 0.6868485449735451 0.39477430555555554 0.10945767195767196 0.07275297619047619
4 0.7363293650793651 0.44018601190476186 0.10652777777777778 0.06939732142857143
4 0.5973313492063492 0.30835069444444446 0.10945767195767196 0.07598958333333333
0 0.49055886243386243 0.6293948412698412 0.055380291005291 0.0855704365079365
1 0.47819113756613757 0.5712896825396826 0.06278439153439154 0.04016121031746032
4 0.5485019841269841 0.26025297619047616 0.10693452380952381 0.0784920634920635
4 0.6441005291005291 0.3536235119047619 0.09261574074074073 0.06495039682539683
4 0.8457043650793651 0.30712797619047616 0.11002645502645504 0.07556051587301588
4 0.7962235449735451 0.26025297619047616 0.11002645502645504 0.07574404761904761
4 0.7589649470899471 0.2074826388888889 0.09141203703703704 0.061341765873015874
4 0.7057308201058201 0.1629637896825397 0.11067791005291006 0.0797718253968254