3 0.4820963541666667 0.79638671875 0.11328125 0.048126220703125
5 0.4772135416666667 0.11279296875 0.08341471354166667 0.0765380859375
3 0.3544921875 0.708984375 0.10538736979166667 0.04327392578125
3 0.609375 0.890625 0.10945638020833333 0.056549072265625
5 0.5 0.336181640625 0.09342447916666667 0.07720947265625
5 0.3889973958333333 0.120361328125 0.0826416015625 0.0755615234375
3 0.20621744791666666 0.76171875 0.10595703125 0.045684814453125
3 0.21907552083333334 0.6943359375 0.10335286458333333 0.04193115234375
3 0.3253580729166667 0.8515625 0.10904947916666667 0.049041748046875
3 0.18684895833333334 0.83349609375 0.107177734375 0.048126220703125
3 0.33984375 0.779296875 0.10335286458333333 0.04486083984375
3 0.4674479166666667 0.8740234375 0.11466471354166667 0.055206298828125
4 0.896484375 0.3046875 0.11971028645833333 0.053009033203125
2 0.3024088541666667 0.468505859375 0.08512369791666667 0.038970947265625
5 0.39453125 0.1951904296875 0.08601888020833333 0.0743408203125
3 0.6220703125 0.8115234375 0.10831705729166667 0.04931640625
5 0.4020182291666667 0.273193359375 0.09326171875 0.0755615234375
4 0.666015625 0.49658203125 0.10408528645833333 0.04779052734375
5 0.4104817708333333 0.41650390625 0.0947265625 0.07476806640625
5 0.4912109375 0.258544921875 0.09309895833333333 0.07806396484375
4 0.6946614583333334 0.343017578125 0.10319010416666667 0.046112060546875
4 0.6875 0.392333984375 0.10408528645833333 0.047607421875
3 0.4905598958333333 0.7265625 0.10831705729166667 0.0460205078125
5 0.4088541666666667 0.342529296875 0.09716796875 0.07421875
5 0.4837239583333333 0.1884765625 0.09171549479166667 0.07781982421875
4 0.7057291666666666 0.289794921875 0.10579427083333333 0.048492431640625
4 0.8802083333333334 0.40966796875 0.12101236979166667 0.052703857421875
4 0.8873697916666666 0.356201171875 0.11865234375 0.047607421875
0 0.16487630208333334 0.513671875 0.12784830729166666 0.04010009765625
5 0.5071614583333334 0.406005859375 0.09090169270833333 0.0762939453125
1 0.2775065104166667 0.3837890625 0.06551106770833333 0.03753662109375
0 0.16715494791666666 0.57470703125 0.12874348958333334 0.03662109375
4 0.8671875 0.51708984375 0.12247721354166667 0.04931640625
4 0.6751302083333334 0.441650390625 0.10001627604166667 0.047882080078125
3 0.6321614583333334 0.73779296875 0.10945638020833333 0.05108642578125
1 0.24153645833333334 0.33935546875 0.06254069010416667 0.043609619140625
4 0.8743489583333334 0.463623046875 0.11905924479166667 0.050506591796875