3 0.3030753968253968 0.41108630952380953 0.06316137566137567 0.057291666666666664
0 0.8759920634920635 0.5905257936507936 0.07671957671957672 0.07192460317460317
3 0.36061507936507936 0.47606646825396826 0.06316137566137567 0.05927579365079365
3 0.359292328042328 0.5751488095238095 0.06514550264550265 0.0625
3 0.29976851851851855 0.5060763888888888 0.06382275132275132 0.06076388888888889
3 0.23726851851851852 0.5348462301587301 0.06382275132275132 0.060267857142857144
3 0.24801587301587302 0.34697420634920634 0.06018518518518518 0.05704365079365079
4 0.621031746031746 0.7498759920634921 0.06349206349206349 0.06671626984126984
3 0.2953042328042328 0.6060267857142857 0.06415343915343916 0.06374007936507936
3 0.24289021164021163 0.4398561507936508 0.06183862433862434 0.05828373015873016
3 0.12863756613756613 0.4017857142857143 0.061507936507936505 0.05704365079365079
3 0.1818783068783069 0.46651785714285715 0.062169312169312166 0.05803571428571429
2 0.8713624338624338 0.7007688492063492 0.05092592592592592 0.060267857142857144
3 0.1884920634920635 0.37611607142857145 0.05886243386243386 0.05580357142857143
3 0.42063492063492064 0.5435267857142857 0.06415343915343916 0.06125992063492063
4 0.38756613756613756 0.8433779761904762 0.0701058201058201 0.08010912698412699
4 0.5390211640211641 0.6360367063492064 0.06415343915343916 0.06572420634920635
4 0.5658068783068783 0.7705853174603174 0.061507936507936505 0.0689484126984127
4 0.3143187830687831 0.7273065476190477 0.0625 0.06671626984126984
4 0.5034722222222222 0.7953869047619048 0.06514550264550265 0.0744047619047619
4 0.37136243386243384 0.7025049603174603 0.06878306878306878 0.07465277777777778
1 0.6441798941798942 0.5126488095238095 0.04365079365079365 0.03521825396825397
4 0.4307208994708995 0.6800595238095238 0.06316137566137567 0.06994047619047619
5 0.5009920634920635 0.34151785714285715 0.047619047619047616 0.07242063492063493
1 0.5823412698412699 0.533234126984127 0.041666666666666664 0.03869047619047619
5 0.43601190476190477 0.3736359126984127 0.050595238095238096 0.07614087301587301
5 0.5540674603174603 0.3931051587301587 0.04861111111111111 0.07539682539682539
5 0.3870701058201058 0.322296626984127 0.04794973544973545 0.07415674603174603
5 0.35201719576719576 0.19295634920634921 0.04927248677248677 0.06944444444444445
5 0.2888558201058201 0.22110615079365079 0.04861111111111111 0.0716765873015873
5 0.3368055555555556 0.2724454365079365 0.04662698412698413 0.0716765873015873
5 0.48842592592592593 0.42497519841269843 0.0496031746031746 0.07068452380952381
5 0.44841269841269843 0.2907986111111111 0.046296296296296294 0.06969246031746032
5 0.3993055555555556 0.24305555555555555 0.050595238095238096 0.07142857142857142
4 0.4825165343915344 0.6593874007936508 0.06836309523809524 0.0691592261904762
4 0.4483366402116402 0.8221478174603175 0.06677248677248677 0.07273561507936507
0 0.8155919312169312 0.6194444444444445 0.07313161375661376 0.07511904761904761