2 0.6552744708994709 0.6049801587301588 0.09912037037037037 0.043365575396825395
0 0.7415376984126983 0.5053720238095238 0.1302910052910053 0.05023313492063492
3 0.7890641534391535 0.4824231150793651 0.11344246031746032 0.046202876984126985
3 0.4622387566137566 0.39721726190476186 0.09456349206349206 0.06152281746031746
3 0.25992724867724865 0.2990724206349206 0.08028108465608466 0.0555109126984127
5 0.49153769841269845 0.29565476190476186 0.08056547619047619 0.08587549603174603
4 0.6458333333333334 0.4018551587301587 0.10148148148148148 0.03671378968253968
3 0.35058531746031746 0.50390625 0.09440145502645504 0.06222470238095238
0 0.8580720899470899 0.6362301587301588 0.12687169312169314 0.10144097222222222
1 0.7532539682539683 0.6342782738095237 0.07401455026455027 0.0555109126984127
3 0.30745370370370373 0.39721726190476186 0.08748346560846561 0.05706845238095238
3 0.46158730158730155 0.5654290674603174 0.09806216931216932 0.06561259920634921
5 0.6041666666666666 0.3208010912698413 0.09456349206349206 0.09667906746031746
3 0.40950396825396823 0.4509275793650794 0.09358796296296296 0.06311011904761905
5 0.7102876984126983 0.3339856150793651 0.08976190476190476 0.09503224206349206
3 0.24853505291005293 0.4475099206349206 0.08829695767195767 0.05865575396825397
4 0.20377645502645503 0.7675793650793651 0.1071792328042328 0.08587549603174603
4 0.33186838624338627 0.6455084325396826 0.10115410052910052 0.08386160714285715
4 0.16617724867724867 0.5375967261904763 0.09269179894179895 0.07531746031746032
3 0.21142526455026456 0.34838789682539684 0.08357804232804233 0.0555109126984127
3 0.3574206349206349 0.34619047619047616 0.08699404761904762 0.05718998015873016
4 0.2763657407407408 0.6059573412698412 0.09741071428571428 0.0793452380952381
4 0.15063492063492062 0.7275396825396826 0.1071792328042328 0.08660962301587301
5 0.4264318783068783 0.21154761904761907 0.07666005291005291 0.08831845238095239
3 0.5214847883597884 0.5034176587301588 0.09952711640211641 0.0629265873015873
3 0.5745436507936508 0.45190476190476186 0.09895833333333333 0.06658978174603175
4 0.2596031746031746 0.8100595238095237 0.10319113756613757 0.09008680555555557
5 0.6403009259259259 0.24804811507936508 0.08463624338624338 0.09008680555555557
4 0.38769510582010586 0.6801760912698412 0.10375992063492064 0.0881969246031746
5 0.7415376984126983 0.2597668650793651 0.08146164021164021 0.08789186507936508
4 0.21598214285714284 0.56640625 0.09863425925925925 0.0754389880952381
5 0.3909490740740741 0.27319444444444446 0.08280423280423281 0.09057539682539682
5 0.8391931216931217 0.35668898809523814 0.09407407407407407 0.0972296626984127
5 0.5247387566137566 0.2301016865079365 0.07706679894179895 0.08416666666666667
1 0.7278637566137566 0.5703125 0.0791005291005291 0.03881944444444445
5 0.671875 0.43481398809523814 0.10847883597883598 0.04248015873015873
4 0.08818452380952381 0.6865897817460317 0.08818452380952381 0.07357886904761905