3 0.7924933862433863 0.6205357142857143 0.08564814814814815 0.04811507936507937
5 0.5567129629629629 0.3776041666666667 0.06580687830687831 0.0642361111111111
0 0.36590608465608465 0.566468253968254 0.06448412698412699 0.06498015873015874
3 0.8936838624338624 0.6604662698412699 0.08895502645502645 0.05009920634920635
3 0.8677248677248677 0.7099454365079365 0.08928571428571429 0.04985119047619048
5 0.49867724867724866 0.3111359126984127 0.061507936507936505 0.06076388888888889
3 0.5691137566137566 0.5905257936507936 0.07671957671957672 0.0441468253968254
3 0.9246031746031746 0.6128472222222222 0.08928571428571429 0.0496031746031746
3 0.6650132275132276 0.6292162698412699 0.08002645502645503 0.046130952380952384
3 0.8240740740740741 0.5744047619047619 0.083994708994709 0.04662698412698413
3 0.7270171957671958 0.5367063492063492 0.07903439153439154 0.043154761904761904
0 0.42476851851851855 0.5905257936507936 0.06382275132275132 0.06597222222222222
2 0.28125 0.7848462301587301 0.03802910052910053 0.057787698412698416
5 0.6375661375661376 0.39099702380952384 0.06613756613756613 0.06324404761904762
3 0.7647156084656085 0.6691468253968254 0.08234126984126984 0.04811507936507937
4 0.27744708994708994 0.6285962301587301 0.09126984126984126 0.04241071428571429
3 0.6947751322751323 0.5824652777777778 0.08267195767195767 0.046875
3 0.6010251322751323 0.5460069444444444 0.07771164021164022 0.045882936507936505
3 0.6326058201058201 0.5004960317460317 0.07539682539682539 0.042162698412698416
4 0.2412367724867725 0.5520833333333334 0.08498677248677249 0.04265873015873016
5 0.8039021164021164 0.42038690476190477 0.07275132275132275 0.0625
5 0.7213955026455027 0.4086061507936508 0.06712962962962964 0.061755952380952384
1 0.49189814814814814 0.7560763888888888 0.03736772486772487 0.040426587301587304
4 0.07192460317460317 0.5166170634920635 0.08630952380952381 0.040674603174603176
4 0.20618386243386244 0.47643849206349204 0.08366402116402116 0.04117063492063492
1 0.4264219576719577 0.748015873015873 0.03736772486772487 0.041666666666666664
4 0.12136243386243387 0.6310763888888888 0.08862433862433862 0.04290674603174603
4 0.1056547619047619 0.5907738095238095 0.08961640211640212 0.04017857142857143
4 0.13392857142857142 0.6712549603174603 0.08134920634920635 0.040426587301587304
4 0.22321428571428573 0.5121527777777778 0.07605820105820106 0.034722222222222224
4 0.08873346560846561 0.5547296626984127 0.08267195767195767 0.036376488095238094
4 0.2590376984126984 0.5898635912698412 0.07495701058201058 0.03554811507936508
5 0.5787037037037037 0.3277951388888889 0.05952380952380952 0.060349702380952386
5 0.6558630952380952 0.3430877976190476 0.06393187830687831 0.06117807539682539
5 0.48170304232804234 0.35672867063492064 0.05952380952380952 0.060349702380952386
5 0.740188492063492 0.3554885912698412 0.060625000000000005 0.06117807539682539
5 0.8228604497354497 0.36912946428571425 0.06944444444444445 0.062003968253968256