2 0.4503968253968254 0.6431051587301587 0.08928571428571429 0.08779761904761904
0 0.3759920634920635 0.8353174603174603 0.18055555555555555 0.060515873015873016
4 0.6666666666666666 0.7916666666666666 0.08862433862433862 0.1130952380952381
1 0.6226851851851852 0.5091765873015873 0.08068783068783068 0.053075396825396824
4 0.4626322751322751 0.3350694444444444 0.11375661375661375 0.05505952380952381
4 0.08068783068783068 0.4955357142857143 0.12698412698412698 0.06845238095238096
4 0.22420634920634921 0.3343253968253968 0.11375661375661375 0.05952380952380952
5 0.7820767195767195 0.5565476190476191 0.13822751322751323 0.0625
1 0.8255621693121693 0.7173859126984127 0.06977513227513228 0.0726686507936508
4 0.4287367724867725 0.3862847222222222 0.1173941798941799 0.06076388888888889
4 0.3578042328042328 0.49429563492063494 0.12367724867724868 0.05654761904761905
4 0.13045634920634921 0.4367559523809524 0.11607142857142858 0.054563492063492064
4 0.3943452380952381 0.4398561507936508 0.12202380952380952 0.06076388888888889
4 0.31828703703703703 0.5536954365079365 0.1292989417989418 0.0642361111111111
3 0.6557539682539683 0.6138392857142857 0.1111111111111111 0.08630952380952381
4 0.18245442708333334 0.388916015625 0.12581380208333334 0.070068359375