3 0.07589285714285714 0.6910962301587301 0.05787037037037037 0.0716765873015873
3 0.21147486772486773 0.4429563492063492 0.045304232804232805 0.05803571428571429
3 0.17625661375661375 0.603546626984127 0.05291005291005291 0.06721230158730158
3 0.09970238095238096 0.6000744047619048 0.054563492063492064 0.06721230158730158
3 0.12202380952380952 0.5168650793650794 0.05092592592592592 0.06299603174603174
2 0.6545965608465608 0.8142361111111112 0.055224867724867725 0.06696428571428571
3 0.19444444444444445 0.5203373015873016 0.047619047619047616 0.06299603174603174
3 0.2523148148148148 0.6050347222222222 0.04828042328042328 0.06721230158730158
3 0.26769179894179895 0.5212053571428571 0.04662698412698413 0.061755952380952384
3 0.1423611111111111 0.4398561507936508 0.04662698412698413 0.05828373015873016
3 0.1593915343915344 0.6945684523809523 0.056216931216931214 0.0726686507936508
3 0.2822420634920635 0.4435763888888889 0.04332010582010582 0.057787698412698416
3 0.2349537037037037 0.6966765873015873 0.050595238095238096 0.07242063492063493
5 0.7632275132275133 0.5514632936507936 0.08796296296296297 0.06770833333333333
5 0.7561177248677249 0.48412698412698413 0.09226190476190477 0.06448412698412699
5 0.6827050264550265 0.623015873015873 0.09292328042328042 0.07043650793650794
5 0.7857142857142857 0.6994047619047619 0.0958994708994709 0.0763888888888889
5 0.6744378306878307 0.4166666666666667 0.08101851851851852 0.061507936507936505
5 0.7739748677248677 0.6220238095238095 0.09226190476190477 0.07341269841269842
5 0.6775793650793651 0.5505952380952381 0.08664021164021164 0.06597222222222222
5 0.6731150793650794 0.48226686507936506 0.08895502645502645 0.06374007936507936
1 0.3621031746031746 0.7993551587301587 0.0496031746031746 0.0496031746031746
0 0.49404761904761907 0.7953869047619048 0.05026455026455026 0.09226190476190477
1 0.28720238095238093 0.8247767857142857 0.045965608465608467 0.051835317460317464
5 0.6927910052910053 0.699156746031746 0.08994708994708994 0.07291666666666667
5 0.7523148148148148 0.41790674603174605 0.08333333333333333 0.06101190476190476
4 0.5363756613756614 0.6385168650793651 0.09986772486772487 0.03794642857142857
4 0.3609457671957672 0.6784474206349206 0.105489417989418 0.04141865079365079
4 0.5464616402116402 0.5482390873015873 0.09689153439153439 0.034970238095238096
4 0.39368386243386244 0.4949156746031746 0.09292328042328042 0.03546626984126984
4 0.5304232804232805 0.6879960317460317 0.10515873015873016 0.04117063492063492
4 0.5505952380952381 0.5023561507936508 0.09325396825396826 0.034970238095238096
0 0.578042328042328 0.8055555555555556 0.047619047619047616 0.09275793650793651
4 0.3708664021164021 0.628844246031746 0.09887566137566138 0.03695436507936508
4 0.5415013227513228 0.5933779761904762 0.1001984126984127 0.03794642857142857
4 0.3854166666666667 0.535094246031746 0.09358465608465609 0.03298611111111111
4 0.3792989417989418 0.5799851190476191 0.09193121693121693 0.03447420634920635