3 0.34667989417989414 0.7124032738095237 0.07706679894179895 0.04394593253968254
3 0.2459325396825397 0.7519543650793651 0.08011904761904762 0.045441468253968255
3 0.27327380952380953 0.8017584325396826 0.08146164021164021 0.04867559523809523
3 0.3753240740740741 0.76171875 0.08040343915343914 0.04821676587301587
3 0.5081382275132275 0.5864260912698412 0.07596891534391534 0.043365575396825395
3 0.21744708994708992 0.7011731150793651 0.07836970899470899 0.04492311507936508
3 0.47460978835978834 0.7216790674603174 0.08174603174603175 0.04876736111111111
3 0.4127612433862434 0.6240228174603174 0.07580687830687831 0.04327380952380952
3 0.3157539682539683 0.6630853174603174 0.07401455026455027 0.043854166666666666
3 0.44466269841269845 0.671875 0.07722883597883598 0.04351686507936508
4 0.34505291005291006 0.5620114087301588 0.05676256613756614 0.0559375
4 0.4990244708994709 0.5073239087301588 0.06103505291005291 0.0594171626984127
3 0.5716137566137566 0.6806646825396826 0.07853174603174602 0.04534970238095238
4 0.3955092592592592 0.5410168650793651 0.05847222222222222 0.05749503968253968
0 0.7832043650793651 0.6928720238095237 0.09122685185185185 0.02964781746031746
1 0.6012367724867725 0.7622073412698412 0.0507010582010582 0.04162698412698413
5 0.6471362433862434 0.5683606150793651 0.0634755291005291 0.07019097222222222
3 0.5414781746031746 0.6349727182539683 0.07503637566137566 0.04266121031746031
4 0.38932208994708994 0.4379885912698413 0.06311177248677248 0.058013392857142854
4 0.4378240740740741 0.41772569444444446 0.059123677248677245 0.058990575396825395
4 0.2944345238095238 0.5776364087301588 0.06046626984126984 0.059754464285714286
5 0.6347652116402116 0.4392088293650794 0.057291666666666664 0.06646825396825397
5 0.5712896825396825 0.4548338293650794 0.05603174603174603 0.06439236111111112
0 0.7636706349206349 0.6386731150793651 0.08927248677248677 0.02893105158730159
2 0.7089847883597883 0.7124032738095237 0.04313161375661376 0.0555109126984127
5 0.671223544973545 0.4887698412698413 0.05769841269841269 0.06488095238095239
5 0.5328769841269841 0.40600694444444446 0.057820767195767196 0.06335565476190476
4 0.24007275132275133 0.48584077380952384 0.05834986772486772 0.05676339285714286
4 0.34440145502645503 0.453125 0.04984457671957672 0.052703373015873016
4 0.29248015873015876 0.46997023809523814 0.06046626984126984 0.05996775793650794
1 0.6523445767195767 0.7275396825396826 0.049765211640211644 0.037383432539682536
5 0.5641269841269841 0.33227430555555554 0.05814484126984128 0.06488095238095239
5 0.5986342592592593 0.38256944444444446 0.0628670634920635 0.06347718253968254
5 0.5009755291005291 0.35083085317460316 0.05651785714285714 0.06622271825396825
4 0.4479166666666667 0.5214856150793651 0.05257275132275132 0.05398561507936508
5 0.6057936507936508 0.5136731150793651 0.05651785714285714 0.06439236111111112
5 0.7161474867724869 0.5419915674603174 0.047648809523809524 0.0594171626984127