3 0.6529431216931217 0.6008184523809523 0.06646825396825397 0.06274801587301587
3 0.7779431216931217 0.6579861111111112 0.07572751322751323 0.06944444444444445
3 0.7111441798941799 0.6793154761904762 0.0710978835978836 0.06944444444444445
3 0.728505291005291 0.49429563492063494 0.06283068783068783 0.06001984126984127
3 0.7840608465608465 0.5601438492063492 0.07142857142857142 0.06721230158730158
3 0.9128637566137566 0.7146577380952381 0.08300264550264551 0.07415674603174603
3 0.7731481481481481 0.7647569444444444 0.07804232804232804 0.07564484126984126
3 0.8454034391534392 0.6331845238095238 0.07705026455026455 0.07093253968253968
4 0.17741402116402116 0.5623759920634921 0.08630952380952381 0.047867063492063495
3 0.7180886243386243 0.5833333333333334 0.0710978835978836 0.06498015873015874
4 0.3635912698412698 0.5239335317460317 0.08498677248677249 0.043402777777777776
4 0.2318121693121693 0.49069940476190477 0.08333333333333333 0.04241071428571429
4 0.314484126984127 0.6013144841269841 0.09060846560846561 0.047371031746031744
4 0.11392195767195767 0.6393849206349206 0.09226190476190477 0.0496031746031746
3 0.5689484126984127 0.6037946428571429 0.07837301587301587 0.04290674603174603
3 0.84375 0.740234375 0.07694498697916667 0.07318115234375
4 0.4153645833333333 0.7255859375 0.07173665364583333 0.05889892578125
4 0.20572916666666666 0.52587890625 0.08463541666666667 0.042327880859375
3 0.6005859375 0.6982421875 0.08251953125 0.048675537109375
4 0.14453125 0.603515625 0.08748372395833333 0.047149658203125
4 0.3430989583333333 0.5615234375 0.08748372395833333 0.043853759765625
4 0.5286458333333334 0.681640625 0.040283203125 0.06536865234375