3 0.0758056640625 0.57275390625 0.072265625 0.06622314453125
3 0.20572916666666666 0.62451171875 0.07401529947916667 0.06829833984375
3 0.19645182291666666 0.51123046875 0.07596842447916667 0.06524658203125
3 0.2649739583333333 0.5966796875 0.07430013020833333 0.06805419921875
3 0.2745768229166667 0.80322265625 0.06949869791666667 0.06573486328125
3 0.3343098958333333 0.677734375 0.07279459635416667 0.0703125
3 0.135009765625 0.54443359375 0.07320149739583333 0.06475830078125
3 0.20833333333333334 0.7275390625 0.0706787109375 0.06561279296875
5 0.822265625 0.322509765625 0.08011881510416667 0.09320068359375
3 0.3395182291666667 0.77880859375 0.07108561197916667 0.06524658203125
3 0.14274088541666666 0.64990234375 0.07173665364583333 0.06549072265625
3 0.4007161458333333 0.75830078125 0.07132975260416667 0.06927490234375
5 0.7766927083333334 0.401123046875 0.08406575520833333 0.093505859375
4 0.6822916666666666 0.71240234375 0.059366861979166664 0.0740966796875
2 0.5654296875 0.445556640625 0.06966145833333333 0.06085205078125
5 0.4749348958333333 0.2313232421875 0.07413736979166667 0.09320068359375
3 0.27392578125 0.70166015625 0.07145182291666667 0.06805419921875
4 0.6110026041666666 0.69189453125 0.0706787109375 0.0885009765625
1 0.2781575520833333 0.43896484375 0.06538899739583333 0.03643798828125
4 0.7552083333333334 0.7294921875 0.061726888020833336 0.07342529296875
4 0.8307291666666666 0.75537109375 0.063720703125 0.0726318359375
5 0.3603515625 0.199951171875 0.0745849609375 0.09222412109375
4 0.81640625 0.599609375 0.06722005208333333 0.07574462890625
5 0.5859375 0.26123046875 0.07320149739583333 0.0894775390625
5 0.3273111979166667 0.276123046875 0.07666015625 0.08819580078125
5 0.548828125 0.335693359375 0.07779947916666667 0.08740234375
4 0.8919270833333334 0.61474609375 0.08634440104166667 0.09271240234375
1 0.24837239583333334 0.381591796875 0.06514485677083333 0.038177490234375
0 0.5319010416666666 0.85595703125 0.09757486979166667 0.06890869140625
4 0.7350260416666666 0.57568359375 0.07413736979166667 0.08758544921875
5 0.6686197916666666 0.367919921875 0.09342447916666667 0.10302734375
5 0.7005208333333334 0.289794921875 0.07389322916666667 0.086181640625
4 0.6614583333333334 0.55908203125 0.07267252604166667 0.08599853515625
4 0.9627685546875 0.63525390625 0.074462890625 0.09332275390625
4 0.8997395833333334 0.775390625 0.06465657552083333 0.07666015625
0 0.5875651041666666 0.90087890625 0.09757486979166667 0.0738525390625
5 0.4375 0.308837890625 0.0704345703125 0.08331298828125