5 0.23743386243386244 0.8299851190476191 0.11177248677248677 0.07663690476190477
4 0.6982473544973545 0.7037450396825397 0.07242063492063493 0.10193452380952381
4 0.43452380952380953 0.5422867063492064 0.06746031746031746 0.09300595238095238
5 0.5026455026455027 0.9088541666666666 0.1078042328042328 0.0845734126984127
4 0.5243055555555556 0.5401785714285714 0.06712962962962964 0.09771825396825397
4 0.6087962962962963 0.5381944444444444 0.06944444444444445 0.09771825396825397
4 0.611441798941799 0.7041170634920635 0.0667989417989418 0.10267857142857142
5 0.6322751322751323 0.8272569444444444 0.11375661375661375 0.09300595238095238
5 0.765707671957672 0.8361855158730159 0.10615079365079365 0.08705357142857142
5 0.3725198412698413 0.8253968253968254 0.10615079365079365 0.08680555555555555
4 0.3482142857142857 0.5447668650793651 0.06613756613756613 0.09449404761904762
5 0.373015873015873 0.912078373015873 0.10978835978835978 0.08110119047619048
5 0.7622354497354498 0.9162946428571429 0.10912698412698413 0.0835813492063492
5 0.5041335978835979 0.8262648809523809 0.11408730158730158 0.0900297619047619
5 0.6311177248677249 0.9094742063492064 0.10615079365079365 0.08581349206349206
4 0.3568121693121693 0.7094494047619048 0.05886243386243386 0.09499007936507936
4 0.5271164021164021 0.7049851190476191 0.062169312169312166 0.10193452380952381
4 0.4419642857142857 0.7077132936507936 0.05853174603174603 0.0974702380952381
3 0.3616536458333333 0.35107421875 0.12076822916666667 0.046630859375
3 0.6953125 0.402099609375 0.12141927083333333 0.044586181640625
3 0.5358072916666666 0.415283203125 0.1220703125 0.044189453125
3 0.3733723958333333 0.427978515625 0.1220703125 0.044677734375
3 0.3483072916666667 0.27001953125 0.122314453125 0.05126953125
3 0.20003255208333334 0.363037109375 0.12874348958333334 0.0504150390625
3 0.5227864583333334 0.3408203125 0.13077799479166666 0.0535888671875
3 0.6822916666666666 0.32568359375 0.12296549479166667 0.047882080078125
3 0.5123697916666666 0.25732421875 0.12166341145833333 0.04803466796875
3 0.6725260416666666 0.246337890625 0.1337890625 0.05645751953125
3 0.18391927083333334 0.282470703125 0.1220703125 0.04840087890625