3 0.3260091145833333 0.3916015625 0.088134765625 0.04803466796875
3 0.3902994791666667 0.482666015625 0.09187825520833333 0.05072021484375
3 0.2801106770833333 0.4443359375 0.08829752604166667 0.049041748046875
3 0.4361979166666667 0.4287109375 0.092529296875 0.051849365234375
3 0.3662109375 0.338623046875 0.087646484375 0.048492431640625
4 0.654296875 0.357177734375 0.09578450520833333 0.04052734375
3 0.5546875 0.466552734375 0.09822591145833333 0.05340576171875
4 0.3421223958333333 0.59521484375 0.08878580729166667 0.0809326171875
3 0.22347005208333334 0.357421875 0.08390299479166667 0.046295166015625
4 0.21695963541666666 0.541015625 0.08040364583333333 0.07366943359375
2 0.7109375 0.5419921875 0.09895833333333333 0.036773681640625
0 0.908203125 0.54541015625 0.10677083333333333 0.1019287109375
4 0.40234375 0.62060546875 0.08927408854166667 0.0823974609375
0 0.7682291666666666 0.44189453125 0.12556966145833334 0.037261962890625
3 0.5963541666666666 0.408447265625 0.097900390625 0.053314208984375
3 0.5130208333333334 0.52392578125 0.10026041666666667 0.051177978515625
4 0.2771809895833333 0.56396484375 0.088134765625 0.077392578125
4 0.3727213541666667 0.78857421875 0.086181640625 0.090576171875
4 0.4661458333333333 0.64599609375 0.09456380208333333 0.08758544921875
5 0.4817708333333333 0.277099609375 0.091552734375 0.079345703125
3 0.80859375 0.411376953125 0.112060546875 0.036346435546875
5 0.4013671875 0.2088623046875 0.08561197916666667 0.081787109375
3 0.26123046875 0.305908203125 0.08219401041666667 0.047698974609375
5 0.7024739583333334 0.286865234375 0.09879557291666667 0.08404541015625
3 0.4765625 0.373291015625 0.09375 0.0517578125
5 0.5921223958333334 0.284423828125 0.09806315104166667 0.08197021484375
4 0.24153645833333334 0.7255859375 0.09529622395833333 0.08758544921875
4 0.3020833333333333 0.7578125 0.0966796875 0.093017578125
1 0.8098958333333334 0.55517578125 0.0799560546875 0.05072021484375
4 0.181640625 0.69677734375 0.09220377604166667 0.08526611328125
5 0.7180989583333334 0.2171630859375 0.09285481770833333 0.08282470703125
5 0.8235677083333334 0.290771484375 0.1044921875 0.083740234375
5 0.3798828125 0.266357421875 0.08683268229166667 0.07977294921875
5 0.6119791666666666 0.217041015625 0.09407552083333333 0.08270263671875
1 0.7708333333333334 0.501953125 0.08528645833333333 0.044342041015625
5 0.5009765625 0.21337890625 0.09073893229166667 0.082275390625
5 0.6953125 0.380126953125 0.1142578125 0.0333251953125