3 0.8151058201058201 0.5932614087301588 0.057820767195767196 0.07122767857142857
3 0.8684887566137566 0.48754960317460316 0.057374338624338626 0.07006944444444443
3 0.7636706349206349 0.69921875 0.05326388888888889 0.07159474206349206
5 0.2788095238095238 0.32714781746031746 0.053670634920634924 0.07305803571428571
3 0.7337235449735451 0.6064459325396826 0.053465608465608466 0.07043402777777778
3 0.6731779100529101 0.42553819444444446 0.04959986772486773 0.06707837301587301
3 0.8990873015873017 0.5805654761904763 0.0586739417989418 0.07159474206349206
3 0.7545568783068783 0.41259672619047616 0.055095899470899476 0.06829861111111112
2 0.4482407407407408 0.7041021825396826 0.07320105820105821 0.04016121031746032
4 0.20979828042328041 0.6362301587301588 0.0899239417989418 0.06903025793650794
3 0.8385416666666666 0.39697172619047616 0.05611111111111111 0.06982390873015873
4 0.3170568783068783 0.5424801587301588 0.0719808201058201 0.0565500992063492
1 0.421875 0.7392584325396826 0.06888888888888889 0.032470238095238094
4 0.3043617724867725 0.7021478174603174 0.09285383597883598 0.06890873015873016
1 0.5836574074074075 0.6308606150793651 0.05643849206349206 0.028107638888888887
3 0.8444014550264549 0.6875 0.059123677248677245 0.07183779761904761
5 0.23665343915343914 0.38208085317460316 0.055704365079365076 0.06915178571428571
3 0.7832043650793651 0.5019543650793651 0.05611111111111111 0.06878720238095239
4 0.22151785714285716 0.4824231150793651 0.0733234126984127 0.05624503968253968
3 0.703125 0.5131845238095237 0.04939814814814815 0.06707837301587301
3 0.6525462962962962 0.6870858134920634 0.09134920634920635 0.03250496031746032
5 0.44694113756613757 0.3940426587301587 0.05167658730158731 0.07226686507936508
4 0.16088955026455026 0.6064459325396826 0.08862433862433862 0.07043402777777778
5 0.4944675925925926 0.48559523809523814 0.05436177248677248 0.07653769841269842
4 0.11287367724867724 0.5766592261904763 0.08797288359788359 0.06524553571428571
4 0.27034391534391533 0.5122073412698412 0.08406415343915344 0.06634424603174603
5 0.36230489417989414 0.35961805555555554 0.05053571428571428 0.07171626984126984
5 0.5804034391534392 0.515625 0.05794312169312169 0.07781994047619047
4 0.36686177248677254 0.5717782738095237 0.07995701058201057 0.06707837301587301
5 0.5335284391534392 0.42480406746031746 0.05444444444444444 0.06982390873015873
5 0.3206382275132275 0.41503968253968254 0.05643849206349206 0.0706795634920635
5 0.4059259259259259 0.44946180555555554 0.04968253968253968 0.06695436507936507
4 0.2540674603174603 0.6708978174603174 0.08251984126984127 0.06097470238095238
5 0.6992195767195767 0.7846676587301588 0.09073743386243385 0.048492063492063496
4 0.5611970899470899 0.6977529761904763 0.0851223544973545 0.03417906746031746
0 0.4798181216931217 0.8251959325396826 0.07780092592592593 0.07409722222222222
0 0.3336574074074074 0.8154290674603174 0.1242691798941799 0.04867559523809523