3 0.5846354166666666 0.6484375 0.0523681640625 0.07965087890625
3 0.642578125 0.436767578125 0.054850260416666664 0.07891845703125
3 0.6279296875 0.336181640625 0.053141276041666664 0.07696533203125
3 0.5380859375 0.3466796875 0.051188151041666664 0.07696533203125
4 0.3260091145833333 0.6181640625 0.11678059895833333 0.040924072265625
0 0.619140625 0.8291015625 0.126708984375 0.033721923828125
5 0.7721354166666666 0.41064453125 0.10791015625 0.083740234375
4 0.134765625 0.515625 0.120361328125 0.042816162109375
3 0.4931640625 0.65576171875 0.052652994791666664 0.0809326171875
4 0.13785807291666666 0.568359375 0.121826171875 0.04296875
4 0.3234049479166667 0.560546875 0.11735026041666667 0.0416259765625
4 0.3212890625 0.5068359375 0.11775716145833333 0.041839599609375
4 0.13126627604166666 0.46337890625 0.121826171875 0.043701171875
3 0.4534505208333333 0.35205078125 0.049031575520833336 0.07501220703125
5 0.7740885416666666 0.498291015625 0.11409505208333333 0.08538818359375
5 0.8782552083333334 0.4111328125 0.11328125 0.08343505859375
4 0.13834635416666666 0.626953125 0.124267578125 0.046905517578125
4 0.3172200520833333 0.451904296875 0.11824544270833333 0.042083740234375
5 0.8834635416666666 0.587890625 0.09651692708333333 0.0738525390625
3 0.6731770833333334 0.64208984375 0.057291666666666664 0.08062744140625
3 0.4671223958333333 0.45068359375 0.054361979166666664 0.07708740234375
3 0.6578776041666666 0.53857421875 0.058919270833333336 0.08251953125
4 0.3282877604166667 0.67236328125 0.12076822916666667 0.045013427734375
3 0.5690104166666666 0.54443359375 0.054158528645833336 0.07965087890625
5 0.7825520833333334 0.58740234375 0.09684244791666667 0.0740966796875
3 0.4794921875 0.55029296875 0.05224609375 0.07879638671875
5 0.8841145833333334 0.499267578125 0.10148111979166667 0.0738525390625
5 0.89453125 0.67822265625 0.10506184895833333 0.076416015625
0 0.6194661458333334 0.75537109375 0.12646484375 0.035064697265625
4 0.13932291666666666 0.68408203125 0.12736002604166666 0.045440673828125
5 0.9010416666666666 0.77001953125 0.10636393229166667 0.07720947265625
5 0.7890625 0.67431640625 0.10465494791666667 0.07489013671875
3 0.5540364583333334 0.4462890625 0.060139973958333336 0.082275390625
5 0.7916666666666666 0.76806640625 0.1044921875 0.078369140625
1 0.369140625 0.9248046875 0.056315104166666664 0.058349609375
1 0.2985026041666667 0.88720703125 0.058919270833333336 0.051177978515625
2 0.17496744791666666 0.8505859375 0.051676432291666664 0.07421875