3 0.703125 0.32861328125 0.07938639322916667 0.0482177734375
3 0.7571614583333334 0.413330078125 0.08174641927083333 0.047332763671875
3 0.8548177083333334 0.459228515625 0.085693359375 0.05194091796875
3 0.7161458333333334 0.45556640625 0.08280436197916667 0.0496826171875
3 0.6129557291666666 0.28955078125 0.07401529947916667 0.04681396484375
3 0.7975260416666666 0.3701171875 0.08296712239583333 0.048675537109375
3 0.6611328125 0.372314453125 0.07625325520833333 0.046295166015625
3 0.8177083333333334 0.50244140625 0.08780924479166667 0.0504150390625
3 0.5719401041666666 0.3310546875 0.07430013020833333 0.0455322265625
5 0.15999348958333334 0.5283203125 0.09171549479166667 0.0546875
2 0.6044921875 0.66162109375 0.05517578125 0.054290771484375
3 0.5299479166666666 0.36865234375 0.0721435546875 0.045257568359375
0 0.7447916666666666 0.732421875 0.0465087890625 0.08770751953125
5 0.3434244791666667 0.442626953125 0.086181640625 0.049407958984375
3 0.6207682291666666 0.410400390625 0.0758056640625 0.0489501953125
5 0.24788411458333334 0.456298828125 0.08479817708333333 0.05059814453125
1 0.6162109375 0.6982421875 0.057291666666666664 0.044586181640625
5 0.2596028645833333 0.5146484375 0.09391276041666667 0.054290771484375
4 0.3564453125 0.73681640625 0.059895833333333336 0.08770751953125
5 0.4453125 0.481689453125 0.08113606770833333 0.046630859375
4 0.421875 0.60107421875 0.053548177083333336 0.0755615234375
5 0.5452473958333334 0.467529296875 0.08390299479166667 0.0472412109375
4 0.21435546875 0.7431640625 0.0635986328125 0.091064453125
5 0.4306640625 0.42822265625 0.08146158854166667 0.0457763671875
5 0.14957682291666666 0.468017578125 0.08040364583333333 0.047515869140625
5 0.85546875 0.59521484375 0.056844075520833336 0.070068359375
4 0.42578125 0.72802734375 0.050618489583333336 0.07763671875
4 0.2864583333333333 0.73974609375 0.061279296875 0.0885009765625
0 0.6178385416666666 0.81298828125 0.10042317708333333 0.08648681640625
1 0.6363932291666666 0.5439453125 0.053263346354166664 0.038177490234375
3 0.7317708333333334 0.5537109375 0.07401529947916667 0.05499267578125
4 0.6809895833333334 0.6005859375 0.06925455729166667 0.056854248046875
4 0.22493489583333334 0.6103515625 0.052083333333333336 0.0740966796875
4 0.29150390625 0.609375 0.0518798828125 0.075439453125
4 0.3583984375 0.60498046875 0.0552978515625 0.07598876953125
5 0.3577473958333333 0.50048828125 0.09895833333333333 0.055419921875
4 0.4954427083333333 0.72509765625 0.06441243489583333 0.08538818359375