1 0.7457010582010583 0.6648065476190477 0.06613756613756613 0.06671626984126984
5 0.7118055555555556 0.5431547619047619 0.08961640211640212 0.08482142857142858
4 0.24768518518518517 0.5979662698412699 0.1283068783068783 0.05009920634920635
2 0.5770502645502645 0.7705853174603174 0.06746031746031746 0.09821428571428571
1 0.6390542328042328 0.5905257936507936 0.08300264550264551 0.04811507936507937
4 0.15773809523809523 0.7922867063492064 0.15013227513227514 0.05580357142857143
0 0.7533068783068783 0.916046626984127 0.18452380952380953 0.05679563492063492
4 0.43187830687830686 0.8036954365079365 0.1527777777777778 0.06225198412698413
4 0.48032407407407407 0.5512152777777778 0.12202380952380952 0.047371031746031744
4 0.447255291005291 0.7318948412698413 0.14054232804232805 0.050595238095238096
4 0.47156084656084657 0.6041666666666666 0.12962962962962962 0.04811507936507937
4 0.22602513227513227 0.6526537698412699 0.13326719576719576 0.053323412698412696
4 0.45717592592592593 0.6654265873015873 0.13260582010582012 0.04811507936507937
4 0.1908068783068783 0.7204861111111112 0.1388888888888889 0.049107142857142856
4 0.6901455026455027 0.7802579365079365 0.13624338624338625 0.06547619047619048
3 0.6272784391534392 0.6748040674603174 0.11694444444444443 0.07598958333333333