0 0.20552248677248677 0.5102926587301587 0.09953703703703703 0.10739087301587301
2 0.6784060846560847 0.4497767857142857 0.09623015873015874 0.07316468253968254
4 0.6183862433862434 0.5853174603174603 0.0873015873015873 0.10664682539682539
4 0.7119708994708994 0.5673363095238095 0.09523809523809523 0.10788690476190477
5 0.335978835978836 0.39037698412698413 0.13558201058201058 0.08134920634920635
4 0.5132275132275133 0.6050347222222222 0.08664021164021164 0.11284722222222222
0 0.5524140211640212 0.25669642857142855 0.09424603174603174 0.10416666666666667
4 0.5828373015873016 0.8076636904761905 0.08035714285714286 0.11334325396825397
4 0.4393187830687831 0.4911954365079365 0.12466931216931217 0.057787698412698416
4 0.47470238095238093 0.8250248015873016 0.09556878306878307 0.12822420634920634
1 0.20436507936507936 0.41418650793650796 0.09457671957671958 0.04861111111111111
4 0.41369047619047616 0.621155753968254 0.08134920634920635 0.10838293650793651
1 0.12533068783068782 0.49528769841269843 0.09060846560846561 0.04265873015873016
4 0.7938161375661376 0.7638888888888888 0.08564814814814815 0.1185515873015873
4 0.6838624338624338 0.7873263888888888 0.08333333333333333 0.11284722222222222
4 0.8943452380952381 0.7445436507936508 0.09226190476190477 0.11359126984126984
3 0.41569113756613757 0.43286210317460316 0.12166335978835979 0.06512400793650794