3 0.6192129629629629 0.6480654761904762 0.049933862433862435 0.07043650793650794
3 0.5264550264550265 0.7333829365079365 0.05291005291005291 0.07886904761904762
3 0.6155753968253969 0.7433035714285714 0.05588624338624339 0.08035714285714286
3 0.7071759259259259 0.7498759920634921 0.055224867724867725 0.08209325396825397
3 0.7068452380952381 0.6526537698412699 0.050595238095238096 0.07217261904761904
3 0.6099537037037037 0.8529265873015873 0.060515873015873016 0.09275793650793651
3 0.7076719576719577 0.8612351190476191 0.0582010582010582 0.09300595238095238
3 0.7055224867724867 0.5679563492063492 0.04398148148148148 0.06448412698412699
3 0.5122354497354498 0.8430059523809523 0.05952380952380952 0.09077380952380952
3 0.5375330687830688 0.6378968253968254 0.04662698412698413 0.0689484126984127
3 0.43171296296296297 0.578125 0.045304232804232805 0.060515873015873016
4 0.2989908854166667 0.6904296875 0.07706705729166667 0.06781005859375
4 0.4182942708333333 0.6376953125 0.04058837890625 0.06939697265625
3 0.4612630208333333 0.6689453125 0.0408935546875 0.0703125