0 0.5139973958333334 0.73876953125 0.0947265625 0.051544189453125
4 0.6598307291666666 0.58349609375 0.08390299479166667 0.0266571044921875
1 0.6614583333333334 0.55615234375 0.0628662109375 0.029205322265625
4 0.21256510416666666 0.5224609375 0.08544921875 0.05389404296875
2 0.3385416666666667 0.70068359375 0.057088216145833336 0.054595947265625
5 0.5481770833333334 0.64599609375 0.05517578125 0.0701904296875
3 0.830078125 0.5322265625 0.07596842447916667 0.060211181640625
5 0.5234375 0.8818359375 0.1201171875 0.04486083984375
3 0.6907552083333334 0.4970703125 0.072265625 0.057708740234375
3 0.7734375 0.56787109375 0.07666015625 0.060089111328125
5 0.5966796875 0.9375 0.13191731770833334 0.047149658203125
3 0.8072916666666666 0.429931640625 0.07706705729166667 0.056976318359375
3 0.888671875 0.496337890625 0.08040364583333333 0.060516357421875
3 0.7298177083333334 0.368408203125 0.073486328125 0.056854248046875
5 0.7395833333333334 0.6943359375 0.11881510416666667 0.037384033203125
3 0.599609375 0.3388671875 0.06563313802083333 0.055206298828125
5 0.8854166666666666 0.68212890625 0.12939453125 0.039703369140625
3 0.5133463541666666 0.5517578125 0.053263346354166664 0.06292724609375
4 0.2936197916666667 0.4482421875 0.08203125 0.051361083984375
5 0.5979817708333334 0.81689453125 0.118408203125 0.04296875
4 0.3372395833333333 0.59326171875 0.083740234375 0.051544189453125
4 0.4098307291666667 0.5166015625 0.08174641927083333 0.0526123046875
3 0.6725260416666666 0.40087890625 0.0687255859375 0.0560302734375
5 0.6637369791666666 0.7529296875 0.11531575520833333 0.039337158203125
3 0.6552734375 0.306640625 0.06697591145833333 0.053192138671875
4 0.25537109375 0.48486328125 0.08414713541666667 0.054595947265625
4 0.3733723958333333 0.5537109375 0.0826416015625 0.05291748046875
3 0.6139322916666666 0.43212890625 0.068115234375 0.057281494140625
5 0.6712239583333334 0.86962890625 0.12101236979166667 0.044677734375
3 0.7493489583333334 0.46484375 0.07320149739583333 0.058349609375
0 0.6246744791666666 0.6572265625 0.09187825520833333 0.06695556640625
5 0.810546875 0.74365234375 0.12556966145833334 0.040771484375
4 0.17057291666666666 0.55908203125 0.08601888020833333 0.053009033203125
4 0.44921875 0.477783203125 0.079833984375 0.050506591796875
5 0.744140625 0.8046875 0.12166341145833333 0.040679931640625
1 0.4104817708333333 0.6474609375 0.039082845052083336 0.047332763671875
4 0.29736328125 0.6318359375 0.08601888020833333 0.058013916015625