5 0.7115885416666666 0.52392578125 0.10205078125 0.0289764404296875
4 0.2994791666666667 0.495849609375 0.087158203125 0.051666259765625
0 0.3273111979166667 0.352783203125 0.089111328125 0.040008544921875
4 0.33251953125 0.5302734375 0.088134765625 0.0546875
5 0.5869140625 0.52294921875 0.11043294270833333 0.03265380859375
3 0.5185546875 0.392822265625 0.06901041666666667 0.045196533203125
3 0.3902994791666667 0.40234375 0.072265625 0.046630859375
3 0.646484375 0.377685546875 0.06648763020833333 0.044342041015625
3 0.4736328125 0.358154296875 0.068115234375 0.043365478515625
4 0.12467447916666667 0.529296875 0.09138997395833333 0.053802490234375
3 0.5960286458333334 0.349609375 0.06787109375 0.043701171875
0 0.3577473958333333 0.317138671875 0.08585611979166667 0.041473388671875
4 0.2688802083333333 0.463623046875 0.08528645833333333 0.045684814453125
3 0.552734375 0.31884765625 0.06599934895833333 0.042388916015625
4 0.18733723958333334 0.6044921875 0.099853515625 0.0633544921875
3 0.43359375 0.4384765625 0.0736083984375 0.047607421875
2 0.4697265625 0.31591796875 0.06612141927083333 0.0280609130859375
4 0.3743489583333333 0.5673828125 0.09513346354166667 0.060516357421875
3 0.6279296875 0.280517578125 0.0631103515625 0.04083251953125
4 0.15568033854166666 0.56787109375 0.099365234375 0.05889892578125
3 0.4772135416666667 0.46875 0.07014973958333333 0.04534912109375
5 0.7180989583333334 0.443359375 0.097412109375 0.03173828125
3 0.7213541666666666 0.334716796875 0.06502278645833333 0.041473388671875
4 0.21842447916666666 0.64208984375 0.102783203125 0.06585693359375
5 0.650390625 0.4814453125 0.09440104166666667 0.0274810791015625
3 0.673828125 0.307861328125 0.06490071614583333 0.041778564453125
5 0.6409505208333334 0.57275390625 0.11027018229166667 0.03790283203125
5 0.7799479166666666 0.401611328125 0.09440104166666667 0.0300445556640625
3 0.56640625 0.42236328125 0.07132975260416667 0.046905517578125
5 0.7825520833333334 0.48095703125 0.10408528645833333 0.0290374755859375
5 0.9036458333333334 0.3974609375 0.0947265625 0.0300445556640625
5 0.8411458333333334 0.361083984375 0.10001627604166667 0.0309600830078125
4 0.4114583333333333 0.603515625 0.08943684895833333 0.0640869140625
5 0.83984375 0.43896484375 0.10262044270833333 0.0310821533203125
4 0.25244140625 0.68408203125 0.10563151041666667 0.06829833984375
1 0.49609375 0.276123046875 0.050333658854166664 0.02606201171875
1 0.4801432291666667 0.246337890625 0.0482177734375 0.0282745361328125