3 0.7779960317460317 0.6938467261904763 0.05464616402116402 0.07946676587301588
3 0.6513921957671958 0.6713864087301588 0.09843915343915344 0.035002480158730157
3 0.7584623015873017 0.5908209325396826 0.05643849206349206 0.07904017857142857
4 0.5260416666666666 0.6689459325396826 0.09741071428571428 0.03594990079365079
3 0.8053373015873017 0.375 0.0569675925925926 0.07806299603174603
4 0.17708333333333334 0.41162202380952384 0.08068783068783068 0.06610119047619047
3 0.828125 0.47753968253968254 0.05969246031746032 0.07879712301587301
3 0.7154960317460317 0.38598710317460316 0.05354828042328043 0.07751488095238096
3 0.9023445767195767 0.3615724206349206 0.061279761904761906 0.08062748015873016
3 0.9257804232804233 0.46606398809523814 0.06266203703703704 0.08209325396825397
4 0.1772453703703704 0.578125 0.08894841269841271 0.07080109126984127
3 0.7356779100529101 0.48706101190476186 0.055380291005291 0.07708829365079364
4 0.23600198412698412 0.6113293650793651 0.08634589947089948 0.07397569444444443
3 0.9479166666666666 0.5727529761904763 0.06323082010582011 0.0816641865079365
4 0.23356150793650793 0.44213789682539684 0.08463624338624338 0.0686656746031746
0 0.297364417989418 0.7924801587301588 0.11759589947089948 0.04345734126984127
5 0.4684259259259259 0.3393551587301587 0.059814814814814814 0.08447172619047619
4 0.06762566137566138 0.5214856150793651 0.08764550264550265 0.06707837301587301
4 0.33984457671957674 0.5004885912698412 0.08146164021164021 0.06964037698412699
0 0.44140542328042326 0.7998040674603174 0.09236772486772486 0.0803844246031746
3 0.8710945767195767 0.6875 0.06071097883597884 0.08062748015873016
2 0.5999338624338625 0.7534176587301588 0.08280423280423281 0.051666666666666666
4 0.12337301587301587 0.5493154761904763 0.08585648148148148 0.06964037698412699
4 0.28629629629629627 0.47289930555555554 0.0791005291005291 0.06634424603174603
4 0.28710978835978834 0.6435540674603174 0.09025132275132276 0.07397569444444443
5 0.4163425925925926 0.40210069444444446 0.05651785714285714 0.08331349206349206
5 0.3278009259259259 0.3576661706349206 0.06721891534391534 0.0894766865079365
1 0.4072255291005291 0.6723635912698412 0.06848214285714285 0.03326388888888889
5 0.5117195767195767 0.44067460317460316 0.06563161375661376 0.08850198412698412
5 0.6012367724867725 0.4824231150793651 0.06229497354497354 0.08508184523809524
5 0.37792989417989414 0.29956101190476186 0.05847222222222222 0.08679315476190476
5 0.23876984126984127 0.31884672619047616 0.0586739417989418 0.0797718253968254
3 0.8489583333333334 0.5815426587301588 0.062417328042328045 0.08050595238095239
5 0.5579431216931217 0.37890625 0.06721891534391534 0.08831845238095239
1 0.5882175925925925 0.5942385912698412 0.06416666666666666 0.032896825396825397
5 0.28955026455026456 0.25805555555555554 0.05814484126984128 0.08465525793650794
5 0.48046957671957674 0.6396478174603174 0.10099206349206348 0.056334325396825397