4 0.5985449735449735 0.7080853174603174 0.11177248677248677 0.03869047619047619
4 0.5868055555555556 0.5969742063492064 0.10681216931216932 0.03968253968253968
4 0.7711640211640212 0.6923363095238095 0.09259259259259259 0.04935515873015873
4 0.3940145502645503 0.8359375 0.12003968253968254 0.045882936507936505
4 0.4017857142857143 0.6034226190476191 0.11243386243386243 0.03869047619047619
4 0.40244708994708994 0.7120535714285714 0.11706349206349206 0.04265873015873016
4 0.40029761904761907 0.7724454365079365 0.12136243386243387 0.04538690476190476
3 0.8392857142857143 0.7380952380952381 0.07605820105820106 0.07936507936507936
4 0.4029947916666667 0.658203125 0.11466471354166667 0.042633056640625
4 0.591796875 0.65234375 0.10847981770833333 0.041534423828125
4 0.8190104166666666 0.8154296875 0.09879557291666667 0.07598876953125
3 0.7975260416666666 0.630859375 0.050333658854166664 0.0728759765625