3 0.091552734375 0.49853515625 0.06103515625 0.06439208984375
0 0.4264322916666667 0.67578125 0.10221354166666667 0.0303802490234375
3 0.124267578125 0.6015625 0.06298828125 0.06915283203125
2 0.28955078125 0.68408203125 0.07853190104166667 0.04486083984375
3 0.0799560546875 0.68994140625 0.06490071614583333 0.0706787109375
3 0.19417317708333334 0.6171875 0.061604817708333336 0.06927490234375
3 0.2353515625 0.53125 0.0584716796875 0.06573486328125
0 0.3590494791666667 0.626953125 0.08561197916666667 0.08251953125
3 0.046427408854166664 0.58349609375 0.06722005208333333 0.0699462890625
3 0.15120442708333334 0.70703125 0.061726888020833336 0.06964111328125
3 0.20751953125 0.434814453125 0.057291666666666664 0.060211181640625
3 0.16650390625 0.515625 0.060465494791666664 0.06549072265625
3 0.4352213541666667 0.57421875 0.08479817708333333 0.049041748046875
3 0.27587890625 0.448974609375 0.054158528645833336 0.061767578125
4 0.6725260416666666 0.7001953125 0.07779947916666667 0.0838623046875
4 0.5432942708333334 0.73486328125 0.053466796875 0.0699462890625
4 0.474609375 0.7470703125 0.0533447265625 0.0751953125
4 0.7356770833333334 0.83740234375 0.07779947916666667 0.0970458984375
4 0.6005859375 0.87255859375 0.060791015625 0.0823974609375
4 0.6126302083333334 0.71435546875 0.0596923828125 0.07421875
4 0.4443359375 0.51220703125 0.08028157552083333 0.04248046875
4 0.6686197916666666 0.8544921875 0.059244791666666664 0.08251953125
5 0.4287109375 0.63330078125 0.10148111979166667 0.038604736328125
5 0.37890625 0.394775390625 0.044026692708333336 0.076416015625
5 0.6539713541666666 0.4853515625 0.053466796875 0.08587646484375
5 0.4342447916666667 0.3486328125 0.039449055989583336 0.06939697265625
5 0.5992838541666666 0.53515625 0.053263346354166664 0.0867919921875
1 0.5100911458333334 0.6337890625 0.05859375 0.038818359375
4 0.80859375 0.82275390625 0.08512369791666667 0.09771728515625
5 0.521484375 0.488037109375 0.046346028645833336 0.0836181640625
5 0.4479166666666667 0.44189453125 0.048828125 0.080078125
5 0.36328125 0.302978515625 0.039896647135416664 0.0753173828125
4 0.5309244791666666 0.88671875 0.0792236328125 0.09686279296875
5 0.50390625 0.39453125 0.046956380208333336 0.078369140625
5 0.5810546875 0.44287109375 0.052734375 0.08154296875
1 0.3048502604166667 0.56396484375 0.0496826171875 0.044769287109375