5 0.5514322916666666 0.62744140625 0.0450439453125 0.07965087890625
3 0.7975260416666666 0.46044921875 0.08992513020833333 0.056243896484375
3 0.5983072916666666 0.355224609375 0.0791015625 0.055419921875
3 0.5498046875 0.3984375 0.07881673177083333 0.0531005859375
0 0.5455729166666666 0.72509765625 0.10652669270833333 0.038543701171875
0 0.6318359375 0.62255859375 0.08479817708333333 0.080078125
3 0.75 0.5078125 0.08544921875 0.0546875
3 0.5029296875 0.3046875 0.07596842447916667 0.0531005859375
3 0.8463541666666666 0.413330078125 0.09529622395833333 0.0567626953125
5 0.7610677083333334 0.64111328125 0.13053385416666666 0.05718994140625
5 0.9016927083333334 0.60107421875 0.13053385416666666 0.05340576171875
3 0.552734375 0.26123046875 0.08113606770833333 0.055419921875
5 0.8450520833333334 0.67431640625 0.12890625 0.050811767578125
3 0.7421875 0.3603515625 0.08634440104166667 0.055938720703125
5 0.7096354166666666 0.71044921875 0.1220703125 0.0560302734375
3 0.6461588541666666 0.310546875 0.08308919270833333 0.055511474609375
3 0.6477864583333334 0.450927734375 0.083251953125 0.055206298828125
5 0.794921875 0.748046875 0.12801106770833334 0.0552978515625
3 0.6946614583333334 0.405029296875 0.08235677083333333 0.054290771484375
4 0.22819010416666666 0.47314453125 0.09423828125 0.044525146484375
1 0.6363932291666666 0.515625 0.06416829427083333 0.030914306640625
5 0.6038411458333334 0.865234375 0.12581380208333334 0.060211181640625
5 0.744140625 0.826171875 0.12939453125 0.0592041015625
5 0.654296875 0.78662109375 0.120361328125 0.057281494140625
4 0.20540364583333334 0.517578125 0.09562174479166667 0.046478271484375
5 0.6875 0.90576171875 0.12556966145833334 0.061981201171875
4 0.3981119791666667 0.474365234375 0.09285481770833333 0.044769287109375
4 0.32177734375 0.61181640625 0.09236653645833333 0.043701171875
2 0.3590494791666667 0.72314453125 0.0484619140625 0.061309814453125
4 0.1708984375 0.5625 0.09806315104166667 0.045013427734375
4 0.2931315104166667 0.6572265625 0.09025065104166667 0.0472412109375
1 0.4137369791666667 0.65283203125 0.0419921875 0.047515869140625
4 0.6448567708333334 0.54296875 0.086181640625 0.0374755859375
3 0.48900187865174216 0.5360115892609376 0.0686122229119498 0.06177185892423751
4 0.36693662754797585 0.5182425084468701 0.08572510694780346 0.04111464967705502
4 0.3473307291666667 0.56591796875 0.09684244791666667 0.04486083984375
4 0.14274088541666666 0.60791015625 0.09684244791666667 0.044769287109375