0 0.41980820105820105 0.4673859126984127 0.09953703703703703 0.06324404761904762
0 0.470734126984127 0.5209573412698413 0.09953703703703703 0.06572420634920635
3 0.36160714285714285 0.6416170634920635 0.10416666666666667 0.03670634920634921
2 0.06861772486772487 0.6400049603174603 0.04927248677248677 0.06671626984126984
3 0.359457671957672 0.7817460317460317 0.10978835978835978 0.03869047619047619
3 0.5016534391534392 0.7115575396825397 0.10912698412698413 0.039186507936507936
3 0.779431216931217 0.6443452380952381 0.10912698412698413 0.037698412698412696
3 0.3619378306878307 0.7115575396825397 0.10747354497354497 0.037698412698412696
3 0.500165343915344 0.6427331349206349 0.10482804232804233 0.037450396825396824
3 0.5006613756613757 0.7827380952380952 0.10978835978835978 0.04017857142857143
3 0.638723544973545 0.6434771825396826 0.10615079365079365 0.03794642857142857
1 0.20750661375661375 0.6438492063492064 0.04728835978835979 0.05009920634920635
1 0.12582671957671956 0.6338045634920635 0.049933862433862435 0.04935515873015873
4 0.267526455026455 0.28013392857142855 0.10846560846560846 0.03844246031746032
4 0.2605820105820106 0.3334573412698413 0.10978835978835978 0.03695436507936508
3 0.6428571428571429 0.7842261904761905 0.10912698412698413 0.040674603174603176
3 0.7795965608465608 0.7111855158730159 0.11011904761904762 0.03943452380952381
4 0.06316137566137567 0.42931547619047616 0.11904761904761904 0.040674603174603176
3 0.6397156084656085 0.7109375 0.10747354497354497 0.040426587301587304
5 0.5654761904761905 0.22544642857142858 0.047619047619047616 0.08680555555555555
3 0.78505291005291 0.7854662698412699 0.11243386243386243 0.039186507936507936
4 0.07341269841269842 0.37549603174603174 0.1164021164021164 0.04117063492063492
4 0.05505952380952381 0.4816468253968254 0.11011904761904762 0.04265873015873016
4 0.08812830687830688 0.2728174603174603 0.11078042328042328 0.036210317460317464
4 0.08002645502645503 0.32353670634920634 0.11243386243386243 0.03794642857142857
5 0.5036375661375662 0.27827380952380953 0.04894179894179894 0.08878968253968254
4 0.2533068783068783 0.3854166666666667 0.10714285714285714 0.03571428571428571
5 0.6493055555555556 0.27740575396825395 0.055224867724867725 0.08903769841269842
4 0.2414021164021164 0.4348958333333333 0.10251322751322751 0.034970238095238096
5 0.7339616402116402 0.3291170634920635 0.05588624338624339 0.08630952380952381
5 0.9189814814814815 0.4288194444444444 0.052248677248677246 0.08878968253968254
5 0.6772486772486772 0.38392857142857145 0.05291005291005291 0.0873015873015873
4 0.23627645502645503 0.48747519841269843 0.10747354497354497 0.03695436507936508
5 0.5886243386243386 0.3318452380952381 0.05291005291005291 0.09077380952380952
5 0.8584656084656085 0.48660714285714285 0.05092592592592592 0.08878968253968254
5 0.8263888888888888 0.3785962301587302 0.056878306878306875 0.09052579365079365
5 0.7648809523809523 0.4348958333333333 0.05423280423280423 0.08903769841269842