3 0.5361328125 0.345947265625 0.07596842447916667 0.038818359375
3 0.5621744791666666 0.29931640625 0.07763671875 0.040374755859375
5 0.3528645833333333 0.4931640625 0.09122721354166667 0.041229248046875
3 0.6363932291666666 0.37109375 0.07666015625 0.039642333984375
3 0.826171875 0.4697265625 0.08748372395833333 0.038543701171875
3 0.6123046875 0.414306640625 0.07808430989583333 0.038238525390625
3 0.6604817708333334 0.323974609375 0.07865397135416667 0.040313720703125
3 0.7174479166666666 0.44140625 0.08235677083333333 0.037811279296875
5 0.4710286458333333 0.51171875 0.08683268229166667 0.037322998046875
3 0.5113932291666666 0.388671875 0.07568359375 0.03790283203125
5 0.5579427083333334 0.484130859375 0.090087890625 0.034698486328125
3 0.7623697916666666 0.348876953125 0.08146158854166667 0.040679931640625
0 0.8450520833333334 0.6962890625 0.06612141927083333 0.08123779296875
5 0.3909505208333333 0.5439453125 0.094970703125 0.038818359375
3 0.8450520833333334 0.423828125 0.08528645833333333 0.040985107421875
5 0.17496744791666666 0.55419921875 0.09529622395833333 0.041778564453125
3 0.7395833333333334 0.3955078125 0.081298828125 0.0391845703125
5 0.267578125 0.52294921875 0.09635416666666667 0.04132080078125
5 0.8899739583333334 0.54931640625 0.04058837890625 0.06939697265625
5 0.4342447916666667 0.463623046875 0.091064453125 0.033599853515625
5 0.20426432291666666 0.60986328125 0.0966796875 0.042388916015625
5 0.296875 0.57666015625 0.09375 0.039947509765625
3 0.763671875 0.53076171875 0.0560302734375 0.05792236328125
4 0.5540364583333334 0.751953125 0.0560302734375 0.07489013671875
4 0.7350260416666666 0.5849609375 0.0574951171875 0.060211181640625
2 0.6888020833333334 0.65478515625 0.041829427083333336 0.05865478515625
0 0.7623697916666666 0.79638671875 0.0767822265625 0.09271240234375
4 0.4329427083333333 0.646484375 0.06599934895833333 0.08062744140625
4 0.4163411458333333 0.7880859375 0.059041341145833336 0.081787109375
1 0.7174479166666666 0.68701171875 0.0439453125 0.047332763671875
4 0.6171875 0.736328125 0.058919270833333336 0.06597900390625
4 0.3701171875 0.6630859375 0.068603515625 0.07904052734375
4 0.3017578125 0.67724609375 0.06538899739583333 0.076416015625
4 0.482421875 0.77392578125 0.07132975260416667 0.08990478515625
4 0.3473307291666667 0.80908203125 0.07279459635416667 0.090576171875
4 0.4925130208333333 0.6318359375 0.06587727864583333 0.07965087890625
1 0.6731770833333334 0.53955078125 0.0467529296875 0.043853759765625