4 0.14500661375661375 0.5323660714285714 0.13855820105820105 0.09151785714285714
2 0.5152116402116402 0.6555059523809523 0.10317460317460317 0.09325396825396826
4 0.35830026455026454 0.6360367063492064 0.14384920634920634 0.09399801587301587
0 0.5679563492063492 0.8516865079365079 0.18287037037037038 0.08928571428571429
1 0.759755291005291 0.6220238095238095 0.07175925925925926 0.07589285714285714
4 0.6083002645502645 0.7103174603174603 0.12003968253968254 0.10168650793650794
5 0.8386243386243386 0.47668650793650796 0.06084656084656084 0.10664682539682539
1 0.7213955026455027 0.5017361111111112 0.09887566137566138 0.044642857142857144
4 0.3394510582010582 0.36743551587301587 0.1306216931216931 0.08506944444444445
4 0.5942460317460317 0.3993055555555556 0.12169312169312169 0.07341269841269842
4 0.48214285714285715 0.5147569444444444 0.13161375661375663 0.08159722222222222
3 0.6337890625 0.5849609375 0.10595703125 0.09912109375
4 0.5423177083333334 0.450927734375 0.12443033854166667 0.072509765625
4 0.4251302083333333 0.57373046875 0.12939453125 0.0782470703125
4 0.21484375 0.474609375 0.13736979166666666 0.09088134765625
4 0.2791341145833333 0.41943359375 0.13053385416666666 0.08709716796875