3 0.14831349206349206 0.6409970238095238 0.045304232804232805 0.0642361111111111
3 0.22387566137566137 0.4789186507936508 0.03902116402116402 0.057539682539682536
3 0.0744047619047619 0.6424851190476191 0.046957671957671955 0.06473214285714286
3 0.15707671957671956 0.4818948412698413 0.04034391534391534 0.05803571428571429
3 0.15112433862433863 0.5592757936507936 0.042328042328042326 0.06101190476190476
3 0.22718253968253968 0.4055059523809524 0.037698412698412696 0.054563492063492064
3 0.2197420634920635 0.5564236111111112 0.0419973544973545 0.06125992063492063
3 0.09044312169312169 0.4835069444444444 0.0419973544973545 0.057787698412698416
3 0.2154431216931217 0.6385168650793651 0.04133597883597884 0.06324404761904762
5 0.6099537037037037 0.546875 0.07771164021164022 0.06597222222222222
3 0.08333333333333333 0.5607638888888888 0.04497354497354497 0.06101190476190476
3 0.09788359788359788 0.4095982142857143 0.03968253968253968 0.05580357142857143
5 0.6625330687830688 0.35168650793650796 0.0744047619047619 0.0625
5 0.593915343915344 0.41790674603174605 0.07605820105820106 0.06101190476190476
5 0.5896164021164021 0.35478670634920634 0.07473544973544974 0.06324404761904762
5 0.6926256613756614 0.5404265873015873 0.07771164021164022 0.06597222222222222
5 0.6018518518518519 0.48127480158730157 0.07539682539682539 0.06324404761904762
5 0.6218584656084656 0.6143353174603174 0.08101851851851852 0.06944444444444445
5 0.7053571428571429 0.6062748015873016 0.08333333333333333 0.0716765873015873
5 0.6712962962962963 0.41443452380952384 0.07936507936507936 0.06299603174603174
5 0.6790674603174603 0.47693452380952384 0.07903439153439154 0.06448412698412699
3 0.16236772486772486 0.4086061507936508 0.03968253968253968 0.05530753968253968
2 0.5960648148148148 0.714905753968254 0.04662698412698413 0.05530753968253968
1 0.3382936507936508 0.7192460317460317 0.04497354497354497 0.041666666666666664
4 0.328042328042328 0.5710565476190477 0.08597883597883597 0.031001984126984128
1 0.2757936507936508 0.7442956349206349 0.041666666666666664 0.042162698412698416
4 0.4816468253968254 0.44419642857142855 0.08697089947089948 0.02976190476190476
0 0.5282738095238095 0.7105654761904762 0.03869047619047619 0.0818452380952381
4 0.3373015873015873 0.4466765873015873 0.08796296296296297 0.027777777777777776
4 0.48032407407407407 0.5695684523809523 0.0916005291005291 0.030009920634920636
4 0.4818121693121693 0.48747519841269843 0.08928571428571429 0.030009920634920636
0 0.4537037037037037 0.7077132936507936 0.041666666666666664 0.08010912698412699
4 0.32407407407407407 0.6137152777777778 0.08994708994708994 0.03298611111111111
4 0.33283730158730157 0.5261656746031746 0.08630952380952381 0.029017857142857144
4 0.4818121693121693 0.5283978174603174 0.09060846560846561 0.03050595238095238
4 0.33366402116402116 0.4859871031746032 0.08597883597883597 0.028025793650793652
4 0.48032407407407407 0.6130952380952381 0.09027777777777778 0.02976190476190476