4 0.8228604497354497 0.7419816468253968 0.06723875661375661 0.08680555555555555
4 0.6630853174603175 0.7631845238095237 0.05603174603174603 0.0797718253968254
4 0.7434887566137566 0.7519543650793651 0.05603174603174603 0.08496031746031746
4 0.9570304232804233 0.8950198412698412 0.06428902116402116 0.08727926587301588
4 0.6341137566137566 0.9409176587301588 0.06058862433862434 0.08850198412698412
4 0.5869146825396825 0.7734375 0.05326388888888889 0.08282490079365079
4 0.8743485449735451 0.9042981150793651 0.06392526455026455 0.08960069444444443
4 0.7903637566137566 0.9135739087301588 0.062175925925925926 0.09234623015873016
4 0.7128902116402117 0.9262698412698412 0.0637202380952381 0.09320188492063493
3 0.3439153439153439 0.3811185515873016 0.07054563492063493 0.06117807539682539
3 0.2071924603174603 0.43481398809523814 0.0792228835978836 0.06878720238095239
3 0.34960978835978834 0.4902356150793651 0.0730787037037037 0.06951884920634921
3 0.41210978835978834 0.40893601190476186 0.06901124338624338 0.06768849206349206
3 0.14103174603174604 0.5141592261904763 0.07511243386243385 0.06744295634920636
3 0.281739417989418 0.46337797619047616 0.07279431216931216 0.06817708333333333
3 0.28255291005291006 0.5747073412698412 0.07185846560846561 0.0703125
3 0.21305224867724867 0.546875 0.07678240740740741 0.07043402777777778
3 0.07161375661375662 0.6005853174603174 0.07881613756613756 0.07183779761904761
3 0.14705357142857142 0.6313467261904763 0.07938492063492064 0.07208333333333333
3 0.21614748677248677 0.6621106150793651 0.07791997354497354 0.07354662698412699
0 0.46516865079365083 0.6283060515873016 0.08377314814814815 0.08267113095238095
0 0.5413425925925925 0.6909176587301588 0.1120601851851852 0.03726190476190477
3 0.5500429894179893 0.5873834325396825 0.08818452380952381 0.05704365079365079
4 0.5751951058201058 0.5473635912698412 0.0947255291005291 0.03027281746031746
5 0.5153207671957671 0.2711631944444444 0.04078373015873016 0.07936507936507936
5 0.5182308201058201 0.3784176587301587 0.04581679894179894 0.0797718253968254
5 0.6666666666666666 0.48803819444444446 0.04666997354497354 0.08477678571428571
5 0.8196626984126983 0.4943849206349206 0.04597883597883597 0.08465525793650794
5 0.5898445767195767 0.42675843253968254 0.04288690476190476 0.07641617063492064
5 0.7376289682539683 0.43847718253968254 0.042642195767195766 0.08093253968253968
5 0.5852876984126985 0.32788194444444446 0.04362103174603175 0.07794146825396825
5 0.7467460317460317 0.5434573412698412 0.04345568783068783 0.08386160714285715
5 0.6585284391534392 0.38598710317460316 0.042807539682539676 0.08477678571428571
5 0.5467361111111111 0.644015376984127 0.11904761904761904 0.03802827380952381
1 0.4183201058201058 0.5563814484126984 0.05401124338624339 0.046297123015873014
1 0.6404332010582011 0.6493874007936508 0.06172949735449735 0.04712301587301587
2 0.3891104497354498 0.6853497023809524 0.07936507936507936 0.052909226190476194