3 0.6431878306878307 0.3844246031746032 0.06613756613756613 0.062003968253968256
4 0.2091600529100529 0.37016369047619047 0.08432539682539683 0.04836309523809524
2 0.37863756613756616 0.7409474206349206 0.05291005291005291 0.06324404761904762
3 0.5349570105820106 0.7912028769841271 0.06403108465608466 0.07668154761904762
5 0.5705853174603175 0.7358234126984128 0.04234126984126984 0.0898487103174603
0 0.48951719576719577 0.7900396825396826 0.0578339947089947 0.09139632936507937
1 0.3387367724867725 0.8043700396825396 0.061964285714285715 0.04569940476190476
1 0.43123677248677245 0.7812996031746031 0.04431216931216931 0.052259424603174606
4 0.14225198412698414 0.46215773809523814 0.09187830687830686 0.053802083333333334
3 0.5826818783068783 0.4653323412698413 0.06648809523809524 0.06512400793650794
4 0.39355489417989414 0.39379960317460316 0.08325066137566138 0.048492063492063496
3 0.45182208994708994 0.5190426587301588 0.06774801587301588 0.06756696428571429
3 0.6575529100529101 0.4938963293650794 0.06746362433862434 0.06549107142857143
3 0.7122387566137566 0.4121106150793651 0.06392526455026455 0.06427083333333333
3 0.5130224867724869 0.43432539682539684 0.06311177248677248 0.06420882936507936
0 0.3502612433862434 0.875 0.11946759259259258 0.07922371031746032
3 0.5436210317460318 0.6645510912698412 0.07401455026455027 0.0719593253968254
3 0.46809854497354497 0.6362301587301588 0.07893849206349207 0.07806299603174603
3 0.39127645502645503 0.6049801587301588 0.07625330687830688 0.07171626984126984
3 0.5276686507936508 0.546875 0.0719808201058201 0.06890873015873016
3 0.6012367724867725 0.578125 0.07254960317460317 0.07183779761904761
5 0.8190112433862434 0.6865228174603174 0.12101190476190476 0.05911210317460318
5 0.7558597883597883 0.5839856150793651 0.11840939153439153 0.06524553571428571
5 0.6617824074074075 0.8369146825396826 0.11572420634920634 0.07263144841269842
5 0.8808597883597883 0.5288095238095237 0.10620039682539682 0.05004960317460318
5 0.8463558201058201 0.6059573412698412 0.12491732804232804 0.06408730158730158
5 0.7936210317460317 0.5078125 0.10620039682539682 0.04940724206349206
5 0.7949206349206349 0.7680654761904763 0.11677910052910052 0.06488095238095239
5 0.7226554232804233 0.6655282738095237 0.11466600529100529 0.06732142857142857
4 0.32066468253968256 0.4794469246031746 0.08571759259259258 0.046473214285714284
4 0.29069113756613757 0.5283209325396826 0.10115410052910052 0.06176835317460318
4 0.3613293650793651 0.4396974206349206 0.1007473544973545 0.06420882936507936
4 0.18001322751322751 0.42211805555555554 0.10245701058201058 0.060853174603174603
4 0.10221230158730157 0.5083010912698412 0.10465608465608466 0.05920386904761905
4 0.2534193121693122 0.5747073412698412 0.10351521164021163 0.06268353174603175
5 0.6992195767195767 0.7421875 0.10261904761904762 0.05499255952380952
4 0.6082804232804233 0.7110367063492063 0.04130952380952381 0.07590525793650794