3 0.5748697916666666 0.5009765625 0.052571614583333336 0.06768798828125
3 0.708984375 0.6142578125 0.053955078125 0.07476806640625
3 0.5498046875 0.58984375 0.053059895833333336 0.0704345703125
3 0.5797526041666666 0.79443359375 0.0545654296875 0.0782470703125
3 0.6861979166666666 0.7099609375 0.052083333333333336 0.07763671875
3 0.6533203125 0.51318359375 0.052571614583333336 0.071044921875
3 0.6630859375 0.81103515625 0.053141276041666664 0.08062744140625
3 0.4967447916666667 0.78125 0.052652994791666664 0.07861328125
5 0.3167317708333333 0.29345703125 0.07002766927083333 0.07196044921875
3 0.5218098958333334 0.681640625 0.0538330078125 0.0743408203125
3 0.6292317708333334 0.6015625 0.05224609375 0.072509765625
3 0.6051432291666666 0.69775390625 0.053548177083333336 0.07666015625
5 0.65625 0.3984375 0.08158365885416667 0.0809326171875
3 0.7330729166666666 0.52099609375 0.052571614583333336 0.0709228515625
2 0.8684895833333334 0.452880859375 0.083740234375 0.04443359375
5 0.404296875 0.3076171875 0.0736083984375 0.0751953125
4 0.4544270833333333 0.498779296875 0.0947265625 0.04327392578125
5 0.4697265625 0.372314453125 0.0775146484375 0.07275390625
5 0.6764322916666666 0.33544921875 0.08280436197916667 0.0740966796875
5 0.5813802083333334 0.3271484375 0.08011881510416667 0.07305908203125
4 0.31982421875 0.43310546875 0.09578450520833333 0.038909912109375
4 0.4684244791666667 0.452880859375 0.0947265625 0.04595947265625
4 0.2548828125 0.61376953125 0.09684244791666667 0.04400634765625
5 0.560546875 0.38623046875 0.0799560546875 0.07476806640625
1 0.8502604166666666 0.5556640625 0.07267252604166667 0.029876708984375
4 0.4078776041666667 0.6396484375 0.1005859375 0.048309326171875
5 0.3785807291666667 0.362060546875 0.07108561197916667 0.0723876953125
4 0.4381510416666667 0.546875 0.09895833333333333 0.04443359375
4 0.3076171875 0.478759765625 0.0986328125 0.041839599609375
5 0.2913411458333333 0.3466796875 0.07413736979166667 0.0723876953125
4 0.27392578125 0.56689453125 0.09895833333333333 0.04443359375
1 0.8444010416666666 0.499755859375 0.06660970052083333 0.0322265625
4 0.29296875 0.51806640625 0.08992513020833333 0.038177490234375
0 0.8912760416666666 0.3974609375 0.08650716145833333 0.0823974609375
4 0.4248046875 0.5927734375 0.089111328125 0.0390625
0 0.814453125 0.370361328125 0.0687255859375 0.07611083984375
5 0.4921875 0.319091796875 0.07625325520833333 0.07080078125