0 0.3447265625 0.400634765625 0.08878580729166667 0.06866455078125
2 0.4313151041666667 0.29150390625 0.06901041666666667 0.05108642578125
3 0.4833984375 0.64599609375 0.09358723958333333 0.05023193359375
3 0.5494791666666666 0.76416015625 0.09423828125 0.055419921875
4 0.4915364583333333 0.55859375 0.046061197916666664 0.06231689453125
3 0.7161458333333334 0.5732421875 0.09122721354166667 0.0455322265625
3 0.6640625 0.72509765625 0.08797200520833333 0.050140380859375
3 0.8548177083333334 0.5947265625 0.089599609375 0.044281005859375
3 0.8860677083333334 0.64990234375 0.090576171875 0.047332763671875
5 0.29541015625 0.693359375 0.07373046875 0.0966796875
3 0.7779947916666666 0.68701171875 0.09375 0.051666259765625
3 0.5169270833333334 0.7060546875 0.09138997395833333 0.049774169921875
4 0.6549479166666666 0.395751953125 0.08414713541666667 0.0582275390625
0 0.4095052083333333 0.50732421875 0.0767822265625 0.080078125
4 0.7395833333333334 0.291259765625 0.083740234375 0.05572509765625
5 0.0709228515625 0.406982421875 0.07389322916666667 0.08929443359375
5 0.18391927083333334 0.54833984375 0.0745849609375 0.0889892578125
5 0.2698567708333333 0.51171875 0.07080078125 0.0843505859375
5 0.447265625 0.45751953125 0.08829752604166667 0.059326171875
3 0.6334635416666666 0.66748046875 0.091552734375 0.04779052734375
4 0.6959635416666666 0.4326171875 0.08878580729166667 0.057281494140625
3 0.603515625 0.609375 0.08699544270833333 0.046539306640625
4 0.6673177083333334 0.2083740234375 0.07401529947916667 0.049591064453125
4 0.5335286458333334 0.28173828125 0.08585611979166667 0.05877685546875
4 0.701171875 0.251220703125 0.08463541666666667 0.056976318359375
4 0.576171875 0.320068359375 0.08203125 0.057586669921875
1 0.5296223958333334 0.56396484375 0.0439453125 0.044281005859375
5 0.16015625 0.373291015625 0.07332356770833333 0.090087890625
5 0.12874348958333334 0.47802734375 0.07596842447916667 0.0889892578125
4 0.6129557291666666 0.3603515625 0.08634440104166667 0.061981201171875
5 0.32373046875 0.580078125 0.07145182291666667 0.0867919921875
3 0.7434895833333334 0.62939453125 0.09041341145833333 0.04638671875
3 0.5784505208333334 0.460693359375 0.092041015625 0.0309600830078125
4 0.779296875 0.32666015625 0.08414713541666667 0.054107666015625
1 0.4833984375 0.35595703125 0.059366861979166664 0.0328369140625
5 0.21142578125 0.44482421875 0.07332356770833333 0.0894775390625
5 0.23958333333333334 0.61865234375 0.0704345703125 0.09088134765625