4 0.32341269841269843 0.9423363095238095 0.13690476190476192 0.07564484126984126
4 0.5054563492063492 0.7563244047619048 0.12334656084656084 0.061755952380952384
4 0.3115079365079365 0.8715277777777778 0.14351851851851852 0.0763888888888889
4 0.4568452380952381 0.642609126984127 0.10615079365079365 0.05257936507936508
4 0.4828042328042328 0.6969246031746031 0.11177248677248677 0.05853174603174603
3 0.7605820105820106 0.7310267857142857 0.0958994708994709 0.07366071428571429
4 0.25909391534391535 0.6901041666666666 0.1259920634920635 0.057787698412698416
4 0.673828125 0.69970703125 0.08601888020833333 0.06829833984375
3 0.6744791666666666 0.63427734375 0.062418619791666664 0.07135009765625
4 0.2737630208333333 0.74609375 0.12939453125 0.06646728515625
4 0.7688802083333334 0.814453125 0.112060546875 0.0726318359375
4 0.2918294270833333 0.80419921875 0.12467447916666667 0.0633544921875