1 0.6575529100529101 0.6469717261904763 0.062175925925925926 0.054107142857142854
0 0.5380853174603175 0.6577157738095237 0.12182539682539682 0.052703373015873016
3 0.18847552910052912 0.3676760912698413 0.0925297619047619 0.06878720238095239
3 0.5875661375661375 0.5644543650793651 0.09773809523809524 0.06408730158730158
0 0.4742824074074074 0.5869146825396826 0.12296626984126985 0.08282490079365079
5 0.8951818783068783 0.4631349206349206 0.07967261904761905 0.09466517857142857
3 0.3196626984126984 0.47119047619047616 0.09269179894179895 0.06744295634920636
3 0.21826058201058202 0.5444345238095237 0.094239417989418 0.06585813492063493
3 0.2913425925925926 0.29199156746031746 0.09968915343915344 0.07318204365079364
3 0.4261078042328042 0.3950198412698413 0.09863425925925925 0.07238839285714285
5 0.7760416666666666 0.29321180555555554 0.07568452380952381 0.09789930555555557
4 0.26285714285714284 0.7231448412698412 0.06160383597883597 0.07708829365079364
4 0.6263525132275132 0.5272693452380952 0.106875 0.045652281746031746
3 0.359375 0.34521577380952384 0.09773809523809524 0.0706795634920635
5 0.5667328042328043 0.6147470238095237 0.12491732804232804 0.04681299603174603
2 0.42545634920634917 0.6582043650793651 0.0975760582010582 0.04168650793650794
5 0.6777347883597883 0.33227430555555554 0.06835978835978836 0.0960094246031746
3 0.15812169312169314 0.49340773809523814 0.0987962962962963 0.06854166666666667
3 0.08976190476190476 0.4431150793650794 0.09545965608465609 0.06781001984126984
5 0.7317724867724869 0.41333085317460316 0.07482804232804233 0.09039186507936507
4 0.33789021164021166 0.7407217261904763 0.06034391534391534 0.07665922619047619
4 0.41471230158730155 0.7607415674603174 0.06148148148148148 0.07946676587301588
5 0.7858068783068783 0.4995114087301587 0.08569444444444443 0.0941765873015873
4 0.36165343915343917 0.9008779761904763 0.07267195767195767 0.09008680555555557
4 0.28694775132275135 0.8872073412698412 0.06762566137566138 0.08508184523809524
4 0.43424603174603177 0.9223635912698412 0.07360780423280423 0.09204117063492064
5 0.9593716931216931 0.5517584325396826 0.08125661375661376 0.09704613095238096
5 0.8541666666666666 0.5864260912698412 0.07751322751322752 0.0925297619047619
3 0.4641931216931217 0.2675793650793651 0.0987962962962963 0.07434027777777778
1 0.4736342592592592 0.4899900793650794 0.07320105820105821 0.05032242063492064
5 0.8339847883597883 0.37475694444444446 0.0742989417989418 0.10211061507936507
3 0.2566732804232804 0.41918898809523814 0.0975760582010582 0.0703125
3 0.5299470899470899 0.31933531746031746 0.10294642857142858 0.07641617063492064
4 0.5068353174603175 0.9501959325396826 0.062417328042328045 0.07598958333333333
4 0.49251322751322746 0.7783209325396826 0.0628670634920635 0.07965029761904761
5 0.7200529100529101 0.20056051587301588 0.07568452380952381 0.10284474206349206
4 0.21549603174603174 0.8686532738095237 0.06872685185185186 0.09039186507936507