4 0.19694113756613754 0.6166989087301588 0.1048181216931217 0.056855158730158735
4 0.14624007936507938 0.5297842261904763 0.10001653439153439 0.051453373015873015
4 0.3860681216931217 0.6059573412698412 0.09358796296296296 0.05541914682539682
4 0.17252645502645503 0.5747073412698412 0.10294642857142858 0.05572420634920635
4 0.22916666666666666 0.6665029761904763 0.10945767195767196 0.056855158730158735
5 0.43391865079365083 0.45068452380952384 0.042480158730158736 0.07531746031746032
3 0.7037764550264549 0.8598635912698412 0.04939814814814815 0.08300843253968254
4 0.5035813492063492 0.7934573412698412 0.08683201058201058 0.04733382936507936
5 0.44010582010582017 0.3613293650793651 0.042642195767195766 0.07171626984126984
3 0.7571626984126983 0.5649404761904763 0.04903108465608466 0.06536954365079364
3 0.7233068783068783 0.7558606150793651 0.04984457671957672 0.0754389880952381
1 0.3440740740740741 0.7885739087301588 0.07214285714285715 0.038177083333333334
3 0.8209623015873017 0.6708978174603174 0.05245039682539683 0.07171626984126984
3 0.7421891534391535 0.6582043650793651 0.04793320105820106 0.07122767857142857
3 0.8951818783068783 0.7832043650793651 0.05354828042328043 0.0784920634920635
4 0.35872354497354497 0.5649404761904763 0.09342592592592593 0.049134424603174603
3 0.8346362433862434 0.578125 0.052367724867724876 0.06719990079365079
3 0.9212235449735451 0.5883779761904763 0.05375 0.0680530753968254
4 0.3313789682539683 0.5209970238095237 0.0949702380952381 0.05059771825396825
3 0.9088558201058201 0.6821279761904763 0.05285714285714286 0.07330357142857143
2 0.3925793650793651 0.7631845238095237 0.0841468253968254 0.03326388888888889
3 0.8079431216931217 0.7690426587301588 0.05273478835978836 0.07739335317460318
3 0.5976554232804233 0.8115228174603174 0.0925297619047619 0.047790178571428574
5 0.6214186507936508 0.5209970238095237 0.04144179894179894 0.07171626984126984
0 0.3538425925925926 0.8969717261904763 0.12182539682539682 0.06549107142857143
5 0.5556646825396825 0.5629885912698412 0.041362433862433864 0.07421875
5 0.49414021164021166 0.5068799603174603 0.04362764550264551 0.07707589285714285
4 0.30419973544973544 0.48071180555555554 0.09025132275132276 0.04510416666666667
5 0.5595701058201058 0.46777281746031746 0.04581679894179894 0.07354662698412699
3 0.7897123015873017 0.8735342261904763 0.05476851851851852 0.08282490079365079
5 0.37337301587301586 0.3950198412698413 0.03841269841269841 0.06890873015873016
5 0.6188161375661375 0.6206051587301588 0.038492063492063494 0.07501240079365079
0 0.20882275132275133 0.8374032738095237 0.1267096560846561 0.0637202380952381
5 0.5 0.4162599206349206 0.04597883597883597 0.07250992063492064
1 0.5647784391534392 0.7333978174603174 0.05761574074074074 0.037323908730158735
4 0.25374338624338627 0.7172842261904763 0.10791005291005291 0.05932539682539682
5 0.5904960317460318 0.9296875 0.12052248677248677 0.03649801587301587