3 0.27099609375 0.461181640625 0.11263020833333333 0.045013427734375
3 0.23714192708333334 0.3193359375 0.11588541666666667 0.044281005859375
3 0.3831380208333333 0.302001953125 0.11165364583333333 0.042633056640625
3 0.122314453125 0.47998046875 0.12076822916666667 0.04779052734375
3 0.560546875 0.42822265625 0.11328125 0.047332763671875
3 0.10872395833333333 0.407958984375 0.1220703125 0.0482177734375
3 0.2547200520833333 0.39111328125 0.11263020833333333 0.046295166015625
3 0.5283203125 0.287353515625 0.12141927083333333 0.04913330078125
3 0.4016927083333333 0.3740234375 0.11368815104166667 0.0455322265625
3 0.54296875 0.3583984375 0.115478515625 0.048309326171875
4 0.4495442708333333 0.544921875 0.050984700520833336 0.0782470703125
3 0.4176432291666667 0.443115234375 0.11124674479166667 0.04376220703125
4 0.2998046875 0.56005859375 0.07666015625 0.089111328125
3 0.08650716145833333 0.335693359375 0.12101236979166667 0.044525146484375
4 0.3782552083333333 0.55078125 0.07267252604166667 0.0880126953125
5 0.7513020833333334 0.4248046875 0.10026041666666667 0.09637451171875
4 0.5514322916666666 0.68115234375 0.046427408854166664 0.07684326171875
5 0.8515625 0.4013671875 0.10538736979166667 0.0999755859375
5 0.8587239583333334 0.6728515625 0.07853190104166667 0.0816650390625
4 0.22005208333333334 0.56982421875 0.07389322916666667 0.0872802734375
5 0.720703125 0.338623046875 0.10099283854166667 0.1007080078125
4 0.4775390625 0.6826171875 0.06722005208333333 0.093017578125
4 0.4013671875 0.69873046875 0.050048828125 0.077392578125
2 0.12272135416666667 0.640625 0.06685384114583333 0.0701904296875
5 0.787109375 0.50732421875 0.10294596354166667 0.09271240234375
4 0.2545572916666667 0.712890625 0.0706787109375 0.094482421875
4 0.5257161458333334 0.537109375 0.068115234375 0.0872802734375
4 0.3282877604166667 0.7041015625 0.06978352864583333 0.09271240234375
5 0.82421875 0.310546875 0.10579427083333333 0.0999755859375
5 0.8834635416666666 0.485107421875 0.10148111979166667 0.0966796875
5 0.9537760416666666 0.6513671875 0.087646484375 0.08465576171875
0 0.4358723958333333 0.8486328125 0.12141927083333333 0.03802490234375
5 0.9212239583333334 0.56640625 0.09952799479166667 0.0948486328125
0 0.4205729166666667 0.91796875 0.1337890625 0.04559326171875
5 0.822265625 0.587890625 0.09716796875 0.09320068359375
1 0.7356770833333334 0.85498046875 0.07173665364583333 0.03704833984375
1 0.7298177083333334 0.8017578125 0.0767822265625 0.041778564453125