3 0.4446614583333333 0.323974609375 0.10636393229166667 0.048126220703125
0 0.6471354166666666 0.67041015625 0.12101236979166667 0.04803466796875
3 0.6057942708333334 0.281494140625 0.10970052083333333 0.05126953125
4 0.14990234375 0.57861328125 0.11881510416666667 0.034942626953125
3 0.474609375 0.498046875 0.095458984375 0.0574951171875
4 0.150146484375 0.6943359375 0.11759440104166667 0.037322998046875
5 0.8059895833333334 0.60009765625 0.12491861979166667 0.08880615234375
3 0.4664713541666667 0.259521484375 0.10652669270833333 0.051177978515625
3 0.3333333333333333 0.2386474609375 0.10904947916666667 0.053192138671875
0 0.67578125 0.53515625 0.068115234375 0.09808349609375
5 0.5904947916666666 0.5673828125 0.070556640625 0.0885009765625
5 0.7903645833333334 0.78759765625 0.12296549479166667 0.08978271484375
5 0.9244791666666666 0.51318359375 0.13834635416666666 0.08062744140625
1 0.6129557291666666 0.420654296875 0.07145182291666667 0.04052734375
5 0.9016927083333334 0.796875 0.13264973958333334 0.09039306640625
4 0.150390625 0.63818359375 0.11759440104166667 0.037261962890625
5 0.8111979166666666 0.50537109375 0.12874348958333334 0.0855712890625
4 0.3336588541666667 0.521484375 0.11043294270833333 0.034881591796875
2 0.4527994791666667 0.73291015625 0.051595052083333336 0.06890869140625
5 0.798828125 0.6884765625 0.12825520833333334 0.09185791015625
3 0.5836588541666666 0.348876953125 0.11181640625 0.0509033203125
5 0.9088541666666666 0.69921875 0.13663736979166666 0.089111328125
4 0.14754231770833334 0.5224609375 0.115478515625 0.0341796875
4 0.3382161458333333 0.57763671875 0.11490885416666667 0.0364990234375
4 0.6419270833333334 0.446044921875 0.08699544270833333 0.059417724609375
3 0.4915364583333333 0.1927490234375 0.111083984375 0.051849365234375
3 0.6292317708333334 0.21484375 0.11287434895833333 0.050994873046875
4 0.33984375 0.6357421875 0.10986328125 0.0352783203125
5 0.9153645833333334 0.6083984375 0.135009765625 0.09088134765625
3 0.76953125 0.236572265625 0.11531575520833333 0.051849365234375
3 0.7278645833333334 0.373046875 0.11246744791666667 0.0504150390625
1 0.4690755208333333 0.64501953125 0.0538330078125 0.04510498046875
4 0.3318684895833333 0.46435546875 0.11083984375 0.0345458984375
3 0.7486979166666666 0.303955078125 0.11002604166666667 0.05059814453125
3 0.3551432291666667 0.170654296875 0.10807291666666667 0.0517578125
4 0.3440755208333333 0.69140625 0.11735026041666667 0.039947509765625
5 0.9446614583333334 0.421630859375 0.10888671875 0.07135009765625