3 0.6363921957671957 0.43774305555555554 0.09041335978835979 0.03469742063492064
3 0.6464847883597884 0.49316468253968254 0.08927248677248677 0.034027777777777775
3 0.5296230158730159 0.5 0.08683201058201058 0.032896825396825397
3 0.5231117724867725 0.44653273809523814 0.08894841269841271 0.032470238095238094
3 0.7447916666666666 0.37402281746031746 0.093260582010582 0.03332589285714286
3 0.7532539682539683 0.4301760912698413 0.09269179894179895 0.03656001984126984
3 0.4140641534391535 0.5068353174603174 0.08862433862433862 0.031433531746031744
3 0.5153009259259259 0.38964781746031746 0.08894841269841271 0.03234871031746032
3 0.7636706349206349 0.48559523809523814 0.09358796296296296 0.03469742063492064
3 0.40917989417989414 0.45190476190476186 0.08894841269841271 0.032165178571428574
3 0.4016931216931217 0.39746031746031746 0.08748346560846561 0.03050347222222222
3 0.6311838624338625 0.38134672619047616 0.09090277777777778 0.033722718253968255
1 0.6445304232804233 0.2573239087301587 0.05354828042328043 0.025421626984126984
5 0.6344411375661375 0.5878918650793651 0.0910648148148148 0.052703373015873016
5 0.734375 0.5761731150793651 0.10506283068783068 0.06829861111111112
5 0.4482407407407408 0.6708978174603174 0.09269179894179895 0.0594171626984127
5 0.8463558201058201 0.6362301587301588 0.09220238095238095 0.05856398809523809
5 0.4427083333333333 0.6030282738095237 0.09073743386243385 0.05529761904761905
5 0.8352876984126983 0.5722668650793651 0.09122685185185185 0.056976686507936504
5 0.6451818783068783 0.6508779761904763 0.08959986772486772 0.058990575396825395
5 0.5426421957671957 0.5961904761904763 0.10131944444444443 0.06829861111111112
0 0.4573578042328042 0.28515625 0.07055555555555557 0.07275297619047619
4 0.25130291005291006 0.4511731150793651 0.09204034391534391 0.02998263888888889
1 0.6253240740740741 0.30444444444444446 0.053670634920634924 0.02893105158730159
4 0.251140873015873 0.40722718253968254 0.0963558201058201 0.029541170634920635
5 0.7421891534391535 0.6430654761904763 0.1048181216931217 0.07080109126984127
2 0.5638029100529101 0.33520585317460316 0.07527777777777778 0.03359871031746032
4 0.08699404761904762 0.5966790674603174 0.10392195767195767 0.029875992063492063
4 0.2529298941798942 0.49853422619047616 0.09741071428571428 0.029541170634920635
4 0.25374338624338627 0.5458978174603174 0.09700396825396825 0.02880952380952381
5 0.5471990740740741 0.6596676587301588 0.10392195767195767 0.06951884920634921
0 0.3951818783068783 0.31323164682539684 0.06978505291005291 0.06890873015873016
4 0.09122685185185185 0.41113343253968254 0.10221230158730157 0.028549107142857143
4 0.2534193121693122 0.5932614087301588 0.0949702380952381 0.028335813492063492
4 0.09236772486772486 0.5024404761904762 0.10522486772486772 0.02998263888888889
4 0.09171626984126985 0.45678819444444446 0.10278439153439153 0.028214285714285716
4 0.09122685185185185 0.5493154761904763 0.10595568783068784 0.02992311507936508