3 0.5185546875 0.67138671875 0.0799560546875 0.07196044921875
3 0.5224609375 0.55029296875 0.078369140625 0.06939697265625
3 0.2957356770833333 0.7978515625 0.07596842447916667 0.06903076171875
3 0.365234375 0.83984375 0.0792236328125 0.07208251953125
3 0.4436848958333333 0.75634765625 0.07967122395833333 0.0709228515625
3 0.5940755208333334 0.587890625 0.0767822265625 0.070556640625
3 0.3753255208333333 0.71630859375 0.07820638020833333 0.06805419921875
3 0.4485677083333333 0.6337890625 0.078369140625 0.07147216796875
5 0.1875 0.6396484375 0.11612955729166667 0.043121337890625
3 0.3792317708333333 0.5966796875 0.07865397135416667 0.072265625
3 0.4554036458333333 0.5146484375 0.07568359375 0.06805419921875
3 0.22770182291666666 0.759765625 0.078369140625 0.070068359375
3 0.3046875 0.677734375 0.07853190104166667 0.06768798828125
5 0.29443359375 0.499755859375 0.11002604166666667 0.038543701171875
0 0.7115885416666666 0.78125 0.1171875 0.04913330078125
5 0.22005208333333334 0.464599609375 0.11165364583333333 0.040924072265625
5 0.056477864583333336 0.6728515625 0.11295572916666667 0.04742431640625
5 0.3479817708333333 0.42919921875 0.11165364583333333 0.040374755859375
4 0.5751953125 0.236328125 0.060587565104166664 0.07861328125
1 0.7005208333333334 0.86865234375 0.07539876302083333 0.037750244140625
5 0.16861979166666666 0.533203125 0.11328125 0.042816162109375
5 0.11409505208333333 0.6025390625 0.123779296875 0.048492431640625
4 0.5940755208333334 0.37890625 0.06587727864583333 0.0809326171875
5 0.12272135416666667 0.71044921875 0.11637369791666667 0.04327392578125
4 0.5276692708333334 0.364501953125 0.06298828125 0.07861328125
4 0.51171875 0.22119140625 0.050699869791666664 0.0706787109375
4 0.4619140625 0.350830078125 0.061279296875 0.0765380859375
5 0.2708333333333333 0.396484375 0.11165364583333333 0.0455322265625
4 0.6455078125 0.2454833984375 0.053466796875 0.07208251953125
4 0.71484375 0.2548828125 0.0528564453125 0.07366943359375
5 0.24055989583333334 0.5693359375 0.11263020833333333 0.043212890625
4 0.78125 0.270263671875 0.06538899739583333 0.08331298828125
4 0.7350260416666666 0.404296875 0.06888834635416667 0.0849609375
1 0.6868489583333334 0.93359375 0.07332356770833333 0.039947509765625
0 0.734375 0.71240234375 0.12337239583333333 0.0489501953125
2 0.7057291666666666 0.6298828125 0.09025065104166667 0.042327880859375
4 0.6663411458333334 0.387451171875 0.048746744791666664 0.06610107421875