3 0.46484375 0.74951171875 0.07080078125 0.0615234375
4 0.3961588541666667 0.6767578125 0.061848958333333336 0.06256103515625
1 0.3292643229166667 0.61328125 0.0462646484375 0.043701171875
3 0.7760416666666666 0.615234375 0.07568359375 0.057373046875
1 0.5048828125 0.66796875 0.047037760416666664 0.042388916015625
3 0.673828125 0.8046875 0.079833984375 0.06658935546875
3 0.828125 0.7763671875 0.08011881510416667 0.06756591796875
0 0.2216796875 0.705078125 0.11287434895833333 0.03277587890625
3 0.7421875 0.85302734375 0.08146158854166667 0.07183837890625
3 0.8385416666666666 0.65869140625 0.07865397135416667 0.059967041015625
3 0.7571614583333334 0.72998046875 0.07808430989583333 0.06304931640625
5 0.400390625 0.63525390625 0.10115559895833333 0.044769287109375
4 0.29248046875 0.442138671875 0.09342447916666667 0.03436279296875
4 0.2908528645833333 0.399169921875 0.091064453125 0.0321044921875
5 0.65625 0.398681640625 0.07389322916666667 0.06256103515625
3 0.6946614583333334 0.68603515625 0.07470703125 0.060302734375
4 0.2908528645833333 0.53076171875 0.09513346354166667 0.0352783203125
3 0.5836588541666666 0.88232421875 0.08028157552083333 0.072265625
3 0.51953125 0.83251953125 0.07694498697916667 0.06756591796875
3 0.91015625 0.703125 0.08158365885416667 0.063720703125
4 0.4508463541666667 0.486572265625 0.08414713541666667 0.0305633544921875
4 0.2890625 0.35693359375 0.08650716145833333 0.03155517578125
5 0.6731770833333334 0.467041015625 0.07527669270833333 0.06939697265625
2 0.357421875 0.767578125 0.083740234375 0.04376220703125
3 0.6110026041666666 0.7578125 0.0806884765625 0.0633544921875
5 0.6881510416666666 0.53173828125 0.07865397135416667 0.07159423828125
4 0.4475911458333333 0.357177734375 0.08406575520833333 0.03167724609375
5 0.6022135416666666 0.54052734375 0.08011881510416667 0.07275390625
5 0.5787760416666666 0.401611328125 0.06697591145833333 0.0592041015625
5 0.5908203125 0.47021484375 0.06888834635416667 0.0633544921875
5 0.5651041666666666 0.3388671875 0.07255045572916667 0.06634521484375
5 0.6155598958333334 0.61181640625 0.08085123697916667 0.06549072265625
5 0.6458333333333334 0.333740234375 0.07027180989583333 0.06256103515625
4 0.4501953125 0.443115234375 0.08308919270833333 0.0305023193359375
4 0.4482421875 0.400146484375 0.0806884765625 0.02880859375
0 0.150390625 0.62109375 0.08699544270833333 0.0706787109375
4 0.2931315104166667 0.48828125 0.09423828125 0.0310821533203125