4 0.6686197916666666 0.46533203125 0.089599609375 0.0638427734375
4 0.6256510416666666 0.498046875 0.09220377604166667 0.06451416015625
4 0.5774739583333334 0.53369140625 0.09090169270833333 0.06512451171875
4 0.841796875 0.5166015625 0.09700520833333333 0.06524658203125
4 0.7942708333333334 0.55126953125 0.09562174479166667 0.06549072265625
3 0.4703776041666667 0.2281494140625 0.08113606770833333 0.044525146484375
2 0.384765625 0.69384765625 0.060343424479166664 0.061767578125
4 0.712890625 0.429443359375 0.088134765625 0.06280517578125
3 0.3727213541666667 0.262451171875 0.0826416015625 0.044189453125
1 0.912109375 0.62646484375 0.0595703125 0.042327880859375
3 0.4020182291666667 0.305908203125 0.08203125 0.044921875
4 0.7024739583333334 0.623046875 0.09309895833333333 0.07080078125
3 0.5029296875 0.2705078125 0.08011881510416667 0.04486083984375
3 0.5364583333333334 0.312255859375 0.08158365885416667 0.04486083984375
3 0.2177734375 0.419677734375 0.087158203125 0.04345703125
3 0.2978515625 0.3427734375 0.08512369791666667 0.045196533203125
3 0.2687174479166667 0.296875 0.08341471354166667 0.04534912109375
3 0.3260091145833333 0.38525390625 0.08585611979166667 0.04443359375
3 0.19205729166666666 0.376708984375 0.08650716145833333 0.046539306640625
1 0.8626302083333334 0.66552734375 0.061726888020833336 0.0394287109375
3 0.4322916666666667 0.348388671875 0.0826416015625 0.04595947265625
3 0.16634114583333334 0.3310546875 0.08634440104166667 0.04620361328125
5 0.3671875 0.56787109375 0.106201171875 0.04052734375
4 0.74609375 0.5869140625 0.092041015625 0.06695556640625
0 0.5690104166666666 0.7783203125 0.08699544270833333 0.079345703125
4 0.5289713541666666 0.56640625 0.087646484375 0.06768798828125
5 0.17578125 0.67236328125 0.11490885416666667 0.0411376953125
0 0.5029296875 0.73486328125 0.083251953125 0.07354736328125
5 0.4254557291666667 0.501953125 0.11027018229166667 0.047515869140625
5 0.3430989583333333 0.4736328125 0.09969075520833333 0.037811279296875
5 0.18961588541666666 0.78564453125 0.13264973958333334 0.05633544921875
5 0.31298828125 0.6357421875 0.10538736979166667 0.0416259765625
5 0.25244140625 0.70556640625 0.11263020833333333 0.04400634765625
5 0.11181640625 0.748046875 0.13126627604166666 0.05419921875
4 0.6520182291666666 0.66015625 0.09187825520833333 0.0701904296875
5 0.29150390625 0.53515625 0.10506184895833333 0.0384521484375
5 0.23649088541666666 0.60302734375 0.10677083333333333 0.04168701171875