4 0.39648478835978834 0.6186532738095237 0.04496362433862434 0.0706795634920635
4 0.20426587301587304 0.62890625 0.04410714285714286 0.06781001984126984
4 0.3302414021164021 0.4941418650793651 0.04296957671957672 0.06878720238095239
5 0.11930224867724867 0.4160168650793651 0.09391203703703704 0.04690476190476191
3 0.8541666666666666 0.3220213293650794 0.0899239417989418 0.05480902777777778
5 0.4010416666666667 0.3576661706349206 0.09090277777777778 0.0528249007936508
3 0.5904960317460318 0.26464781746031746 0.08280423280423281 0.05358878968253968
3 0.7454431216931217 0.2651364087301587 0.08496031746031747 0.05529761904761905
5 0.28889880952380953 0.31274305555555554 0.0949702380952381 0.054290674603174605
5 0.3092460317460317 0.37792906746031746 0.093260582010582 0.04922371031746032
5 0.49707010582010586 0.3378918650793651 0.08011904761904762 0.051361607142857146
4 0.33040343915343917 0.6220709325396826 0.04626322751322751 0.07183779761904761
3 0.6888029100529101 0.15576140873015873 0.08845899470899471 0.05920386904761905
3 0.49055886243386243 0.2133779761904762 0.07763558201058202 0.05499255952380952
5 0.38118386243386243 0.2924801587301587 0.09773809523809524 0.053008432539682536
4 0.266114417989418 0.4980481150793651 0.04020171957671957 0.06768849206349206
3 0.5328769841269841 0.16223214285714285 0.08296626984126984 0.05822668650793651
4 0.20117063492063494 0.4995114087301587 0.04296957671957672 0.06817708333333333
3 0.8046891534391535 0.37353422619047616 0.08976190476190476 0.05319196428571429
5 0.21093915343915343 0.3979489087301587 0.09342592592592593 0.05175843253968254
3 0.5830092592592593 0.10430803571428571 0.08878637566137566 0.062103174603174605
3 0.6972652116402117 0.31738343253968254 0.08264219576719577 0.054107142857142854
5 0.19433531746031746 0.3354489087301587 0.09684193121693123 0.05728174603174603
4 0.45898478835978834 0.6191418650793651 0.04427248677248677 0.06903025793650794
4 0.39355489417989414 0.49096726190476186 0.04557208994708995 0.06719990079365079
5 0.09936507936507936 0.3535168650793651 0.094239417989418 0.05099454365079365
4 0.2705092592592592 0.6230481150793651 0.055909391534391534 0.07684275793650794
3 0.7089847883597883 0.4274900793650794 0.07161375661375662 0.056334325396825397
0 0.7063789682539683 0.6137698412698412 0.0430489417989418 0.08447172619047619
2 0.5758465608465608 0.54296875 0.06058862433862434 0.056855158730158735
3 0.7975264550264549 0.20959573412698412 0.0915542328042328 0.05932539682539682
0 0.5843088624338625 0.6865228174603174 0.09684193121693123 0.0797718253968254
4 0.6533201058201058 0.48022569444444446 0.07499338624338624 0.05126984126984127
3 0.6373710317460318 0.21435515873015873 0.08463624338624338 0.05758680555555556
5 0.8352876984126983 0.46972718253968254 0.07027116402116403 0.07354662698412699
1 0.6083994708994709 0.4196775793650794 0.052083333333333336 0.03622519841269841
1 0.5842162698412698 0.5820114087301588 0.05291005291005291 0.042988591269841274