3 0.5305989583333334 0.494384765625 0.08650716145833333 0.06671142578125
3 0.3346354166666667 0.266357421875 0.07267252604166667 0.056854248046875
3 0.7942708333333334 0.50244140625 0.10888671875 0.052825927734375
3 0.4391276041666667 0.427978515625 0.08280436197916667 0.0634765625
3 0.4153645833333333 0.32421875 0.07881673177083333 0.060638427734375
3 0.2890625 0.40673828125 0.07881673177083333 0.06109619140625
3 0.3727213541666667 0.47119140625 0.08390299479166667 0.0638427734375
3 0.5009765625 0.38330078125 0.083251953125 0.06439208984375
2 0.6354166666666666 0.6064453125 0.09423828125 0.0489501953125
3 0.2775065104166667 0.307373046875 0.07442220052083333 0.056243896484375
0 0.7408854166666666 0.521484375 0.12491861979166667 0.058990478515625
3 0.3557942708333333 0.36572265625 0.07967122395833333 0.06097412109375
0 0.8209635416666666 0.66162109375 0.13525390625 0.09039306640625
5 0.8033854166666666 0.284912109375 0.08085123697916667 0.097412109375
5 0.5517578125 0.289306640625 0.06660970052083333 0.0880126953125
4 0.673828125 0.40966796875 0.09651692708333333 0.0394287109375
4 0.23160807291666666 0.51953125 0.099365234375 0.06719970703125
3 0.5963541666666666 0.449462890625 0.090087890625 0.06768798828125
3 0.4615885416666667 0.54345703125 0.088134765625 0.06671142578125
5 0.869140625 0.3837890625 0.07332356770833333 0.08880615234375
4 0.2791341145833333 0.560546875 0.102783203125 0.06915283203125
1 0.7220052083333334 0.64599609375 0.06685384114583333 0.056549072265625
4 0.3642578125 0.64208984375 0.10734049479166667 0.079345703125
5 0.75390625 0.350830078125 0.07027180989583333 0.0943603515625
5 0.6526692708333334 0.3232421875 0.08011881510416667 0.10211181640625
4 0.21842447916666666 0.74609375 0.10904947916666667 0.0762939453125
5 0.697265625 0.444091796875 0.11507161458333333 0.050811767578125
4 0.3232421875 0.6015625 0.10904947916666667 0.07452392578125
4 0.17333984375 0.697265625 0.10904947916666667 0.07501220703125
4 0.09773763020833333 0.615234375 0.10001627604166667 0.07342529296875
5 0.697265625 0.25390625 0.057291666666666664 0.0802001953125
4 0.1337890625 0.65478515625 0.11043294270833333 0.07794189453125
5 0.4576822916666667 0.250244140625 0.053548177083333336 0.0794677734375
5 0.5074869791666666 0.195556640625 0.051472981770833336 0.078369140625
5 0.5979817708333334 0.22802734375 0.0584716796875 0.079345703125
1 0.7132742322179263 0.5806969980943583 0.07667117154134041 0.04617695558739843
4 0.193359375 0.4794921875 0.09773763020833333 0.0638427734375