3 0.5572916666666666 0.43212890625 0.07373046875 0.06268310546875
3 0.6227213541666666 0.365234375 0.06722005208333333 0.056640625
3 0.6243489583333334 0.4619140625 0.070556640625 0.061187744140625
3 0.5608723958333334 0.53564453125 0.07820638020833333 0.06732177734375
3 0.6848958333333334 0.392822265625 0.0709228515625 0.0604248046875
3 0.4423828125 0.7626953125 0.061482747395833336 0.08209228515625
5 0.5048828125 0.68310546875 0.05126953125 0.08465576171875
4 0.5475260416666666 0.6630859375 0.044352213541666664 0.06982421875
3 0.4912109375 0.5029296875 0.07779947916666667 0.06488037109375
5 0.66796875 0.625 0.0986328125 0.05865478515625
2 0.2957356770833333 0.673828125 0.054443359375 0.06549072265625
3 0.4915364583333333 0.397705078125 0.070556640625 0.059967041015625
5 0.8111979166666666 0.49462890625 0.09969075520833333 0.048126220703125
3 0.4189453125 0.58056640625 0.08040364583333333 0.06915283203125
4 0.087158203125 0.435791015625 0.08943684895833333 0.055938720703125
0 0.2565104166666667 0.80908203125 0.12076822916666667 0.0872802734375
3 0.490234375 0.61474609375 0.08158365885416667 0.0706787109375
0 0.4098307291666667 0.73046875 0.06465657552083333 0.089599609375
1 0.2589518229166667 0.73681640625 0.0723876953125 0.050140380859375
3 0.3463541666666667 0.54296875 0.08406575520833333 0.06646728515625
4 0.3860677083333333 0.3544921875 0.087646484375 0.0548095703125
3 0.4222005208333333 0.46923828125 0.0792236328125 0.06512451171875
4 0.22119140625 0.50244140625 0.09513346354166667 0.063720703125
5 0.6412760416666666 0.70166015625 0.10188802083333333 0.05792236328125
4 0.3473307291666667 0.390869140625 0.08927408854166667 0.06109619140625
4 0.17757161458333334 0.364013671875 0.090576171875 0.060760498046875
4 0.3058268229166667 0.4287109375 0.09138997395833333 0.060516357421875
5 0.765625 0.64599609375 0.107177734375 0.0574951171875
5 0.6901041666666666 0.54931640625 0.112060546875 0.06500244140625
5 0.740234375 0.7275390625 0.118408203125 0.06793212890625
5 0.7213541666666666 0.47314453125 0.09847005208333333 0.04986572265625
4 0.134765625 0.399169921875 0.092529296875 0.0631103515625
5 0.6090494791666666 0.79296875 0.115478515625 0.06488037109375
4 0.2649739583333333 0.466552734375 0.09562174479166667 0.061767578125
4 0.21988932291666666 0.328857421875 0.08846028645833333 0.060089111328125
5 0.7864583333333334 0.5693359375 0.10791015625 0.058013916015625
1 0.3273111979166667 0.72021484375 0.040445963541666664 0.05194091796875