2 0.3273809523809524 0.6233878968253969 0.061507936507936505 0.06522817460317461
5 0.3167989417989418 0.9055059523809523 0.11574074074074074 0.07341269841269842
1 0.13128306878306878 0.8594990079365079 0.06415343915343916 0.054811507936507936
4 0.560515873015873 0.6681547619047619 0.1111111111111111 0.0496031746031746
0 0.41534391534391535 0.8034474206349206 0.0667989417989418 0.09697420634920635
0 0.1412037037037037 0.7282986111111112 0.10846560846560846 0.08606150793650794
4 0.5090939153439153 0.8516865079365079 0.12400793650793651 0.057539682539682536
4 0.7238756613756614 0.8210565476190477 0.12433862433862433 0.05580357142857143
4 0.5267857142857143 0.7879464285714286 0.1164021164021164 0.05505952380952381
4 0.7346230158730159 0.7606646825396826 0.12268518518518519 0.053075396825396824
4 0.5434854497354498 0.7256944444444444 0.11210317460317461 0.051587301587301584
1 0.4416335978835979 0.703125 0.0710978835978836 0.03869047619047619
4 0.7476851851851852 0.7022569444444444 0.11772486772486772 0.053323412698412696
4 0.7156084656084656 0.8845486111111112 0.125 0.056299603174603176
5 0.35383597883597884 0.527405753968254 0.11441798941798942 0.03546626984126984
5 0.7465277777777778 0.38913690476190477 0.10615079365079365 0.030753968253968252
4 0.7587632275132276 0.6474454365079365 0.11607142857142858 0.046875
5 0.6883267195767195 0.3392857142857143 0.10152116402116403 0.031746031746031744
5 0.503968253968254 0.5360863095238095 0.11441798941798942 0.03844246031746032
5 0.6059854497354498 0.3888888888888889 0.10681216931216932 0.03273809523809524
5 0.4416335978835979 0.4818948412698413 0.11210317460317461 0.03670634920634921
5 0.6648478835978836 0.4367559523809524 0.10681216931216932 0.033234126984126984
5 0.5869708994708994 0.48747519841269843 0.10978835978835978 0.037450396825396824
5 0.5284391534391535 0.4361359126984127 0.10515873015873016 0.0339781746031746
3 0.2025462962962963 0.6168154761904762 0.10284391534391535 0.04811507936507937
4 0.2825520833333333 0.720703125 0.06254069010416667 0.07611083984375
3 0.5348307291666666 0.279541015625 0.07401529947916667 0.05633544921875
3 0.396484375 0.3056640625 0.07820638020833333 0.056854248046875
3 0.15625 0.38818359375 0.08699544270833333 0.0616455078125
3 0.21940104166666666 0.4287109375 0.08699544270833333 0.061309814453125
3 0.2833658854166667 0.470703125 0.08447265625 0.06097412109375
3 0.4759114583333333 0.24560546875 0.07161458333333333 0.05560302734375
3 0.3113606770833333 0.36376953125 0.08219401041666667 0.058135986328125
3 0.4560546875 0.33984375 0.0767822265625 0.058135986328125
3 0.3369140625 0.265380859375 0.07792154947916667 0.057281494140625
3 0.3740234375 0.403076171875 0.08085123697916667 0.058563232421875
3 0.24869791666666666 0.3251953125 0.08430989583333333 0.060760498046875