0 0.7402347883597883 0.6010739087301588 0.11759589947089948 0.052428075396825397
4 0.6533201058201058 0.37353422619047616 0.06787037037037037 0.08880704365079364
4 0.4322916666666667 0.40234375 0.07132936507936508 0.08911210317460318
4 0.5797519841269841 0.38427827380952384 0.06978505291005291 0.09039186507936507
4 0.5039054232804233 0.39331101190476186 0.06872685185185186 0.08929563492063493
0 0.5794279100529101 0.5400396825396826 0.06205357142857143 0.08691468253968254
3 0.2626951058201058 0.5224603174603174 0.055909391534391534 0.08135912698412699
4 0.546223544973545 0.23559523809523808 0.06925595238095238 0.09368799603174603
4 0.7278637566137566 0.3637698412698413 0.06901124338624338 0.08709821428571429
5 0.8919279100529101 0.6381845238095237 0.1071792328042328 0.059538690476190474
5 0.9095039682539683 0.70703125 0.10652777777777778 0.056976686507936504
5 0.7988293650793651 0.7270510912698412 0.12011574074074075 0.07305803571428571
4 0.39355489417989414 0.25073164682539684 0.06925595238095238 0.0941765873015873
1 0.6403009259259259 0.6220709325396826 0.06860449735449736 0.051178075396825395
2 0.7167956349206349 0.5024404761904762 0.07596891534391534 0.05261160714285714
5 0.4573578042328042 0.7416989087301588 0.10636243386243385 0.06130952380952381
3 0.28043650793650793 0.6293948412698412 0.0628670634920635 0.08569444444444443
5 0.7011706349206349 0.7587896825396826 0.10465608465608466 0.06130952380952381
5 0.7636706349206349 0.4511731150793651 0.09651785714285714 0.06793154761904761
5 0.5628240740740741 0.7089856150793651 0.12556878306878308 0.07092261904761904
5 0.6790376984126983 0.6894543650793651 0.10522486772486772 0.054595734126984125
3 0.18440806878306878 0.6391592261904763 0.06034391534391534 0.08251984126984127
5 0.5898445767195767 0.7807614087301588 0.1259755291005291 0.07183779761904761
3 0.16910714285714284 0.5292981150793651 0.05891865079365079 0.08300843253968254
3 0.2942724867724868 0.7368154761904763 0.05969246031746032 0.08270337301587301
3 0.20117063492063494 0.74609375 0.058022486772486774 0.08196924603174603
5 0.7890641534391535 0.6660168650793651 0.09822751322751323 0.05340525793650794
1 0.4127612433862434 0.6479489087301588 0.0719808201058201 0.037596726190476194
3 0.3084325396825397 0.8417981150793651 0.05643849206349206 0.08343501984126984
3 0.21435515873015873 0.8535168650793651 0.05834986772486772 0.08477678571428571
3 0.09790013227513228 0.7597668650793651 0.061726190476190476 0.08831845238095239
3 0.11344246031746032 0.8686532738095237 0.061279761904761906 0.08526537698412699
3 0.08235780423280424 0.6494146825396826 0.06311177248677248 0.08496031746031746
4 0.47178240740740746 0.24016121031746032 0.0573181216931217 0.0818452380952381
4 0.6210945767195767 0.22741815476190477 0.06888888888888889 0.09368799603174603
3 0.44698082010582013 0.5828373015873016 0.07385251322751323 0.07275049603174603
4 0.5516964285714285 0.6229340277777778 0.05842261904761904 0.07688492063492064