3 0.849609375 0.64990234375 0.09578450520833333 0.041839599609375
2 0.30126953125 0.51025390625 0.09309895833333333 0.0546875
3 0.7395833333333334 0.57275390625 0.09773763020833333 0.04046630859375
3 0.2858072916666667 0.6513671875 0.10408528645833333 0.06561279296875
0 0.27392578125 0.61572265625 0.12296549479166667 0.06982421875
4 0.5201822916666666 0.2054443359375 0.0638427734375 0.09136962890625
3 0.4625651041666667 0.61279296875 0.10221354166666667 0.044525146484375
4 0.7291666666666666 0.2509765625 0.070556640625 0.08740234375
5 0.5309244791666666 0.755859375 0.106201171875 0.07421875
1 0.20149739583333334 0.50390625 0.081298828125 0.0472412109375
4 0.4889322916666667 0.353759765625 0.07291666666666667 0.092041015625
3 0.4964192708333333 0.47265625 0.105224609375 0.04559326171875
4 0.4280598958333333 0.6767578125 0.09700520833333333 0.05224609375
4 0.6998697916666666 0.38818359375 0.07080078125 0.08660888671875
4 0.6634114583333334 0.2391357421875 0.0687255859375 0.0872802734375
4 0.6305338541666666 0.3779296875 0.06978352864583333 0.0889892578125
4 0.55859375 0.364013671875 0.070556640625 0.09124755859375
5 0.75 0.81884765625 0.09912109375 0.075439453125
3 0.6005859375 0.625 0.10115559895833333 0.043853759765625
0 0.10750325520833333 0.53466796875 0.08748372395833333 0.11126708984375
3 0.8600260416666666 0.5859375 0.09716796875 0.040679931640625
4 0.5930989583333334 0.2230224609375 0.07108561197916667 0.089111328125
3 0.6139322916666666 0.5576171875 0.10205078125 0.04217529296875
5 0.4143880208333333 0.76171875 0.10432942708333333 0.0792236328125
3 0.4772135416666667 0.5419921875 0.103759765625 0.044921875
5 0.5302734375 0.83349609375 0.10245768229166667 0.080810546875
5 0.37890625 0.65869140625 0.12711588541666666 0.055419921875
5 0.6513671875 0.74755859375 0.10563151041666667 0.0740966796875
5 0.4124348958333333 0.84521484375 0.10750325520833333 0.07879638671875
4 0.767578125 0.39892578125 0.06660970052083333 0.08404541015625
5 0.7552083333333334 0.744140625 0.097412109375 0.07122802734375
3 0.7565104166666666 0.5078125 0.09895833333333333 0.040679931640625
5 0.28466796875 0.7705078125 0.111083984375 0.07666015625
1 0.2679036458333333 0.568359375 0.08235677083333333 0.0439453125
3 0.6311848958333334 0.490478515625 0.10335286458333333 0.042816162109375
3 0.7278645833333334 0.6376953125 0.0966796875 0.0439453125
5 0.6416015625 0.8203125 0.11531575520833333 0.09124755859375