3 0.8802083333333334 0.48095703125 0.053751627604166664 0.0765380859375
3 0.7701822916666666 0.390869140625 0.052734375 0.0762939453125
3 0.7877604166666666 0.49169921875 0.053548177083333336 0.0753173828125
3 0.865234375 0.37939453125 0.055379231770833336 0.0794677734375
3 0.6796875 0.400634765625 0.048299153645833336 0.0751953125
3 0.8203125 0.68408203125 0.0523681640625 0.072509765625
4 0.20133463541666666 0.451416015625 0.08430989583333333 0.0753173828125
3 0.736328125 0.69091796875 0.0491943359375 0.07305908203125
3 0.701171875 0.5 0.048828125 0.07330322265625
3 0.7194010416666666 0.5966796875 0.0509033203125 0.07330322265625
5 0.248046875 0.26171875 0.060587565104166664 0.0855712890625
3 0.8958333333333334 0.58056640625 0.053751627604166664 0.0755615234375
4 0.26123046875 0.4814453125 0.08280436197916667 0.0726318359375
4 0.3165690104166667 0.51025390625 0.08158365885416667 0.0740966796875
3 0.806640625 0.58837890625 0.052734375 0.07421875
5 0.3863932291666667 0.411376953125 0.057698567708333336 0.07989501953125
2 0.5725911458333334 0.74609375 0.07722981770833333 0.049774169921875
4 0.21695963541666666 0.619140625 0.086669921875 0.0751953125
3 0.6181640625 0.669921875 0.091064453125 0.0322265625
0 0.4267578125 0.787109375 0.08406575520833333 0.06964111328125
5 0.19840494791666666 0.327880859375 0.062174479166666664 0.0765380859375
5 0.3427734375 0.307373046875 0.055582682291666664 0.07989501953125
4 0.14322916666666666 0.424560546875 0.07389322916666667 0.0631103515625
1 0.3870442708333333 0.673828125 0.0611572265625 0.030731201171875
5 0.2911783854166667 0.365478515625 0.058919270833333336 0.08135986328125
5 0.5693359375 0.493408203125 0.058675130208333336 0.0849609375
0 0.2908528645833333 0.78173828125 0.11759440104166667 0.0535888671875
5 0.435546875 0.349365234375 0.058268229166666664 0.08538818359375
4 0.27197265625 0.64697265625 0.08650716145833333 0.0723876953125
1 0.5576171875 0.60009765625 0.0634765625 0.03131103515625
4 0.041219075520833336 0.537109375 0.07649739583333333 0.064208984375
4 0.4993489583333333 0.66650390625 0.08732096354166667 0.0333251953125
4 0.15974934895833334 0.58984375 0.08561197916666667 0.073974609375
4 0.10245768229166667 0.560546875 0.083740234375 0.0723876953125
5 0.5270182291666666 0.387451171875 0.059122721354166664 0.0809326171875
5 0.4791666666666667 0.456298828125 0.054768880208333336 0.08038330078125
5 0.4544270833333333 0.642578125 0.091552734375 0.054290771484375