3 0.1669921875 0.544921875 0.07014973958333333 0.06085205078125
3 0.3492838541666667 0.54931640625 0.07108561197916667 0.0615234375
3 0.15511067708333334 0.441162109375 0.070556640625 0.059967041015625
3 0.23356119791666666 0.61376953125 0.06966145833333333 0.060760498046875
3 0.20963541666666666 0.406005859375 0.0723876953125 0.060211181640625
4 0.84375 0.435302734375 0.07014973958333333 0.08251953125
4 0.6363932291666666 0.4091796875 0.063720703125 0.0794677734375
3 0.22493489583333334 0.51220703125 0.0723876953125 0.061431884765625
4 0.8782552083333334 0.5771484375 0.06978352864583333 0.08343505859375
5 0.6354166666666666 0.1636962890625 0.07389322916666667 0.07794189453125
3 0.09895833333333333 0.47412109375 0.07027180989583333 0.05889892578125
5 0.615234375 0.23828125 0.0758056640625 0.0809326171875
5 0.5361328125 0.1513671875 0.07279459635416667 0.08050537109375
4 0.7037760416666666 0.418212890625 0.06526692708333333 0.07904052734375
3 0.3020833333333333 0.6826171875 0.068115234375 0.06097412109375
3 0.29443359375 0.58203125 0.06978352864583333 0.06085205078125
4 0.7747395833333334 0.426025390625 0.068115234375 0.0809326171875
4 0.9147135416666666 0.44580078125 0.07145182291666667 0.08343505859375
5 0.744140625 0.18212890625 0.07185872395833333 0.07452392578125
3 0.4195963541666667 0.62158203125 0.07255045572916667 0.0631103515625
5 0.3359375 0.11517333984375 0.07307942708333333 0.0810546875
0 0.6129557291666666 0.7490234375 0.09326171875 0.07763671875
3 0.3619791666666667 0.65185546875 0.06978352864583333 0.0604248046875
4 0.8111979166666666 0.56884765625 0.053059895833333336 0.0723876953125
3 0.2805989583333333 0.477294921875 0.0721435546875 0.0616455078125
5 0.5123697916666666 0.218505859375 0.07291666666666667 0.07586669921875
5 0.4326171875 0.1336669921875 0.06453450520833333 0.07763671875
4 0.6686197916666666 0.54345703125 0.061726888020833336 0.08050537109375
5 0.31396484375 0.181640625 0.07108561197916667 0.07330322265625
0 0.5546875 0.708984375 0.091552734375 0.07147216796875
4 0.740234375 0.556640625 0.050333658854166664 0.072265625
5 0.7154947916666666 0.251708984375 0.07706705729166667 0.07763671875
2 0.5377604166666666 0.31298828125 0.06453450520833333 0.053802490234375
4 0.6051432291666666 0.53662109375 0.059244791666666664 0.07781982421875
1 0.24886067708333334 0.28271484375 0.056315104166666664 0.03790283203125
1 0.2801106770833333 0.33154296875 0.059122721354166664 0.036224365234375
5 0.41015625 0.2010498046875 0.070556640625 0.0775146484375