3 0.515625 0.611328125 0.048828125 0.04913330078125
3 0.5673828125 0.6328125 0.049031575520833336 0.0489501953125
3 0.6188151041666666 0.65185546875 0.0484619140625 0.049041748046875
3 0.4840494791666667 0.85107421875 0.0484619140625 0.056976318359375
4 0.2571614583333333 0.63671875 0.061604817708333336 0.03436279296875
3 0.4713541666666667 0.671875 0.046346028645833336 0.050048828125
4 0.4046223958333333 0.62158203125 0.059814453125 0.03912353515625
3 0.4788411458333333 0.75732421875 0.04931640625 0.051177978515625
3 0.3766276041666667 0.7998046875 0.050537109375 0.05419921875
3 0.4254557291666667 0.7333984375 0.050048828125 0.05242919921875
3 0.576171875 0.71533203125 0.0489501953125 0.050048828125
4 0.4319661458333333 0.58837890625 0.07108561197916667 0.039794921875
3 0.5234375 0.69287109375 0.048380533854166664 0.05108642578125
3 0.4309895833333333 0.82568359375 0.0517578125 0.055511474609375
4 0.31494140625 0.57763671875 0.06538899739583333 0.0364990234375
4 0.3580729166666667 0.51953125 0.06925455729166667 0.0345458984375
4 0.3828125 0.65185546875 0.059814453125 0.033782958984375
3 0.5302734375 0.78125 0.047403971354166664 0.053985595703125
5 0.5999348958333334 0.55126953125 0.043863932291666664 0.05718994140625
2 0.7330729166666666 0.625 0.054158528645833336 0.03607177734375
5 0.3971354166666667 0.41943359375 0.034281412760416664 0.051177978515625
4 0.3411458333333333 0.54638671875 0.07145182291666667 0.036285400390625
5 0.5113932291666666 0.46630859375 0.0374755859375 0.05072021484375
5 0.5380859375 0.52734375 0.039225260416666664 0.05291748046875
5 0.4521484375 0.443115234375 0.03466796875 0.0537109375
4 0.2849934895833333 0.60888671875 0.07002766927083333 0.040313720703125
5 0.4192708333333333 0.4765625 0.036356608072916664 0.05419921875
4 0.4583333333333333 0.5615234375 0.06392415364583333 0.037200927734375
1 0.6907552083333334 0.697265625 0.047119140625 0.0247039794921875
5 0.5703125 0.48779296875 0.03997802734375 0.050506591796875
5 0.3655598958333333 0.453857421875 0.04083251953125 0.055816650390625
5 0.4801432291666667 0.50048828125 0.035400390625 0.04876708984375
4 0.3580729166666667 0.6806640625 0.06787109375 0.042022705078125
1 0.7024739583333334 0.65673828125 0.049031575520833336 0.02423095703125
5 0.6321614583333334 0.5078125 0.041666666666666664 0.04986572265625
0 0.7220052083333334 0.55712890625 0.06477864583333333 0.043609619140625
0 0.7662760416666666 0.58837890625 0.06673177083333333 0.047332763671875