5 0.38378968253968254 0.5463864087301588 0.060138888888888895 0.07318204365079364
5 0.5478505291005291 0.6611334325396826 0.11124669312169314 0.038117559523809526
5 0.6048181216931217 0.5961904761904763 0.10294642857142858 0.03277529761904762
2 0.312989417989418 0.46411210317460316 0.059123677248677245 0.05081101190476191
0 0.32991402116402113 0.5512698412698412 0.041749338624338626 0.07489087301587301
5 0.6331382275132275 0.7036135912698412 0.10929232804232804 0.04083333333333333
0 0.3886706349206349 0.49585069444444446 0.10506283068783068 0.04370039682539682
5 0.8444014550264549 0.45068452380952384 0.09968915343915344 0.03417906746031746
3 0.46712301587301586 0.5419915674603174 0.059123677248677245 0.06323164682539682
5 0.7929695767195767 0.5112301587301588 0.09513227513227514 0.02964781746031746
5 0.7395833333333334 0.5703125 0.09773809523809524 0.035828373015873015
5 0.6572255291005291 0.5336904761904763 0.10042328042328043 0.035002480158730157
5 0.6881514550264549 0.6381845238095237 0.10115410052910052 0.03656001984126984
3 0.2779960317460317 0.3850099206349206 0.08158399470899472 0.03198164682539682
5 0.7141931216931217 0.4760739087301587 0.09700396825396825 0.029479166666666667
4 0.046296296296296294 0.6518675595238095 0.09259259259259259 0.04877728174603174
4 0.06117724867724868 0.703125 0.10251322751322751 0.052083333333333336
4 0.5583101851851852 0.5427405753968254 0.06723875661375661 0.060349702380952386
4 0.22982804232804233 0.5927579365079365 0.0958994708994709 0.046297123015873014
4 0.25352843915343914 0.6402951388888889 0.0992063492063492 0.04546875
4 0.27887896825396824 0.6936185515873016 0.10141203703703704 0.0496031746031746
4 0.29927248677248675 0.7452876984126984 0.10471891534391535 0.053737599206349206
4 0.08322420634920634 0.7535540674603174 0.10251322751322751 0.052083333333333336
4 0.09810515873015874 0.8105977182539682 0.10802579365079365 0.05869791666666666
4 0.11794642857142858 0.8713616071428572 0.11022817460317459 0.06117807539682539
3 0.3136011904761905 0.2976190476190476 0.08046626984126984 0.02976190476190476
3 0.41887235449735455 0.30795386904761907 0.0815707671957672 0.032242063492063495
3 0.5252414021164021 0.3182862103174603 0.08046626984126984 0.033067956349206354
3 0.6266534391534392 0.37781001984126983 0.08487764550264551 0.033067956349206354
3 0.5142195767195767 0.3649975198412699 0.08487764550264551 0.032242063492063495
3 0.617285052910053 0.42038690476190477 0.08597883597883597 0.03554811507936508
3 0.5026455026455027 0.4084002976190476 0.08818452380952381 0.034722222222222224
3 0.4045403439153439 0.35466269841269843 0.08377314814814815 0.034722222222222224
3 0.3913128306878307 0.39517113095238093 0.08597883597883597 0.034722222222222224
3 0.2976190476190476 0.3430877976190476 0.08377314814814815 0.033067956349206354
1 0.46296296296296297 0.45304315476190476 0.06393187830687831 0.02976190476190476
1 0.3874570105820106 0.6076388888888888 0.056216931216931214 0.0496031746031746