3 0.7108134920634921 0.5660962301587301 0.07771164021164022 0.04092261904761905
3 0.7473544973544973 0.6774553571428571 0.08531746031746032 0.046875
3 0.6471560846560847 0.6390128968253969 0.0787037037037037 0.04241071428571429
4 0.20337301587301587 0.7991071428571429 0.09986772486772487 0.04712301587301587
3 0.8571428571428571 0.7198660714285714 0.09656084656084656 0.05084325396825397
4 0.2056878306878307 0.8479662698412699 0.10383597883597884 0.049107142857142856
4 0.3654100529100529 0.7736855158730159 0.09656084656084656 0.04290674603174603
4 0.3490410052910053 0.6870039682539683 0.09093915343915344 0.042162698412698416
4 0.19990079365079366 0.7542162698412699 0.09556878306878307 0.042162698412698416
4 0.357473544973545 0.7281746031746031 0.09457671957671958 0.044642857142857144
4 0.19874338624338625 0.7146577380952381 0.09457671957671958 0.03943452380952381
4 0.2025462962962963 0.8993055555555556 0.10085978835978836 0.05109126984126984
4 0.5545634920634921 0.8330853174603174 0.041666666666666664 0.07242063492063493
3 0.9088541666666666 0.63427734375 0.08699544270833333 0.044281005859375
4 0.61328125 0.75146484375 0.06103515625 0.06268310546875
3 0.8053385416666666 0.60009765625 0.079833984375 0.042327880859375
3 0.681640625 0.73486328125 0.08390299479166667 0.033203125
3 0.677734375 0.603515625 0.07470703125 0.040618896484375
3 0.7766927083333334 0.6396484375 0.0806884765625 0.042388916015625
3 0.6214192708333334 0.5341796875 0.0687255859375 0.03594970703125
3 0.8828125 0.67626953125 0.08878580729166667 0.04559326171875
3 0.5826822916666666 0.67333984375 0.0791015625 0.033599853515625