3 0.6337896825396825 0.5263665674603174 0.05167658730158731 0.06268353174603175
3 0.6107275132275132 0.6993700396825397 0.0838425925925926 0.038489583333333334
3 0.7415376984126983 0.40991319444444446 0.05631613756613757 0.06222470238095238
2 0.41829365079365083 0.7314459325396826 0.07279431216931216 0.04162698412698413
0 0.4638657407407408 0.8486334325396826 0.0730787037037037 0.07720982142857143
4 0.5247387566137566 0.7167981150793651 0.08056547619047619 0.038908730158730157
4 0.16894510582010583 0.5356448412698412 0.07185846560846561 0.060302579365079365
5 0.25732473544973544 0.46240327380952384 0.05814484126984128 0.06964037698412699
3 0.7819014550264549 0.49096726190476186 0.05761574074074074 0.06451388888888888
3 0.8255224867724869 0.5756845238095237 0.06034391534391534 0.06622271825396825
3 0.7486970899470899 0.5942385912698412 0.05989748677248677 0.06707837301587301
4 0.12272156084656086 0.6621106150793651 0.0851223544973545 0.07055555555555557
4 0.17285052910052912 0.6879885912698412 0.08585648148148148 0.07134920634920636
3 0.6653637566137566 0.4301760912698413 0.05293650793650794 0.06231646825396825
5 0.20491402116402116 0.3833010912698413 0.06298941798941798 0.06829861111111112
3 0.6744808201058201 0.61328125 0.05395502645502646 0.0659796626984127
3 0.7180985449735451 0.6997073412698412 0.05708664021164021 0.06890873015873016
3 0.5953769841269841 0.44775297619047616 0.05012896825396825 0.06130952380952381
4 0.2763657407407408 0.7436532738095237 0.08699404761904762 0.07684275793650794
5 0.4638657407407408 0.45703125 0.05924603174603175 0.06646825396825397
4 0.3209623015873016 0.6098635912698412 0.07820767195767196 0.06854166666666667
4 0.06966269841269841 0.6352529761904763 0.08463624338624338 0.06744295634920636
4 0.22298280423280423 0.7128918650793651 0.08764550264550265 0.07287698412698412
1 0.3951818783068783 0.7705084325396826 0.06465608465608466 0.03396577380952381
3 0.7063789682539683 0.51171875 0.057291666666666664 0.06311011904761905
4 0.21875 0.5615228174603174 0.07678240740740741 0.06524553571428571
5 0.43522156084656083 0.5180654761904763 0.06734126984126984 0.07574404761904761
5 0.34602843915343917 0.49096726190476186 0.06034391534391534 0.06854166666666667
5 0.37760582010582017 0.43457093253968254 0.05794312169312169 0.06964037698412699
5 0.17073412698412696 0.4375 0.057374338624338626 0.06549107142857143
5 0.29378306878306876 0.4082043650793651 0.0586739417989418 0.07122767857142857
0 0.3160813492063492 0.8549801587301588 0.11718915343915344 0.05319196428571429
5 0.5188789682539682 0.5405282738095237 0.05924603174603175 0.07043402777777778
4 0.27132275132275135 0.5859375 0.07568452380952381 0.06658978174603175
5 0.6663425925925925 0.7885739087301588 0.08845899470899471 0.05441220238095238
3 0.7903637566137566 0.6806646825396826 0.06311177248677248 0.06939732142857143
1 0.5384126984126985 0.6499032738095237 0.057820767195767196 0.02893105158730159