3 0.6116536458333334 0.59765625 0.054361979166666664 0.054595947265625
3 0.4983723958333333 0.55224609375 0.053955078125 0.05291748046875
3 0.4599609375 0.8134765625 0.058675130208333336 0.0638427734375
3 0.5550130208333334 0.5751953125 0.054036458333333336 0.05419921875
3 0.3430989583333333 0.7578125 0.057088216145833336 0.05975341796875
3 0.4033203125 0.78515625 0.058146158854166664 0.06097412109375
3 0.3955078125 0.685546875 0.055908203125 0.056976318359375
3 0.5110677083333334 0.73876953125 0.053548177083333336 0.058990478515625
3 0.5628255208333334 0.66796875 0.0545654296875 0.0560302734375
3 0.5042317708333334 0.64208984375 0.0552978515625 0.055938720703125
4 0.3522135416666667 0.59716796875 0.0684814453125 0.039947509765625
4 0.21305338541666666 0.58056640625 0.07694498697916667 0.040771484375
3 0.4488932291666667 0.6181640625 0.057373046875 0.056854248046875
3 0.4557291666666667 0.7119140625 0.057942708333333336 0.05792236328125
4 0.3763020833333333 0.5625 0.07413736979166667 0.04376220703125
5 0.4632161458333333 0.428955078125 0.043538411458333336 0.057586669921875
5 0.5953776041666666 0.484619140625 0.047932942708333336 0.061431884765625
4 0.4088541666666667 0.5263671875 0.070556640625 0.0394287109375
5 0.5270182291666666 0.455810546875 0.043863932291666664 0.060516357421875
5 0.3955078125 0.403076171875 0.04058837890625 0.060211181640625
5 0.431640625 0.364990234375 0.0396728515625 0.061187744140625
4 0.2766927083333333 0.51318359375 0.07185872395833333 0.04107666015625
5 0.564453125 0.413818359375 0.044026692708333336 0.06231689453125
5 0.3717447916666667 0.33642578125 0.040751139322916664 0.060302734375
2 0.7395833333333334 0.568359375 0.0594482421875 0.042327880859375
4 0.32275390625 0.62841796875 0.0745849609375 0.044281005859375
4 0.24739583333333334 0.54541015625 0.0806884765625 0.045867919921875
5 0.4970703125 0.39013671875 0.042317708333333336 0.0592041015625
5 0.6315104166666666 0.43798828125 0.045206705729166664 0.057281494140625
1 0.689453125 0.6474609375 0.052083333333333336 0.02685546875
4 0.4358723958333333 0.49609375 0.0791015625 0.0472412109375
1 0.7057291666666666 0.60302734375 0.0528564453125 0.0268096923828125
5 0.3336588541666667 0.37451171875 0.042073567708333336 0.060211181640625
4 0.3035481770833333 0.477783203125 0.08943684895833333 0.042816162109375
0 0.7779947916666666 0.5283203125 0.07080078125 0.050048828125
0 0.728515625 0.49658203125 0.070556640625 0.05291748046875
4 0.3193359375 0.45068359375 0.07499186197916667 0.0413818359375