0 0.3883463541666667 0.32177734375 0.09236653645833333 0.0633544921875
3 0.671875 0.375732421875 0.08561197916666667 0.046630859375
5 0.744140625 0.5224609375 0.102783203125 0.04217529296875
2 0.5543619791666666 0.302490234375 0.07499186197916667 0.0287017822265625
3 0.4287109375 0.393310546875 0.09122721354166667 0.047515869140625
3 0.7805989583333334 0.3408203125 0.08479817708333333 0.0455322265625
3 0.8196614583333334 0.390380859375 0.09073893229166667 0.04681396484375
3 0.7057291666666666 0.426025390625 0.08732096354166667 0.0469970703125
3 0.5361328125 0.361572265625 0.08992513020833333 0.04681396484375
3 0.4554036458333333 0.44580078125 0.089111328125 0.046478271484375
4 0.17138671875 0.62060546875 0.11002604166666667 0.0548095703125
5 0.78515625 0.58251953125 0.11043294270833333 0.045684814453125
3 0.4860026041666667 0.496826171875 0.09041341145833333 0.0460205078125
5 0.8834635416666666 0.5478515625 0.11328125 0.047882080078125
3 0.56640625 0.4130859375 0.08992513020833333 0.046112060546875
4 0.18766276041666666 0.6708984375 0.113037109375 0.05059814453125
4 0.13761393229166666 0.52587890625 0.10734049479166667 0.049224853515625
4 0.3191731770833333 0.53173828125 0.10506184895833333 0.05145263671875
3 0.7454427083333334 0.294189453125 0.08447265625 0.044525146484375
5 0.5973307291666666 0.64990234375 0.11043294270833333 0.046295166015625
4 0.3391927083333333 0.57763671875 0.10408528645833333 0.0526123046875
3 0.5973307291666666 0.460693359375 0.08927408854166667 0.04779052734375
3 0.640625 0.328857421875 0.087158203125 0.04638671875
1 0.6028645833333334 0.260498046875 0.062052408854166664 0.03216552734375
4 0.15380859375 0.57275390625 0.10888671875 0.05242919921875
5 0.6946614583333334 0.61474609375 0.103515625 0.045684814453125
4 0.11735026041666667 0.483642578125 0.10319010416666667 0.0469970703125
5 0.9348958333333334 0.453125 0.11409505208333333 0.041839599609375
4 0.2985026041666667 0.485107421875 0.101318359375 0.050811767578125
0 0.43359375 0.27734375 0.08601888020833333 0.056121826171875
1 0.6009114583333334 0.21533203125 0.059244791666666664 0.03277587890625
4 0.279296875 0.438720703125 0.09879557291666667 0.0455322265625
5 0.837890625 0.486328125 0.10791015625 0.042236328125
4 0.3616536458333333 0.62548828125 0.10677083333333333 0.05511474609375
5 0.5559895833333334 0.58642578125 0.11368815104166667 0.051666259765625
5 0.6487630208333334 0.55078125 0.09952799479166667 0.042877197265625
5 0.9584757486979166 0.5126953125 0.08304850260416667 0.048309326171875