3 0.2101521164021164 0.5435267857142857 0.08432539682539683 0.04439484126984127
3 0.24057539682539683 0.5923859126984127 0.08366402116402116 0.044890873015873016
3 0.30968915343915343 0.5088045634920635 0.08167989417989419 0.04290674603174603
3 0.2662037037037037 0.6418650793650794 0.08333333333333333 0.04513888888888889
3 0.3414351851851852 0.5580357142857143 0.08432539682539683 0.044642857142857144
3 0.4675925925925926 0.5710565476190477 0.08134920634920635 0.04290674603174603
3 0.3680555555555556 0.6066468253968254 0.08267195767195767 0.0441468253968254
0 0.5150462962962963 0.7220982142857143 0.049933862433862435 0.07663690476190477
3 0.44047619047619047 0.5224454365079365 0.08333333333333333 0.04290674603174603
3 0.4097222222222222 0.4742063492063492 0.07936507936507936 0.044642857142857144
3 0.5676256613756614 0.5357142857142857 0.08035714285714286 0.042162698412698416
4 0.7476851851851852 0.5670882936507936 0.09060846560846561 0.047371031746031744
2 0.5691137566137566 0.6304563492063492 0.07142857142857142 0.03670634920634921
4 0.8151455026455027 0.39806547619047616 0.09259259259259259 0.0496031746031746
3 0.5076058201058201 0.4392361111111111 0.07804232804232804 0.044642857142857144
3 0.5380291005291006 0.48747519841269843 0.082010582010582 0.04241071428571429
0 0.5871362433862434 0.7084573412698413 0.05125661375661376 0.07663690476190477
4 0.6974206349206349 0.4835069444444444 0.08597883597883597 0.046378968253968256
1 0.38095238095238093 0.6706349206349206 0.052248677248677246 0.030257936507936508
4 0.8933531746031746 0.5212053571428571 0.09623015873015874 0.04935515873015873
5 0.4652777777777778 0.3030753968253968 0.08862433862433862 0.04365079365079365
5 0.23726851851851852 0.4303075396825397 0.09093915343915344 0.0441468253968254
5 0.48991402116402116 0.35813492063492064 0.08564814814814815 0.044642857142857144
5 0.21246693121693122 0.373015873015873 0.08498677248677249 0.04513888888888889
5 0.14914021164021163 0.45002480158730157 0.09126984126984126 0.04439484126984127
5 0.322255291005291 0.40587797619047616 0.08697089947089948 0.04389880952380952
4 0.7228835978835979 0.5255456349206349 0.09060846560846561 0.04563492063492063
5 0.12632275132275134 0.39620535714285715 0.08928571428571429 0.04439484126984127
4 0.6498015873015873 0.40240575396825395 0.08928571428571429 0.046875
1 0.33895502645502645 0.7111855158730159 0.05357142857142857 0.029017857142857144
5 0.38227513227513227 0.32663690476190477 0.08796296296296297 0.043154761904761904
5 0.4060846560846561 0.38231646825396826 0.08664021164021164 0.046875
5 0.2984457671957672 0.3523065476190476 0.08564814814814815 0.041914682539682536
4 0.6770833333333334 0.44642857142857145 0.08432539682539683 0.03968253968253968
4 0.8002645502645502 0.35652281746031744 0.08267195767195767 0.043402777777777776
4 0.8407738095238095 0.43898809523809523 0.08763227513227513 0.042162698412698416
4 0.8754960317460317 0.4792906746031746 0.08432539682539683 0.04092261904761905