3 0.4059259259259259 0.45043898809523814 0.05969246031746032 0.07226686507936508
3 0.4921891534391535 0.43481398809523814 0.060138888888888895 0.07122767857142857
3 0.5738921957671957 0.41650297619047616 0.059570105820105815 0.07080109126984127
3 0.43359457671957674 0.5449231150793651 0.06278439153439154 0.07629464285714285
3 0.37727843915343917 0.36303819444444446 0.05416005291005291 0.0659796626984127
3 0.46028769841269845 0.34912202380952384 0.05664021164021164 0.0680530753968254
3 0.5074867724867725 0.2517088293650794 0.05423941798941799 0.06524553571428571
3 0.5377612433862434 0.33276289682539684 0.055704365079365076 0.07043402777777778
3 0.5244146825396825 0.5288095238095237 0.06673280423280424 0.07965029761904761
5 0.7460945767195767 0.41088789682539684 0.05891865079365079 0.08660962301587301
3 0.43131613756613757 0.26953125 0.05285714285714286 0.0637202380952381
5 0.8320304232804233 0.3728025793650794 0.06404761904761905 0.08789186507936508
0 0.6894543650793651 0.6298834325396826 0.09090277777777778 0.08209325396825397
5 0.703125 0.24560515873015873 0.057291666666666664 0.07946676587301588
5 0.6953141534391535 0.5434573412698412 0.09790013227513228 0.07653769841269842
4 0.7057308201058201 0.5058606150793651 0.08683201058201058 0.06781001984126984
3 0.6136078042328043 0.5102529761904763 0.06734126984126984 0.07891865079365079
5 0.9042956349206349 0.43652281746031746 0.06071097883597884 0.08831845238095239
2 0.5403637566137566 0.6645510912698412 0.07401455026455027 0.06536954365079364
1 0.5891931216931217 0.7290029761904763 0.059570105820105815 0.06188988095238095
5 0.8912764550264549 0.5512698412698412 0.061726190476190476 0.09136904761904761
5 0.6816402116402117 0.34765625 0.06266203703703704 0.08648561507936507
5 0.8151058201058201 0.4782713293650794 0.06697751322751322 0.09057539682539682
0 0.6637367724867725 0.7817385912698412 0.1514484126984127 0.058439980158730157
4 0.11067791005291006 0.58203125 0.11368716931216932 0.052428075396825397
3 0.7467460317460317 0.6323239087301588 0.08447420634920634 0.0703125
5 0.6214186507936508 0.2807614087301587 0.0637202380952381 0.08587549603174603
4 0.2936210317460317 0.5991220238095237 0.11653769841269843 0.057373511904761906
4 0.28515542328042326 0.5449231150793651 0.11368716931216932 0.05572420634920635
4 0.10375992063492064 0.5297842261904763 0.1120601851851852 0.05154513888888889
5 0.7604166666666666 0.3107911706349206 0.07055555555555557 0.09484871031746032
4 0.26285714285714284 0.44628968253968254 0.10969907407407407 0.051453373015873015
1 0.6194675925925925 0.6728521825396826 0.05631613756613757 0.04699652777777778
4 0.11677910052910052 0.6347668650793651 0.11165343915343914 0.05108630952380952
4 0.09578373015873015 0.47949156746031746 0.1057936507936508 0.05023313492063492
4 0.2447089947089947 0.3931051587301587 0.09259259259259259 0.042162698412698416
4 0.2722982804232804 0.49585069444444446 0.10929232804232804 0.04840029761904762