3 0.7135416666666666 0.5473635912698412 0.04231812169312169 0.053802083333333334
3 0.8411474867724869 0.5219717261904763 0.04703703703703704 0.054595734126984125
3 0.7454431216931217 0.46582093253968254 0.04614417989417989 0.05185019841269841
3 0.7441402116402117 0.6201165674603174 0.04488095238095238 0.054595734126984125
3 0.8098974867724869 0.45165922619047616 0.046875 0.051941964285714286
3 0.7753902116402117 0.6953125 0.04512566137566138 0.05920386904761905
3 0.8730456349206349 0.5942385912698412 0.048379629629629634 0.05624503968253968
0 0.42936177248677254 0.8110342261904763 0.09912037037037037 0.039642857142857146
2 0.5211574074074075 0.7119146825396826 0.06551256613756615 0.03533978174603175
3 0.6835945767195767 0.47802827380952384 0.041054894179894184 0.05099454365079365
3 0.8385416666666666 0.6831051587301588 0.05147156084656085 0.05920386904761905
3 0.8072916666666666 0.6083978174603174 0.047648809523809524 0.055602678571428574
5 0.5693353174603175 0.48022569444444446 0.05416005291005291 0.05996775793650794
4 0.35872354497354497 0.69140625 0.06835978835978836 0.05749503968253968
0 0.5550132275132275 0.8115228174603174 0.06835978835978836 0.06427083333333333
4 0.31559193121693124 0.6660168650793651 0.06925595238095238 0.05996775793650794
5 0.6171891534391535 0.5546875 0.05476851851851852 0.0629265873015873
3 0.7747387566137566 0.5361334325396826 0.047648809523809524 0.05331349206349206
4 0.27327380952380953 0.6420907738095237 0.06925595238095238 0.059754464285714286
4 0.4010416666666667 0.7158209325396826 0.07055555555555557 0.06118799603174603
1 0.5003240740740741 0.7421875 0.05485119047619048 0.02790922619047619
4 0.3177083333333333 0.5375967261904763 0.06229497354497354 0.047514880952380954
5 0.4684259259259259 0.5053720238095238 0.05175925925925926 0.06109623015873016
4 0.6103505291005291 0.703125 0.06848214285714285 0.030379464285714284
4 0.4423842592592592 0.60546875 0.06490079365079365 0.05419890873015873
4 0.35807208994708994 0.5571279761904763 0.06298941798941798 0.05108630952380952
5 0.4996759259259259 0.45825148809523814 0.04756613756613757 0.05966269841269841
5 0.39648478835978834 0.47900297619047616 0.05053571428571428 0.060761408730158735
5 0.7311210317460317 0.76953125 0.07609126984126983 0.04400545634920635
5 0.4264318783068783 0.4340823412698413 0.05485119047619048 0.06304811507936509
5 0.5413425925925925 0.5292981150793651 0.05196097883597883 0.06268353174603175
5 0.35644510582010586 0.4084474206349206 0.055380291005291 0.05996775793650794
1 0.625651455026455 0.6469717261904763 0.047119708994709 0.023955853174603175
3 0.6831911375661375 0.6921180555555555 0.07226521164021164 0.03294146825396825
4 0.40039021164021166 0.58203125 0.06404761904761905 0.05059771825396825
4 0.22998015873015873 0.6196279761904763 0.06721891534391534 0.051666666666666666
5 0.326984126984127 0.45556547619047616 0.0526521164021164 0.05911210317460318