2 0.5542328042328042 0.7462797619047619 0.07936507936507936 0.036210317460317464
4 0.8020833333333334 0.5892857142857143 0.050595238095238096 0.052083333333333336
4 0.7585978835978836 0.6716269841269841 0.05423280423280423 0.05505952380952381
1 0.8050595238095238 0.9125744047619048 0.07242063492063493 0.05282738095238095
4 0.6498015873015873 0.5354662698412699 0.04894179894179894 0.04662698412698413
4 0.6946097883597884 0.5555555555555556 0.05787037037037037 0.05109126984126984
4 0.749834656084656 0.5732886904761905 0.05257936507936508 0.05133928571428571
5 0.8607804232804233 0.8080357142857143 0.08664021164021164 0.0679563492063492
5 0.42162698412698413 0.5311259920634921 0.06415343915343916 0.0642361111111111
4 0.8206018518518519 0.6888640873015873 0.04861111111111111 0.054811507936507936
5 0.41451719576719576 0.6515376984126984 0.06646825396825397 0.07192460317460317
0 0.6496362433862434 0.8850446428571429 0.09953703703703703 0.0920138888888889
4 0.6423611111111112 0.6279761904761905 0.05853174603174603 0.05555555555555555
0 0.7619047619047619 0.7310267857142857 0.10052910052910052 0.05580357142857143
5 0.49007936507936506 0.6314484126984127 0.057539682539682536 0.06746031746031746
5 0.35383597883597884 0.5426587301587301 0.06613756613756613 0.05853174603174603
4 0.8559854497354498 0.603546626984127 0.049933862433862435 0.05133928571428571
3 0.5201719576719577 0.822296626984127 0.08068783068783068 0.06919642857142858
5 0.4459325396825397 0.7126736111111112 0.054563492063492064 0.06969246031746032
4 0.697255291005291 0.6502976190476191 0.054563492063492064 0.05704365079365079
4 0.6585648148148148 0.791046626984127 0.0916005291005291 0.037450396825396824
3 0.2501627604166667 0.60546875 0.058268229166666664 0.0517578125
5 0.4527994791666667 0.5791015625 0.0634765625 0.06646728515625
5 0.3818359375 0.5966796875 0.068115234375 0.06524658203125
5 0.3304036458333333 0.495361328125 0.060465494791666664 0.05419921875
3 0.3019205729166667 0.6669921875 0.062052408854166664 0.057708740234375
5 0.3932291666666667 0.484130859375 0.053955078125 0.053314208984375
3 0.22916666666666666 0.69677734375 0.063232421875 0.060089111328125
3 0.18017578125 0.630859375 0.057698567708333336 0.0552978515625
3 0.20393880208333334 0.7998046875 0.0682373046875 0.0709228515625
3 0.15299479166666666 0.72119140625 0.0628662109375 0.06304931640625
1 0.6624779541446207 0.696924603174603 0.044091710758377325 0.03968253968253968
3 0.2833658854166667 0.76904296875 0.06978352864583333 0.06695556640625
3 0.3616536458333333 0.73681640625 0.0704345703125 0.064208984375
3 0.10774739583333333 0.65234375 0.057942708333333336 0.056854248046875
3 0.13761393229166666 0.5732421875 0.0533447265625 0.050140380859375
3 0.20475260416666666 0.55224609375 0.054239908854166664 0.04803466796875