3 0.24090608465608465 0.636656746031746 0.06117724867724868 0.06547619047619048
3 0.16832010582010581 0.6610863095238095 0.06283068783068783 0.06820436507936507
3 0.28687169312169314 0.7182539682539683 0.06316137566137567 0.06994047619047619
3 0.21164021164021163 0.7455357142857143 0.062169312169312166 0.07242063492063493
3 0.09060846560846561 0.5048363095238095 0.05886243386243386 0.06125992063492063
3 0.1284722222222222 0.5806051587301587 0.060515873015873016 0.06448412698412699
3 0.31101190476190477 0.6109871031746031 0.05919312169312169 0.06324404761904762
3 0.19890873015873015 0.5582837301587301 0.05853174603174603 0.0625
5 0.6620370370370371 0.34672619047619047 0.06018518518518518 0.07093253968253968
3 0.3568121693121693 0.6935763888888888 0.062169312169312166 0.06870039682539683
3 0.26785714285714285 0.5342261904761905 0.05886243386243386 0.06101190476190476
3 0.22569444444444445 0.4599454365079365 0.05654761904761905 0.05828373015873016
3 0.15790343915343916 0.484375 0.05588624338624339 0.05952380952380952
5 0.7544642857142857 0.4541170634920635 0.054563492063492064 0.07291666666666667
0 0.6314484126984127 0.6821676587301587 0.06382275132275132 0.07663690476190477
0 0.7023809523809523 0.6617063492063492 0.06613756613756613 0.0744047619047619
1 0.4834656084656085 0.7755456349206349 0.056878306878306875 0.039186507936507936
5 0.6208664021164021 0.2900545634920635 0.05654761904761905 0.07068452380952381
5 0.6825396825396826 0.4852430555555556 0.057539682539682536 0.07366071428571429
5 0.7316468253968254 0.5441468253968254 0.05853174603174603 0.07936507936507936
5 0.5930886243386243 0.3696676587301587 0.05787037037037037 0.07118055555555555
5 0.5552248677248677 0.3108878968253968 0.05423280423280423 0.06969246031746032
4 0.361276455026455 0.4673859126984127 0.09623015873015874 0.05133928571428571
2 0.765542328042328 0.6438492063492064 0.041005291005291 0.056051587301587304
5 0.7058531746031746 0.40054563492063494 0.054563492063492064 0.07093253968253968
4 0.5735780423280423 0.5441468253968254 0.09292328042328042 0.04811507936507937
5 0.8032407407407407 0.5126488095238095 0.05886243386243386 0.07390873015873016
4 0.42956349206349204 0.5911458333333334 0.08994708994708994 0.05084325396825397
1 0.5289351851851852 0.7300347222222222 0.05853174603174603 0.036458333333333336
4 0.5264550264550265 0.466765873015873 0.09193121693121693 0.04811507936507937
5 0.6372354497354498 0.4262152777777778 0.05489417989417989 0.0716765873015873
4 0.3818359375 0.509765625 0.0849609375 0.04638671875
4 0.4052734375 0.546875 0.09285481770833333 0.053009033203125
4 0.4996744791666667 0.426513671875 0.08028157552083333 0.0439453125
4 0.4537760416666667 0.634765625 0.08943684895833333 0.050506591796875
4 0.5533854166666666 0.50927734375 0.089599609375 0.047332763671875
4 0.6012369791666666 0.5859375 0.08463541666666667 0.04376220703125