4 0.45287698412698413 0.6734871031746031 0.11871693121693122 0.06671626984126984
4 0.38492063492063494 0.5760168650793651 0.10582010582010581 0.060267857142857144
4 0.3048941798941799 0.8661954365079365 0.12896825396825398 0.08258928571428571
3 0.6965939153439153 0.6186755952380952 0.09689153439153439 0.06374007936507936
3 0.6003637566137566 0.5394345238095238 0.07175925925925926 0.060515873015873016
4 0.2501653439153439 0.7442956349206349 0.13260582010582012 0.0744047619047619
4 0.1931216931216931 0.6418650793650794 0.12301587301587301 0.06349206349206349
4 0.6084656084656085 0.5992063492063492 0.08002645502645503 0.06597222222222222
4 0.21940145502645503 0.6928720238095237 0.11970899470899471 0.07122767857142857
4 0.282390873015873 0.8061532738095237 0.13452050264550267 0.08135912698412699
4 0.42122354497354497 0.6220709325396826 0.10791005291005291 0.06451388888888888
4 0.7161474867724869 0.6938467261904763 0.10831679894179895 0.05932539682539682