3 0.38476521164021166 0.4201661706349206 0.07552248677248677 0.07739335317460318
3 0.27246031746031746 0.6113293650793651 0.07722883597883598 0.07653769841269842
3 0.21289021164021163 0.36059523809523814 0.07853174603174602 0.07946676587301588
3 0.18635912698412696 0.5844717261904763 0.07967261904761905 0.0784920634920635
3 0.33089285714285716 0.5146478174603174 0.07763558201058202 0.07751488095238096
3 0.2989914021164021 0.38989335317460316 0.07678240740740741 0.07824652777777778
4 0.6630853174603175 0.8627926587301588 0.10261904761904762 0.06176835317460318
4 0.6230456349206349 0.7744146825396826 0.10693452380952381 0.06256200396825397
3 0.15299603174603174 0.45971726190476186 0.07893849206349207 0.08050595238095239
4 0.45442791005291006 0.8276364087301588 0.10465608465608466 0.06561259920634921
3 0.21582010582010583 0.7060540674603174 0.07938492063492064 0.07763640873015873
4 0.43587301587301586 0.7895510912698412 0.09171626984126985 0.04840029761904762
4 0.5048842592592593 0.9267584325396826 0.09667989417989419 0.05718998015873016
3 0.24267526455026456 0.48754960317460316 0.07967261904761905 0.07836805555555557
4 0.6393220899470899 0.8178720238095237 0.10375992063492064 0.06097470238095238
4 0.6048181216931217 0.7309573412698412 0.09342592592592593 0.04147321428571429
3 0.12915013227513228 0.6806646825396826 0.08308862433862434 0.07904017857142857
4 0.6868485449735451 0.9160168650793651 0.08585648148148148 0.048125
3 0.038766534391534394 0.65625 0.07753637566137567 0.08105406746031746
4 0.48046957671957674 0.8730481150793651 0.10335317460317461 0.06311011904761905
1 0.5677083333333334 0.3811036706349206 0.06673280423280424 0.03704861111111111
2 0.6663425925925925 0.6069345238095237 0.05305886243386243 0.0606374007936508
5 0.7864583333333334 0.62109375 0.08040343915343914 0.07501240079365079
5 0.8098974867724869 0.37011656746031746 0.07348544973544974 0.0719593253968254
5 0.8274735449735451 0.45190476190476186 0.0841468253968254 0.07397569444444443
5 0.7675793650793651 0.5405282738095237 0.07625330687830688 0.0758655753968254
1 0.5224603174603175 0.43237351190476186 0.0628670634920635 0.038390376984126985
5 0.8717460317460317 0.6000967261904763 0.07865410052910053 0.07318204365079364
5 0.8932308201058201 0.6752926587301588 0.07820767195767196 0.07397569444444443
5 0.8085945767195767 0.6943353174603174 0.07881613756613756 0.07720982142857143
3 0.09358796296296296 0.5571279761904763 0.08569444444444443 0.08270337301587301
5 0.7421891534391535 0.46630952380952384 0.0730787037037037 0.07159474206349206
0 0.1632473544973545 0.9174801587301588 0.13883597883597884 0.053008432539682536
0 0.17757275132275133 0.8500967261904763 0.13883597883597884 0.0528249007936508
5 0.7265641534391535 0.38574156746031746 0.07527777777777778 0.07739335317460318
4 0.5211574074074075 0.9697271825396826 0.0959457671957672 0.05340525793650794
5 0.8471130952380953 0.5274479166666667 0.08046626984126984 0.07771081349206349