3 0.16235449735449733 0.47289930555555554 0.0586739417989418 0.08331349206349206
4 0.5400396825396825 0.23840277777777777 0.06392526455026455 0.09484871031746032
4 0.6152347883597884 0.2425545634920635 0.06539021164021164 0.09368799603174603
2 0.7128902116402117 0.5278323412698412 0.0694973544973545 0.06118799603174603
3 0.25992724867724865 0.4809573412698413 0.057820767195767196 0.08123759920634921
0 0.7096362433862434 0.6318353174603174 0.11759589947089948 0.04394593253968254
4 0.5341798941798942 0.3901364087301587 0.062417328042328045 0.09088045634920636
3 0.21744708994708992 0.8081051587301588 0.056845238095238095 0.08312996031746032
4 0.6855456349206349 0.39355406746031746 0.0628670634920635 0.08898809523809524
5 0.7727876984126983 0.4863293650793651 0.10693452380952381 0.05911210317460318
5 0.6285813492063492 0.7802728174603174 0.10131944444444443 0.07409722222222222
4 0.46028769841269845 0.38915922619047616 0.06266203703703704 0.09075892857142857
5 0.5117195767195767 0.7875967261904763 0.11970899470899471 0.08569444444444443
4 0.6914054232804233 0.24511656746031746 0.06587632275132276 0.09155257936507936
3 0.039976851851851854 0.5825198412698412 0.06746362433862434 0.0881969246031746
4 0.6113293650793651 0.39209077380952384 0.0628670634920635 0.09008680555555557
5 0.5052083333333334 0.7114260912698412 0.11507275132275133 0.08300843253968254
4 0.4609391534391535 0.23376488095238093 0.06416666666666666 0.09619047619047619
5 0.625651455026455 0.7055654761904763 0.1048181216931217 0.0686656746031746
3 0.24739748677248677 0.5903323412698412 0.06465608465608466 0.08599950396825397
3 0.13354497354497355 0.6958010912698412 0.06416666666666666 0.0863045634920635
3 0.11970899470899471 0.8061532738095237 0.062417328042328045 0.08599950396825397
5 0.8515641534391535 0.6904290674603174 0.09375 0.06719990079365079
5 0.7369808201058201 0.7001959325396826 0.09912037037037037 0.06695436507936507
4 0.7617195767195767 0.39379960317460316 0.06311177248677248 0.08496031746031746
3 0.2319345238095238 0.6997073412698412 0.05969246031746032 0.08312996031746032
1 0.6064451058201058 0.6376959325396826 0.07413690476190476 0.051453373015873015
5 0.3925793650793651 0.7275396825396826 0.10506283068783068 0.0703125
4 0.5175793650793651 0.6245114087301588 0.06966269841269841 0.0746453373015873
5 0.734375 0.7675793650793651 0.09936507936507936 0.07452380952380953
3 0.4238293650793651 0.5712896825396826 0.08479828042328043 0.07171626984126984
3 0.03023148148148148 0.6948239087301588 0.06046626984126984 0.0902703373015873
5 0.8483068783068783 0.7568353174603174 0.11328042328042329 0.08343501984126984
0 0.5667328042328043 0.5454092261904763 0.08264219576719577 0.08850198412698412
3 0.023253968253968253 0.8081051587301588 0.04573412698412699 0.08978174603174603
1 0.37369708994708994 0.6284176587301588 0.07373015873015873 0.03704861111111111
3 0.14754298941798943 0.5854489087301588 0.0628670634920635 0.08343501984126984