5 0.5530588624338625 0.5957043650793651 0.06253968253968255 0.08618055555555557
0 0.5979828042328043 0.6982415674603174 0.11775793650793652 0.04296875
5 0.8561210317460317 0.6513665674603174 0.13330026455026456 0.08020089285714285
5 0.7714847883597883 0.5478521825396826 0.1276058201058201 0.07836805555555557
5 0.7252612433862434 0.8183606150793651 0.12166335978835979 0.08691468253968254
3 0.6992195767195767 0.41430555555555554 0.09968915343915344 0.04690476190476191
5 0.7578141534391535 0.6396478174603174 0.12361772486772486 0.08093253968253968
2 0.4059259259259259 0.7485342261904763 0.04866402116402116 0.06781001984126984
5 0.8287764550264549 0.8349603174603174 0.13403439153439153 0.08789186507936508
4 0.6116534391534392 0.48071180555555554 0.08666997354497354 0.050141369047619046
5 0.8444014550264549 0.7412103174603174 0.13077711640211642 0.08093253968253968
5 0.8756514550264549 0.5610342261904763 0.13354497354497355 0.07574404761904761
5 0.7408862433862434 0.7275396825396826 0.1214186507936508 0.08312996031746032
0 0.6363921957671957 0.5693353174603174 0.07173611111111111 0.0960094246031746
1 0.4267592592592592 0.6635739087301588 0.051593915343915345 0.04654017857142857
3 0.46647156084656083 0.2973635912698413 0.10099206349206348 0.051941964285714286
3 0.7286706349206349 0.35180555555555554 0.10377314814814814 0.05071924603174603
1 0.5882175925925925 0.4575198412698413 0.06978505291005291 0.03747519841269841
4 0.3090806878306878 0.6469717261904763 0.10449074074074075 0.03234871031746032
3 0.6220701058201058 0.2636731150793651 0.1043287037037037 0.05059771825396825
3 0.5657539682539682 0.38598710317460316 0.10522486772486772 0.048859126984126984
3 0.4371759259259259 0.35693452380952384 0.09985449735449735 0.04708829365079365
4 0.3100595238095238 0.5922842261904763 0.10750330687830686 0.03265376984126984
4 0.3139649470899471 0.5380853174603174 0.1071792328042328 0.03204365079365079
4 0.3040376984126984 0.7001959325396826 0.1043287037037037 0.03417906746031746
3 0.5934259259259259 0.32665922619047616 0.10449074074074075 0.05371031746031746
4 0.1259755291005291 0.6396478174603174 0.11124669312169314 0.03521825396825397
3 0.49381613756613757 0.23559523809523808 0.1043287037037037 0.05023313492063492
4 0.3157539682539683 0.48339781746031746 0.10351521164021163 0.030853174603174605
4 0.13859126984126985 0.5297842261904763 0.11002645502645504 0.03314236111111111
4 0.13500992063492062 0.5825198412698412 0.11165343915343914 0.032410714285714286
3 0.34082010582010586 0.2717286706349206 0.09985449735449735 0.05349702380952381
3 0.44694113756613757 0.5234375 0.09187830687830686 0.05718998015873016
3 0.3684887566137566 0.20959573412698412 0.10465608465608466 0.05358878968253968
4 0.12247685185185185 0.6943353174603174 0.11450066137566138 0.03521825396825397
5 0.8997387566137566 0.47143601190476186 0.1271164021164021 0.06915178571428571
3 0.7519543650793651 0.28930555555555554 0.10335317460317461 0.048583829365079365