3 0.3102213541666667 0.48876953125 0.10205078125 0.045684814453125
3 0.18408203125 0.5146484375 0.10001627604166667 0.04595947265625
3 0.3277994791666667 0.548828125 0.09969075520833333 0.045257568359375
3 0.057942708333333336 0.537109375 0.10188802083333333 0.04638671875
3 0.19775390625 0.57373046875 0.09912109375 0.04620361328125
3 0.4345703125 0.462646484375 0.09895833333333333 0.046112060546875
3 0.07027180989583333 0.59765625 0.10115559895833333 0.044586181640625
4 0.802734375 0.45361328125 0.1142578125 0.05340576171875
3 0.4143880208333333 0.40185546875 0.10074869791666667 0.045684814453125
4 0.6044921875 0.43212890625 0.10506184895833333 0.0496826171875
3 0.2900390625 0.42529296875 0.09969075520833333 0.0460205078125
4 0.767578125 0.348876953125 0.10970052083333333 0.05194091796875
3 0.4554036458333333 0.52392578125 0.09912109375 0.043701171875
3 0.0452880859375 0.4755859375 0.090087890625 0.0472412109375
4 0.6572265625 0.587890625 0.11083984375 0.047882080078125
4 0.63671875 0.537109375 0.10774739583333333 0.050994873046875
4 0.7858072916666666 0.402099609375 0.11027018229166667 0.05145263671875
4 0.8424479166666666 0.55859375 0.11800130208333333 0.0526123046875
4 0.6217447916666666 0.484375 0.10652669270833333 0.050323486328125
5 0.30810546875 0.318603515625 0.09171549479166667 0.0634765625
3 0.16324869791666666 0.45068359375 0.102783203125 0.046630859375
1 0.19580078125 0.65087890625 0.06490071614583333 0.042388916015625
1 0.13590494791666666 0.68994140625 0.06599934895833333 0.038818359375
5 0.1953125 0.2685546875 0.0966796875 0.059661865234375
4 0.8209635416666666 0.50634765625 0.116943359375 0.05340576171875
5 0.416015625 0.3017578125 0.09220377604166667 0.059661865234375
5 0.4013671875 0.2352294921875 0.09700520833333333 0.06231689453125
5 0.20751953125 0.3330078125 0.10042317708333333 0.060516357421875
5 0.30078125 0.250732421875 0.09952799479166667 0.059967041015625
5 0.10245768229166667 0.34814453125 0.09969075520833333 0.061309814453125
2 0.4303385416666667 0.634765625 0.0826416015625 0.04949951171875
0 0.4248046875 0.7275390625 0.045206705729166664 0.09234619140625
0 0.3352864583333333 0.7314453125 0.045369466145833336 0.09173583984375
4 0.5882161458333334 0.38134765625 0.10636393229166667 0.05224609375
5 0.09423828125 0.281982421875 0.11067708333333333 0.0738525390625