4 0.7441402116402117 0.48754960317460316 0.093260582010582 0.06420882936507936
3 0.5175793650793651 0.43457093253968254 0.06465608465608466 0.06939732142857143
3 0.5029298941798942 0.2561036706349206 0.059123677248677245 0.06561259920634921
3 0.43001322751322746 0.2790525793650794 0.05814484126984128 0.06109623015873016
3 0.47265542328042326 0.35522569444444446 0.06148148148148148 0.06646825396825397
3 0.43619708994708994 0.45800843253968254 0.06477843915343914 0.06982390873015873
0 0.7467460317460317 0.6113293650793651 0.10522486772486772 0.07879712301587301
3 0.8059887566137566 0.6064459325396826 0.0925297619047619 0.06854166666666667
5 0.7662764550264549 0.39135664682539684 0.05196097883597883 0.08789186507936508
3 0.39290343915343917 0.375 0.05924603174603175 0.06500248015873016
4 0.17675925925925925 0.6669915674603174 0.1120601851851852 0.056855158730158735
2 0.6074206349206349 0.6577157738095237 0.08084986772486773 0.06243799603174603
0 0.7506514550264549 0.7626959325396826 0.15193783068783068 0.0668328373015873
4 0.2740873015873016 0.41699156746031746 0.09440145502645504 0.046294642857142854
3 0.6516931216931217 0.49902281746031746 0.07389219576719576 0.07665922619047619
3 0.5471990740740741 0.33056547619047616 0.06103505291005291 0.0668328373015873
5 0.6907539682539683 0.33349702380952384 0.051593915343915345 0.08465525793650794
4 0.3139649470899471 0.5151364087301588 0.10774801587301587 0.057921626984126985
4 0.3313789682539683 0.5634771825396826 0.10693452380952381 0.058439980158730157
1 0.6650396825396825 0.7172842261904763 0.05769841269841269 0.06256200396825397
3 0.4801421957671958 0.5498040674603174 0.06913359788359788 0.07409722222222222
5 0.7460945767195767 0.5253918650793651 0.10929232804232804 0.07159474206349206
4 0.3479828042328042 0.6142584325396826 0.11108465608465609 0.06384176587301588
3 0.5677083333333334 0.5244146825396826 0.06937499999999999 0.07501240079365079
5 0.8450529100529101 0.34472718253968254 0.051269841269841264 0.08770833333333333
5 0.8470039682539683 0.45190476190476186 0.05904100529100529 0.0925297619047619
3 0.5963558201058201 0.41039930555555554 0.06599867724867725 0.07006944444444443
4 0.1601554232804233 0.6113293650793651 0.11344246031746032 0.06008928571428571
4 0.14656415343915344 0.5600595238095237 0.10831679894179895 0.058013392857142854
5 0.9375 0.5175793650793651 0.057291666666666664 0.09741319444444443
5 0.6204431216931217 0.27416914682539684 0.0507010582010582 0.08062748015873016
4 0.29378306878306876 0.46850694444444446 0.10522486772486772 0.05419890873015873
5 0.9283862433862434 0.40112351190476186 0.053141534391534385 0.09088045634920636
5 0.7662764550264549 0.28979414682539684 0.0586739417989418 0.09155257936507936
5 0.6946626984126983 0.23254464285714285 0.04581679894179894 0.08135912698412699
1 0.6861970899470899 0.6582043650793651 0.06205357142857143 0.04699652777777778
4 0.12621362433862435 0.5096726190476191 0.09369378306878307 0.04712301587301587