3 0.4879298941798942 0.39186507936507936 0.06712962962962964 0.06299603174603174
0 0.6350859788359788 0.6530257936507936 0.10681216931216932 0.053075396825396824
2 0.2919973544973545 0.8885168650793651 0.062169312169312166 0.07366071428571429
3 0.36061507936507936 0.35131448412698413 0.06448412698412699 0.06076388888888889
3 0.35168650793650796 0.4506448412698413 0.06580687830687831 0.06498015873015874
3 0.427744708994709 0.32043650793650796 0.06382275132275132 0.060515873015873016
3 0.47437169312169314 0.6072668650793651 0.07242063492063493 0.07018849206349206
3 0.42046957671957674 0.4224950396825397 0.06712962962962964 0.06473214285714286
1 0.4270833333333333 0.8757440476190477 0.04662698412698413 0.05406746031746032
3 0.4113756613756614 0.5255456349206349 0.07076719576719577 0.06597222222222222
3 0.5509259259259259 0.46564980158730157 0.07076719576719577 0.0662202380952381
3 0.5484457671957672 0.574156746031746 0.07374338624338625 0.07043650793650794
3 0.2934854497354497 0.37723214285714285 0.0625 0.06001984126984127
3 0.4828042328042328 0.49615575396825395 0.07208994708994709 0.0662202380952381
0 0.6749338624338624 0.716765873015873 0.10846560846560846 0.05505952380952381
3 0.6183862433862434 0.5426587301587301 0.07341269841269842 0.06845238095238096
1 0.5119047619047619 0.8856646825396826 0.046296296296296294 0.05555555555555555
4 0.28290343915343913 0.5837053571428571 0.105489417989418 0.057291666666666664
4 0.06630291005291006 0.5570436507936508 0.1087962962962963 0.057539682539682536
5 0.6615410052910053 0.310515873015873 0.06646825396825397 0.08035714285714286
5 0.7109788359788359 0.3742559523809524 0.06812169312169312 0.08085317460317461
4 0.22073412698412698 0.4949156746031746 0.1001984126984127 0.05282738095238095
5 0.6294642857142857 0.4026537698412698 0.06316137566137567 0.07862103174603174
4 0.12119708994708994 0.6462053571428571 0.11276455026455026 0.0597718253968254
4 0.34011243386243384 0.6753472222222222 0.10945767195767196 0.06001984126984127
4 0.1779100529100529 0.7446676587301587 0.11574074074074074 0.06076388888888889
5 0.873015873015873 0.5787450396825397 0.06084656084656084 0.0845734126984127
5 0.7587632275132276 0.4401041666666667 0.06779100529100529 0.08209325396825397
5 0.7848875661375662 0.6106150793650794 0.06580687830687831 0.08680555555555555
5 0.5836640211640212 0.33717757936507936 0.06084656084656084 0.07663690476190477
5 0.6805555555555556 0.466765873015873 0.062169312169312166 0.07738095238095238
5 0.7303240740740741 0.5367063492063492 0.06779100529100529 0.08234126984126984
5 0.8154761904761905 0.5085565476190477 0.06812169312169312 0.08556547619047619
4 0.2530924479166667 0.53857421875 0.10099283854166667 0.05572509765625
4 0.3107096354166667 0.626953125 0.10693359375 0.061309814453125
4 0.095458984375 0.603515625 0.11263020833333333 0.061187744140625
4 0.14860026041666666 0.69580078125 0.11507161458333333 0.0634765625