3 0.22021484375 0.66650390625 0.044514973958333336 0.07366943359375
3 0.3043619791666667 0.759765625 0.043619791666666664 0.077392578125
3 0.29248046875 0.481689453125 0.041605631510416664 0.06256103515625
3 0.13126627604166666 0.771484375 0.0452880859375 0.08062744140625
3 0.22184244791666666 0.765625 0.0447998046875 0.078369140625
3 0.3006184895833333 0.66015625 0.043050130208333336 0.07305908203125
0 0.4612630208333333 0.62548828125 0.0447998046875 0.09173583984375
2 0.4264322916666667 0.693359375 0.0791015625 0.033843994140625
3 0.2965494791666667 0.56884765625 0.04345703125 0.06982421875
3 0.21858723958333334 0.57373046875 0.0447998046875 0.06951904296875
0 0.5563151041666666 0.646484375 0.099365234375 0.050048828125
1 0.6116536458333334 0.5859375 0.06416829427083333 0.038177490234375
3 0.13590494791666666 0.57763671875 0.043050130208333336 0.070556640625
5 0.544921875 0.450439453125 0.06624348958333333 0.075439453125
3 0.134033203125 0.67041015625 0.0447998046875 0.07489013671875
3 0.21826171875 0.48583984375 0.043131510416666664 0.06243896484375
3 0.5048828125 0.5517578125 0.08430989583333333 0.0343017578125
5 0.6383463541666666 0.470458984375 0.073486328125 0.07421875
5 0.5709635416666666 0.3935546875 0.07267252604166667 0.07354736328125
5 0.3649088541666667 0.407470703125 0.06660970052083333 0.0728759765625
4 0.4850260416666667 0.4921875 0.06734212239583333 0.048492431640625
5 0.30419921875 0.326904296875 0.06526692708333333 0.07318115234375
4 0.7395833333333334 0.63037109375 0.09090169270833333 0.07275390625
4 0.6920572916666666 0.666015625 0.086669921875 0.073974609375
5 0.53515625 0.60986328125 0.09342447916666667 0.064208984375
5 0.6637369791666666 0.412109375 0.06978352864583333 0.07147216796875
5 0.4781901041666667 0.37255859375 0.06392415364583333 0.06939697265625
4 0.9205729166666666 0.7001953125 0.083740234375 0.06683349609375
4 0.7897135416666666 0.59765625 0.09375 0.07196044921875
1 0.3828125 0.578125 0.040364583333333336 0.04296875
4 0.8196614583333334 0.771484375 0.08085123697916667 0.06683349609375
4 0.7688802083333334 0.81005859375 0.07865397135416667 0.070556640625
5 0.4498697916666667 0.427734375 0.05859375 0.06964111328125
5 0.3938802083333333 0.3486328125 0.0565185546875 0.061431884765625
4 0.8684895833333334 0.73388671875 0.08280436197916667 0.06964111328125
4 0.6402994791666666 0.6953125 0.0736083984375 0.06732177734375
4 0.960296630859375 0.66845703125 0.07940673828125 0.07806396484375