4 0.5185546875 0.720703125 0.057088216145833336 0.06695556640625
5 0.4075520833333333 0.6572265625 0.10408528645833333 0.02947998046875
0 0.2877604166666667 0.6611328125 0.047322591145833336 0.0762939453125
1 0.5553385416666666 0.71240234375 0.043782552083333336 0.0521240234375
2 0.2530924479166667 0.5751953125 0.07820638020833333 0.030792236328125
5 0.1630859375 0.8134765625 0.0679931640625 0.09368896484375
5 0.3056640625 0.78076171875 0.070556640625 0.090087890625
0 0.4156901041666667 0.716796875 0.106201171875 0.060089111328125
3 0.7220052083333334 0.6376953125 0.06490071614583333 0.0615234375
3 0.7278645833333334 0.8779296875 0.07307942708333333 0.0775146484375
3 0.7955729166666666 0.79052734375 0.07332356770833333 0.0762939453125
3 0.72265625 0.75341796875 0.0687255859375 0.06982421875
5 0.25830078125 0.849609375 0.07307942708333333 0.0987548828125
4 0.4222005208333333 0.4375 0.052652994791666664 0.0634765625
5 0.06978352864583333 0.77783203125 0.06587727864583333 0.09332275390625
5 0.12516276041666666 0.71337890625 0.06787109375 0.0836181640625
3 0.5283203125 0.6220703125 0.08308919270833333 0.03912353515625
3 0.849609375 0.6015625 0.06514485677083333 0.05987548828125
4 0.3824869791666667 0.537109375 0.054361979166666664 0.06658935546875
3 0.5846354166666666 0.7958984375 0.07332356770833333 0.0723876953125
4 0.3113606770833333 0.42138671875 0.054646809895833336 0.0631103515625
3 0.7890625 0.67529296875 0.06612141927083333 0.0634765625
4 0.4775390625 0.4443359375 0.052083333333333336 0.0631103515625
4 0.2679036458333333 0.52197265625 0.056966145833333336 0.06658935546875
5 0.21175130208333334 0.7470703125 0.068359375 0.0880126953125
4 0.3253580729166667 0.53125 0.054443359375 0.06756591796875
3 0.9166666666666666 0.63525390625 0.06888834635416667 0.06500244140625
4 0.5009765625 0.55517578125 0.053751627604166664 0.06903076171875
5 0.4007161458333333 0.81494140625 0.07552083333333333 0.0948486328125
4 0.3678385416666667 0.42919921875 0.051472981770833336 0.0615234375
4 0.4417317708333333 0.5458984375 0.055908203125 0.06683349609375
5 0.4563802083333333 0.92822265625 0.07539876302083333 0.1077880859375
5 0.3561197916666667 0.888671875 0.07539876302083333 0.1033935546875
3 0.6549479166666666 0.83642578125 0.07320149739583333 0.07330322265625
3 0.8580729166666666 0.7099609375 0.07002766927083333 0.06890869140625
1 0.6585286458333334 0.52685546875 0.056966145833333336 0.027587890625
4 0.5341796875 0.44970703125 0.052083333333333336 0.060760498046875