3 0.13834656084656086 0.3964856150793651 0.05245039682539683 0.06304811507936509
3 0.06888888888888889 0.3962400793650794 0.05147156084656085 0.06243799603174603
3 0.08845899470899471 0.5727529761904763 0.05444444444444444 0.07092261904761904
3 0.11344246031746032 0.48339781746031746 0.05354828042328043 0.06890873015873016
4 0.39420634920634917 0.39697172619047616 0.10026124338624338 0.04895089285714286
4 0.4072255291005291 0.44067460317460316 0.09667989417989419 0.04760664682539682
4 0.608723544973545 0.5004885912698412 0.10172619047619048 0.049866071428571426
3 0.042397486772486774 0.48339781746031746 0.05497354497354498 0.06781001984126984
4 0.5742195767195767 0.41479414682539684 0.0987962962962963 0.04867559523809523
4 0.42024801587301586 0.48974702380952384 0.0987962962962963 0.048125
4 0.5895171957671957 0.45556547619047616 0.09895833333333333 0.04968253968253968
3 0.02398809523809524 0.5708010912698412 0.047404100529100525 0.07019097222222222
3 0.061279761904761906 0.6723635912698412 0.05859457671957672 0.07501240079365079
4 0.5436210317460318 0.3220213293650794 0.09562169312169314 0.048308531746031745
4 0.5579431216931217 0.3666989087301587 0.09545965608465609 0.048492063492063496
4 0.38216269841269845 0.35449156746031746 0.0975760582010582 0.04553323412698413
0 0.6972652116402117 0.6201165674603174 0.07226521164021164 0.08648561507936507
4 0.4329431216931217 0.5356448412698412 0.10221230158730157 0.05175843253968254
0 0.6136078042328043 0.6450198412698412 0.07625330687830688 0.09466517857142857
5 0.44042989417989414 0.8115228174603174 0.07108465608465608 0.09948660714285715
5 0.2908531746031746 0.5771478174603174 0.06526785714285714 0.0784920634920635
5 0.4013657407407408 0.9409176587301588 0.07967261904761905 0.1089484126984127
5 0.38899801587301586 0.7246106150793651 0.06563161375661376 0.09124751984126984
1 0.7154960317460317 0.3808606150793651 0.06551256613756615 0.03527777777777778
5 0.2096362433862434 0.6083978174603174 0.07853174603174602 0.08770833333333333
5 0.4921891534391535 0.9008779761904763 0.06502314814814815 0.0980828373015873
5 0.3076157407407408 0.7636731150793651 0.08561177248677249 0.10125744047619047
5 0.33789021164021166 0.65234375 0.06721891534391534 0.07824652777777778
1 0.6992195767195767 0.3342286706349206 0.06721891534391534 0.03173859126984127
5 0.3502612433862434 0.8500967261904763 0.08406415343915344 0.10931299603174603
5 0.2555324074074074 0.6850595238095237 0.08618055555555557 0.09283482142857143
2 0.5025925925925926 0.7040500992063492 0.06524140211640211 0.06342757936507937