4 0.32506613756613756 0.4859871031746032 0.08796296296296297 0.08209325396825397
4 0.17906746031746032 0.4332837301587302 0.08498677248677249 0.08234126984126984
4 0.06514550264550265 0.5685763888888888 0.08531746031746032 0.08159722222222222
4 0.37334656084656087 0.6793154761904762 0.0992063492063492 0.09523809523809523
5 0.6350859788359788 0.40302579365079366 0.11937830687830688 0.04017857142857143
5 0.8298611111111112 0.2136656746031746 0.11607142857142858 0.03943452380952381
5 0.572255291005291 0.3454861111111111 0.11342592592592593 0.03720238095238095
5 0.7470238095238095 0.26103670634920634 0.11507936507936507 0.03447420634920635
5 0.47668650793650796 0.38913690476190477 0.12003968253968254 0.043154761904761904
4 0.21676587301587302 0.6248759920634921 0.08895502645502645 0.09151785714285714
5 0.8101851851851852 0.3098958333333333 0.11838624338624339 0.035962301587301584
5 0.6607142857142857 0.30431547619047616 0.11772486772486772 0.03422619047619048
5 0.7296626984126984 0.3583829365079365 0.11276455026455026 0.03373015873015873
5 0.8971560846560847 0.265625 0.11904761904761904 0.03571428571428571
4 0.13955026455026456 0.597594246031746 0.08597883597883597 0.08854166666666667
3 0.7428385416666666 0.72412109375 0.0767822265625 0.093994140625
4 0.2532552083333333 0.459228515625 0.09025065104166667 0.0836181640625
4 0.3948567708333333 0.51123046875 0.08528645833333333 0.087890625
4 0.29541015625 0.6494140625 0.08390299479166667 0.0831298828125
3 0.8938802083333334 0.6435546875 0.07820638020833333 0.09039306640625
3 0.84765625 0.7529296875 0.07706705729166667 0.097900390625
3 0.5885416666666666 0.81689453125 0.0791015625 0.09930419921875
3 0.791015625 0.6142578125 0.07666015625 0.0889892578125
3 0.7024739583333334 0.5830078125 0.0709228515625 0.08465576171875
3 0.6455078125 0.69140625 0.07954915364583333 0.0948486328125
3 0.83984375 0.509765625 0.0709228515625 0.07720947265625
3 0.93359375 0.5380859375 0.07722981770833333 0.08331298828125
3 0.689453125 0.84765625 0.081298828125 0.10247802734375
3 0.7981770833333334 0.88330078125 0.088623046875 0.1070556640625