3 0.6851851851851852 0.5886656746031746 0.05555555555555555 0.06374007936507936
3 0.654265873015873 0.6716269841269841 0.05853174603174603 0.06994047619047619
3 0.7144510582010583 0.5135168650793651 0.05125661375661376 0.05927579365079365
3 0.847718253968254 0.6217757936507936 0.05720899470899471 0.06845238095238096
3 0.8682208994708994 0.5426587301587301 0.05191798941798942 0.061507936507936505
3 0.8237433862433863 0.7101934523809523 0.05886243386243386 0.07465277777777778
3 0.7632275132275133 0.6065228174603174 0.05489417989417989 0.0662202380952381
3 0.736276455026455 0.691468253968254 0.05787037037037037 0.07142857142857142
3 0.8875661375661376 0.4701140873015873 0.047619047619047616 0.056299603174603176
3 0.7886904761904762 0.5295138888888888 0.052248677248677246 0.06101190476190476
5 0.4930555555555556 0.7136656746031746 0.08002645502645503 0.07415674603174603
0 0.32258597883597884 0.6935763888888888 0.09093915343915344 0.07068452380952381
4 0.28191137566137564 0.4466765873015873 0.07175925925925926 0.040674603174603176
4 0.18898809523809523 0.5493551587301587 0.08101851851851852 0.04712301587301587
4 0.3158068783068783 0.5874255952380952 0.08531746031746032 0.047867063492063495
4 0.4064153439153439 0.4781746031746032 0.07804232804232804 0.043154761904761904
4 0.5252976190476191 0.6385168650793651 0.08630952380952381 0.03298611111111111
2 0.4203042328042328 0.5793650793650794 0.06812169312169312 0.043154761904761904
3 0.8111772486772487 0.458953373015873 0.0496031746031746 0.05530753968253968
3 0.5545634920634921 0.5553075396825397 0.08002645502645503 0.04017857142857143
1 0.470734126984127 0.5246775793650794 0.040013227513227514 0.031001984126984128
1 0.41220238095238093 0.6693948412698413 0.05125661375661376 0.039186507936507936
0 0.4174933862433862 0.6168154761904762 0.09093915343915344 0.030257936507936508
4 0.22330729166666666 0.51220703125 0.07938639322916667 0.042877197265625
4 0.3466796875 0.55322265625 0.08528645833333333 0.04559326171875
4 0.25732421875 0.476806640625 0.08158365885416667 0.040985107421875
4 0.3776041666666667 0.5126953125 0.08390299479166667 0.045440673828125
4 0.15226236979166666 0.58251953125 0.08561197916666667 0.049774169921875