2 0.6302910052910053 0.7645089285714286 0.06878306878306878 0.09350198412698413
5 0.7953042328042328 0.5503472222222222 0.08531746031746032 0.0882936507936508
1 0.8134920634920635 0.6728670634920635 0.06481481481481481 0.06696428571428571
1 0.7151124338624338 0.5923859126984127 0.08498677248677249 0.046875
4 0.4852843915343915 0.7885664682539683 0.14517195767195767 0.07018849206349206
4 0.5076058201058201 0.7186259920634921 0.13624338624338625 0.05679563492063492
4 0.562334656084656 0.5453869047619048 0.12136243386243387 0.049107142857142856
4 0.3343253968253968 0.5799851190476191 0.12103174603174603 0.05233134920634921
4 0.5459656084656085 0.5985863095238095 0.12698412698412698 0.05431547619047619
4 0.2316468253968254 0.759796626984127 0.14054232804232805 0.06572420634920635
4 0.3058862433862434 0.6329365079365079 0.12367724867724868 0.05952380952380952
4 0.5271164021164021 0.6557539682539683 0.13095238095238096 0.05257936507936508
4 0.2700066137566138 0.6932043650793651 0.13128306878306878 0.057539682539682536
0 0.7885251322751323 0.9213789682539683 0.1908068783068783 0.05009920634920635
4 0.7430555555555556 0.7829861111111112 0.13558201058201058 0.07093253968253968
3 0.6920572916666666 0.67724609375 0.11002604166666667 0.0794677734375