3 0.5973313492063492 0.5512698412698412 0.0913888888888889 0.05441220238095238
2 0.3310548941798942 0.6416021825396826 0.060138888888888895 0.05987599206349206
0 0.38476521164021166 0.73046875 0.07214285714285715 0.08789186507936508
4 0.5423181216931217 0.71875 0.07055555555555557 0.06829861111111112
3 0.48502645502645503 0.5957043650793651 0.09122685185185185 0.054595734126984125
3 0.8118485449735451 0.46899305555555554 0.09008928571428572 0.04940724206349206
5 0.6790376984126983 0.7338864087301588 0.10807208994708994 0.03549107142857143
5 0.8444014550264549 0.6337896825396826 0.11149140211640211 0.03802579365079365
4 0.34733134920634917 0.31738343253968254 0.07226521164021164 0.07598958333333333
5 0.7649735449735451 0.6831051587301588 0.10319113756613757 0.037323908730158735
5 0.9049470899470899 0.6899404761904763 0.11124669312169314 0.038117559523809526
4 0.2853174603174603 0.3354489087301587 0.07360780423280423 0.07531746031746032
4 0.4108068783068783 0.29565476190476186 0.07666005291005291 0.07965029761904761
3 0.6367195767195767 0.6074231150793651 0.09073743386243385 0.05389384920634921
4 0.4208994708994709 0.4316418650793651 0.07735119047619048 0.07708829365079364
4 0.3574206349206349 0.45068452380952384 0.07808531746031745 0.0754389880952381
5 0.593098544973545 0.7866220238095237 0.11572420634920634 0.03985615079365079
3 0.8502612433862434 0.5219717261904763 0.09187830687830686 0.05126984126984127
3 0.41959656084656083 0.7529290674603174 0.06135912698412699 0.07708829365079364
1 0.25309193121693124 0.6791989087301588 0.07482804232804233 0.038908730158730157
5 0.5013029100529101 0.8432614087301588 0.11930224867724867 0.03955109126984127
3 0.7057308201058201 0.5097668650793651 0.08569444444444443 0.051361607142857146
5 0.7382804232804233 0.79296875 0.11108465608465609 0.042328869047619046
5 0.4908862433862434 0.7221676587301588 0.08463624338624338 0.07824652777777778
3 0.4453141534391535 0.5371106150793651 0.09269179894179895 0.05358878968253968
3 0.5615244708994709 0.49462797619047616 0.093260582010582 0.054107142857142854
4 0.5442724867724869 0.3911135912698413 0.07865410052910053 0.07684275793650794
3 0.7441402116402117 0.5634771825396826 0.08496031746031747 0.049315476190476194
5 0.6510416666666666 0.8481448412698412 0.11246693121693123 0.04107638888888889
1 0.3447255291005291 0.6997073412698412 0.053670634920634924 0.04715029761904762
0 0.2081712962962963 0.7397470238095237 0.08264219576719577 0.10339285714285715
4 0.46940145502645503 0.27880952380952384 0.07373015873015873 0.07824652777777778
3 0.5234391534391535 0.6518551587301588 0.09073743386243385 0.052428075396825397
5 0.8164054232804233 0.7392584325396826 0.11507275132275133 0.03845238095238095
4 0.6022123015873015 0.3671875 0.07527777777777778 0.07574404761904761
3 0.6710714285714285 0.4542708333333333 0.08524801587301588 0.04552827380952381
4 0.48079365079365083 0.40991319444444446 0.07678240740740741 0.07684275793650794