3 0.11930338541666667 0.6240234375 0.044881184895833336 0.06903076171875
3 0.20947265625 0.70556640625 0.0467529296875 0.0723876953125
3 0.2672526041666667 0.6015625 0.046061197916666664 0.06866455078125
3 0.25244140625 0.51416015625 0.045979817708333336 0.06475830078125
3 0.19677734375 0.61328125 0.046346028645833336 0.06781005859375
3 0.2833658854166667 0.693359375 0.047119140625 0.07171630859375
3 0.10986328125 0.537109375 0.0447998046875 0.0640869140625
5 0.490234375 0.312255859375 0.08683268229166667 0.075439453125
3 0.129150390625 0.716796875 0.047403971354166664 0.0723876953125
4 0.4544270833333333 0.44921875 0.07954915364583333 0.049957275390625
5 0.4765625 0.37109375 0.08341471354166667 0.073974609375
5 0.396484375 0.312744140625 0.08683268229166667 0.073974609375
5 0.5862630208333334 0.309814453125 0.09391276041666667 0.07574462890625
4 0.912109375 0.5380859375 0.10099283854166667 0.057373046875
5 0.2913411458333333 0.364501953125 0.08028157552083333 0.072509765625
3 0.18424479166666666 0.525390625 0.045572916666666664 0.06451416015625
4 0.8697916666666666 0.5849609375 0.09847005208333333 0.059539794921875
3 0.2392578125 0.431884765625 0.044270833333333336 0.059539794921875
5 0.3053385416666667 0.306640625 0.085693359375 0.07452392578125
3 0.17350260416666666 0.44384765625 0.045206705729166664 0.061187744140625
4 0.8326822916666666 0.6337890625 0.10148111979166667 0.060638427734375
5 0.50390625 0.52685546875 0.08561197916666667 0.0704345703125
4 0.79296875 0.6826171875 0.09440104166666667 0.05792236328125
1 0.5716145833333334 0.492431640625 0.06502278645833333 0.037750244140625
4 0.9524739583333334 0.4912109375 0.09375 0.05291748046875
5 0.578125 0.373046875 0.089111328125 0.07305908203125
5 0.3792317708333333 0.3681640625 0.08561197916666667 0.07476806640625
0 0.5328776041666666 0.560546875 0.08650716145833333 0.06890869140625
3 0.4697265625 0.497314453125 0.08280436197916667 0.048583984375
5 0.21451822916666666 0.301025390625 0.083251953125 0.07208251953125
1 0.3522135416666667 0.5244140625 0.040445963541666664 0.043701171875
4 0.744140625 0.465576171875 0.085693359375 0.050811767578125
4 0.6634114583333334 0.55859375 0.092041015625 0.06292724609375
4 0.6246744791666666 0.60205078125 0.08341471354166667 0.053192138671875
4 0.7063802083333334 0.509765625 0.08699544270833333 0.052703857421875
2 0.4837239583333333 0.6240234375 0.0677490234375 0.053985595703125
0 0.4404296875 0.56494140625 0.041829427083333336 0.07861328125