3 0.19938151041666666 0.86083984375 0.10652669270833333 0.04638671875
3 0.4801432291666667 0.89208984375 0.11149088541666667 0.051544189453125
3 0.337890625 0.875 0.10888671875 0.047607421875
3 0.21305338541666666 0.78857421875 0.10506184895833333 0.04443359375
3 0.3479817708333333 0.80224609375 0.10245768229166667 0.04345703125
3 0.22037760416666666 0.72021484375 0.10432942708333333 0.040985107421875
3 0.3567708333333333 0.7314453125 0.10481770833333333 0.042877197265625
3 0.4912109375 0.81494140625 0.11328125 0.047088623046875
3 0.6256510416666666 0.9052734375 0.10970052083333333 0.0546875
2 0.28955078125 0.48876953125 0.08463541666666667 0.038177490234375
5 0.3876953125 0.357177734375 0.09611002604166667 0.0775146484375
5 0.443359375 0.12548828125 0.08357747395833333 0.0810546875
5 0.3561197916666667 0.13671875 0.08357747395833333 0.07763671875
5 0.3665364583333333 0.212890625 0.089111328125 0.077392578125
3 0.6324869791666666 0.82470703125 0.10791015625 0.049591064453125
4 0.8658854166666666 0.409912109375 0.12247721354166667 0.047515869140625
5 0.4908854166666667 0.418701171875 0.08846028645833333 0.078369140625
5 0.453125 0.2010498046875 0.08878580729166667 0.08331298828125
1 0.22265625 0.362548828125 0.0633544921875 0.04510498046875
3 0.498046875 0.7431640625 0.11246744791666667 0.04638671875
5 0.3779296875 0.284423828125 0.09342447916666667 0.07879638671875
5 0.396484375 0.432861328125 0.09220377604166667 0.07574462890625
5 0.466796875 0.272216796875 0.09285481770833333 0.08050537109375
5 0.4801432291666667 0.3486328125 0.09122721354166667 0.0792236328125
4 0.8743489583333334 0.305419921875 0.119873046875 0.048675537109375
4 0.6692708333333334 0.3974609375 0.10506184895833333 0.0439453125
4 0.67578125 0.3486328125 0.10408528645833333 0.04400634765625
1 0.26025390625 0.40576171875 0.061848958333333336 0.037384033203125
4 0.6790364583333334 0.29443359375 0.10319010416666667 0.04803466796875
4 0.8639322916666666 0.46630859375 0.12443033854166667 0.0489501953125
0 0.15730794270833334 0.53759765625 0.12760416666666666 0.04193115234375
4 0.8704427083333334 0.35546875 0.11905924479166667 0.0457763671875
4 0.6647135416666666 0.4501953125 0.10465494791666667 0.045440673828125
0 0.1640625 0.60205078125 0.13330078125 0.042022705078125
4 0.6552734375 0.5048828125 0.10945638020833333 0.047149658203125
3 0.6396484375 0.75341796875 0.10652669270833333 0.044677734375
4 0.8626302083333334 0.51611328125 0.12076822916666667 0.045684814453125