3 0.4108068783068783 0.23913690476190477 0.08028108465608466 0.04376240079365079
3 0.5406911375661375 0.25024305555555554 0.08068783068783068 0.042571924603174605
3 0.5100925925925925 0.20800843253968254 0.07722883597883598 0.04327380952380952
2 0.3984391534391535 0.6591790674603174 0.06148148148148148 0.06008928571428571
3 0.20589285714285716 0.29980406746031746 0.08544973544973544 0.04400545634920635
3 0.44010582010582017 0.28125 0.08219246031746032 0.04296875
3 0.3095701058201058 0.26831101190476186 0.08251984126984127 0.04370039682539682
3 0.2293287037037037 0.34521577380952384 0.08430886243386243 0.04370039682539682
3 0.5699867724867725 0.29199156746031746 0.08068783068783068 0.04248015873015873
3 0.36262896825396823 0.3571775793650794 0.08528769841269843 0.042814980158730157
0 0.5745436507936508 0.74609375 0.09952711640211641 0.08270337301587301
3 0.4667956349206349 0.32446180555555554 0.08219246031746032 0.043854166666666666
3 0.25227843915343917 0.38769593253968254 0.08683201058201058 0.04177827380952381
3 0.33789021164021166 0.31396577380952384 0.08280423280423281 0.04400545634920635
5 0.3948578042328042 0.5361334325396826 0.11466600529100529 0.042388392857142854
0 0.5136706349206349 0.7026364087301588 0.09773809523809524 0.07965029761904761
5 0.3333333333333333 0.6030282738095237 0.11970899470899471 0.04788194444444444
4 0.6464847883597884 0.47680555555555554 0.08390211640211641 0.06420882936507936
5 0.4475925925925926 0.47680555555555554 0.10506283068783068 0.04434275793650794
5 0.2596031746031746 0.5673834325396826 0.10188822751322751 0.036835317460317464
5 0.3196626984126984 0.5053720238095238 0.11588624338624338 0.042571924603174605
5 0.2716468253968254 0.6713864087301588 0.1259755291005291 0.04867559523809523
4 0.6907539682539683 0.44824156746031746 0.08447420634920634 0.06781001984126984
5 0.3701157407407408 0.44287202380952384 0.10278439153439153 0.03912450396825397
4 0.8600264550264549 0.5024404761904762 0.08927248677248677 0.06347718253968254
4 0.5524074074074075 0.5419915674603174 0.08618055555555557 0.06781001984126984
4 0.7330720899470899 0.41528273809523814 0.08251984126984127 0.06500248015873016
4 0.8111970899470899 0.5361334325396826 0.09008928571428572 0.06585813492063493
5 0.19710317460317459 0.6298834325396826 0.11246693121693123 0.03775049603174603
4 0.5999338624338625 0.5092782738095237 0.08634589947089948 0.06231646825396825
1 0.8704431216931217 0.6489260912698412 0.059570105820105815 0.038970734126984125
5 0.2052414021164021 0.7407217261904763 0.1300462962962963 0.05099454365079365
4 0.7154960317460317 0.5996106150793651 0.08732142857142858 0.06915178571428571
5 0.12874338624338624 0.6982415674603174 0.11490740740740742 0.03875744047619048
1 0.9205720899470899 0.6123040674603174 0.05989748677248677 0.04428075396825397
4 0.7617195767195767 0.5693353174603174 0.08927248677248677 0.06878720238095239
4 0.671875 0.6333010912698412 0.07596891534391534 0.06524553571428571