4 0.759765625 0.40283203125 0.07173665364583333 0.093017578125
4 0.630859375 0.235107421875 0.06966145833333333 0.09686279296875
4 0.681640625 0.39501953125 0.0709228515625 0.09320068359375
4 0.6061197916666666 0.387939453125 0.06937662760416667 0.09368896484375
4 0.70703125 0.2451171875 0.07173665364583333 0.09515380859375
3 0.22493489583333334 0.441650390625 0.06514485677083333 0.08282470703125
5 0.8346354166666666 0.5029296875 0.11653645833333333 0.05633544921875
4 0.5533854166666666 0.2259521484375 0.06990559895833333 0.09637451171875
4 0.7858072916666666 0.252685546875 0.07442220052083333 0.09515380859375
4 0.8333333333333334 0.408447265625 0.06901041666666667 0.08770751953125
3 0.09236653645833333 0.5400390625 0.07173665364583333 0.0872802734375
5 0.8860677083333334 0.716796875 0.09562174479166667 0.07452392578125
3 0.2620442708333333 0.6708984375 0.06477864583333333 0.07989501953125
3 0.23356119791666666 0.77734375 0.0638427734375 0.08282470703125
2 0.7669270833333334 0.5400390625 0.06722005208333333 0.06475830078125
4 0.5289713541666666 0.37939453125 0.06901041666666667 0.09368896484375
3 0.16715494791666666 0.66064453125 0.06978352864583333 0.0843505859375
3 0.2911783854166667 0.56640625 0.0684814453125 0.0855712890625
5 0.533203125 0.7900390625 0.09440104166666667 0.07763671875
3 0.037068684895833336 0.75927734375 0.0709228515625 0.090576171875
3 0.3196614583333333 0.456787109375 0.06266276041666667 0.08282470703125
5 0.873046875 0.78759765625 0.09269205729166667 0.07611083984375
0 0.6162109375 0.546875 0.09122721354166667 0.08880615234375
5 0.6461588541666666 0.7880859375 0.09700520833333333 0.0794677734375
4 0.5553385416666666 0.62255859375 0.07694498697916667 0.07135009765625
1 0.4130859375 0.61279296875 0.0767822265625 0.038238525390625
5 0.5406901041666666 0.71337890625 0.09326171875 0.07794189453125
3 0.19563802083333334 0.552734375 0.06502278645833333 0.0816650390625
5 0.7688802083333334 0.71630859375 0.09236653645833333 0.07208251953125
0 0.7513020833333334 0.64453125 0.121826171875 0.035064697265625
5 0.7578125 0.78173828125 0.11043294270833333 0.093505859375
3 0.4671223958333333 0.5615234375 0.08634440104166667 0.07122802734375
5 0.4147135416666667 0.7138671875 0.09456380208333333 0.07421875
5 0.6500651041666666 0.70947265625 0.10970052083333333 0.08819580078125
1 0.6451822916666666 0.64013671875 0.08146158854166667 0.04803466796875
3 0.14054361979166666 0.767578125 0.07027180989583333 0.0863037109375
3 0.06392415364583333 0.65087890625 0.07002766927083333 0.08477783203125