5 0.3425925925925926 0.3421378968253968 0.0787037037037037 0.12822420634920634
0 0.32423941798941797 0.7740575396825397 0.17824074074074073 0.0882936507936508
1 0.36408730158730157 0.4479166666666667 0.09391534391534391 0.054563492063492064
2 0.3549933862433862 0.6941964285714286 0.07043650793650794 0.10664682539682539
1 0.3976521164021164 0.5629960317460317 0.07705026455026455 0.07688492063492064
4 0.41782407407407407 0.6731150793650794 0.06646825396825397 0.11805555555555555
3 0.5026455026455027 0.36396329365079366 0.07605820105820106 0.11284722222222222
3 0.3404947916666667 0.5859375 0.11287434895833333 0.1104736328125
3 0.6383463541666666 0.361083984375 0.07722981770833333 0.12042236328125
3 0.7740885416666666 0.347900390625 0.08357747395833333 0.11981201171875
3 0.6822916666666666 0.67919921875 0.08113606770833333 0.125244140625
3 0.82421875 0.669921875 0.08829752604166667 0.1265869140625
3 0.7044270833333334 0.8515625 0.08235677083333333 0.1318359375
3 0.5589192708333334 0.861328125 0.08341471354166667 0.1365966796875
3 0.5380859375 0.6865234375 0.0791015625 0.126953125
3 0.6608072916666666 0.5166015625 0.07625325520833333 0.12103271484375
3 0.5179036458333334 0.5234375 0.07625325520833333 0.1190185546875
3 0.7994791666666666 0.505859375 0.0826416015625 0.114990234375