3 0.4622395833333333 0.47119140625 0.083251953125 0.04803466796875
3 0.4228515625 0.525390625 0.08601888020833333 0.049957275390625
4 0.3076171875 0.80322265625 0.08174641927083333 0.0792236328125
3 0.5289713541666666 0.57275390625 0.08430989583333333 0.0531005859375
3 0.5921223958333334 0.67919921875 0.08878580729166667 0.0567626953125
4 0.5660807291666666 0.7890625 0.08748372395833333 0.080810546875
3 0.5706380208333334 0.51953125 0.08943684895833333 0.0535888671875
3 0.4847005208333333 0.62744140625 0.08390299479166667 0.054901123046875
3 0.6803385416666666 0.572265625 0.090087890625 0.053314208984375
3 0.3798828125 0.57666015625 0.08414713541666667 0.053192138671875
4 0.4547526041666667 0.72705078125 0.08561197916666667 0.07781982421875
3 0.75 0.67822265625 0.08894856770833333 0.05633544921875
3 0.7955729166666666 0.62548828125 0.09407552083333333 0.05560302734375
3 0.7044270833333334 0.732421875 0.08846028645833333 0.056640625
3 0.6363932291666666 0.62451171875 0.086181640625 0.055419921875
5 0.541015625 0.40185546875 0.07527669270833333 0.08197021484375
4 0.5081380208333334 0.76025390625 0.07649739583333333 0.06915283203125
4 0.3463541666666667 0.66552734375 0.08390299479166667 0.0726318359375
0 0.19921875 0.447021484375 0.06660970052083333 0.0794677734375
4 0.2511393229166667 0.7724609375 0.08011881510416667 0.07598876953125
5 0.4807942708333333 0.312255859375 0.07185872395833333 0.0867919921875
0 0.2722981770833333 0.43017578125 0.06404622395833333 0.079345703125
5 0.4443359375 0.370849609375 0.07185872395833333 0.0836181640625
2 0.7428385416666666 0.54150390625 0.07881673177083333 0.046722412109375
5 0.3844401041666667 0.2802734375 0.073486328125 0.087890625
5 0.578125 0.3388671875 0.07307942708333333 0.08404541015625
4 0.3990885416666667 0.6943359375 0.087158203125 0.0775146484375
4 0.4150390625 0.86865234375 0.08146158854166667 0.08154296875
4 0.3626302083333333 0.83251953125 0.083251953125 0.07977294921875
5 0.7786458333333334 0.394287109375 0.08219401041666667 0.08978271484375
1 0.73828125 0.8857421875 0.06599934895833333 0.050994873046875
5 0.7408854166666666 0.458984375 0.081298828125 0.08740234375
5 0.6383463541666666 0.429931640625 0.0799560546875 0.08648681640625
5 0.3499348958333333 0.342529296875 0.07539876302083333 0.0855712890625
5 0.6764322916666666 0.3642578125 0.0767822265625 0.08404541015625
4 0.4680989583333333 0.89892578125 0.08528645833333333 0.08526611328125
1 0.7877604166666666 0.8359375 0.0792236328125 0.0504150390625