3 0.24851190476190477 0.42993551587301587 0.04332010582010582 0.061755952380952384
3 0.23197751322751323 0.6013144841269841 0.050595238095238096 0.07068452380952381
3 0.14914021164021163 0.5992063492063492 0.05357142857142857 0.07192460317460317
3 0.31382275132275134 0.6010664682539683 0.047619047619047616 0.06919642857142858
5 0.8129960317460317 0.5360863095238095 0.08300264550264551 0.06572420634920635
5 0.7557870370370371 0.683655753968254 0.08763227513227513 0.07465277777777778
3 0.1736111111111111 0.4269593253968254 0.04497354497354497 0.06374007936507936
3 0.1618716931216931 0.509796626984127 0.04861111111111111 0.06671626984126984
3 0.3201058201058201 0.5128968253968254 0.046296296296296294 0.06547619047619048
3 0.3063822751322751 0.6964285714285714 0.04728835978835979 0.07490079365079365
3 0.32605820105820105 0.4305555555555556 0.041666666666666664 0.062003968253968256
3 0.24090608465608465 0.5127728174603174 0.04662698412698413 0.0662202380952381
3 0.22354497354497355 0.6960565476190477 0.05291005291005291 0.07564484126984126
3 0.1357473544973545 0.6960565476190477 0.055224867724867725 0.07713293650793651
5 0.7318121693121693 0.5363343253968254 0.08465608465608465 0.06671626984126984
5 0.7437169312169312 0.6091269841269841 0.0873015873015873 0.07043650793650794
2 0.7314814814814815 0.7956349206349206 0.0496031746031746 0.06398809523809523
4 0.43369708994708994 0.6731150793650794 0.10416666666666667 0.04017857142857143
5 0.7217261904761905 0.4680059523809524 0.08498677248677249 0.06448412698412699
1 0.44742063492063494 0.7953869047619048 0.052248677248677246 0.04712301587301587
5 0.8444113756613757 0.6805555555555556 0.09027777777777778 0.0744047619047619
5 0.8012566137566137 0.46899801587301587 0.08796296296296297 0.06597222222222222
5 0.7182539682539683 0.4017857142857143 0.08465608465608465 0.06597222222222222
4 0.43700396825396826 0.6226438492063492 0.09953703703703703 0.037450396825396824
1 0.3751653439153439 0.8234126984126984 0.04927248677248677 0.05009920634920635
5 0.8283730158730159 0.6062748015873016 0.08664021164021164 0.07068452380952381
4 0.4479166666666667 0.48313492063492064 0.09755291005291006 0.03670634920634921
4 0.6018518518518519 0.5830853174603174 0.09986772486772487 0.03720238095238095
4 0.6020171957671958 0.5354662698412699 0.09953703703703703 0.03670634920634921
4 0.4416335978835979 0.5735367063492064 0.09755291005291006 0.035962301587301584
4 0.44212962962962965 0.5281498015873016 0.0958994708994709 0.034970238095238096
0 0.576058201058201 0.7848462301587301 0.04298941798941799 0.08953373015873016
0 0.6588955026455027 0.7907986111111112 0.04265873015873016 0.08903769841269842
4 0.6018518518518519 0.6778273809523809 0.1078042328042328 0.03670634920634921
4 0.6033399470899471 0.48933531746031744 0.09623015873015874 0.03571428571428571
4 0.6020171957671958 0.6285962301587301 0.10218253968253968 0.03447420634920635
5 0.7961309523809523 0.404265873015873 0.0744047619047619 0.05952380952380952