3 0.8488756613756614 0.47643849206349204 0.07076719576719577 0.059027777777777776
3 0.8024140211640212 0.6000744047619048 0.07175925925925926 0.061755952380952384
3 0.7837301587301587 0.4123263888888889 0.0667989417989418 0.05679563492063492
3 0.7341269841269841 0.5286458333333334 0.06812169312169312 0.05927579365079365
3 0.6684854497354498 0.46242559523809523 0.06448412698412699 0.05679563492063492
3 0.7215608465608465 0.35205853174603174 0.06283068783068783 0.05381944444444445
3 0.9188161375661376 0.5435267857142857 0.07374338624338625 0.06076388888888889
3 0.7255291005291006 0.43898809523809523 0.0667989417989418 0.057539682539682536
5 0.5016534391534392 0.6248759920634921 0.07076719576719577 0.06274801587301587
0 0.3404431216931217 0.6004464285714286 0.08432539682539683 0.06299603174603174
4 0.13657407407407407 0.4086061507936508 0.07341269841269842 0.05530753968253968
4 0.35400132275132273 0.5052083333333334 0.07175925925925926 0.046130952380952384
4 0.36673280423280424 0.39992559523809523 0.07275132275132275 0.05679563492063492
4 0.2777777777777778 0.4544890873015873 0.07407407407407407 0.058779761904761904
4 0.22718253968253968 0.3560267857142857 0.0701058201058201 0.054811507936507936
0 0.43171296296296297 0.5311259920634921 0.09093915343915344 0.030009920634920636
2 0.43270502645502645 0.4973958333333333 0.06845238095238096 0.03546626984126984
3 0.5648148148148148 0.4781746031746032 0.07142857142857142 0.041666666666666664
1 0.5029761904761905 0.45634920634920634 0.04431216931216931 0.03125
3 0.6205357142857143 0.603546626984127 0.07242063492063493 0.054811507936507936
1 0.4264219576719577 0.5818452380952381 0.04927248677248677 0.032242063492063495
4 0.18489748677248677 0.38378968253968254 0.07722883597883598 0.05676339285714286
3 0.8580720899470899 0.5722668650793651 0.07254960317460317 0.0606374007936508
3 0.7903637566137566 0.5048834325396826 0.07055555555555557 0.06008928571428571
4 0.3238921957671958 0.42846726190476186 0.07389219576719576 0.05877728174603175
4 0.5322255291005291 0.5556646825396826 0.07938492063492064 0.028549107142857143
4 0.2711574074074074 0.3303224206349206 0.07552248677248677 0.05749503968253968
4 0.08764550264550265 0.4353025793650794 0.07853174603174602 0.062103174603174605