3 0.5384114583333334 0.2763671875 0.04931640625 0.07501220703125
3 0.6240234375 0.26708984375 0.050130208333333336 0.07318115234375
3 0.4573567708333333 0.2802734375 0.047200520833333336 0.0726318359375
3 0.6383463541666666 0.3642578125 0.052937825520833336 0.076416015625
4 0.150634765625 0.49072265625 0.1201171875 0.040985107421875
4 0.3273111979166667 0.431884765625 0.11149088541666667 0.042388916015625
4 0.14656575520833334 0.438720703125 0.11971028645833333 0.04052734375
3 0.4716796875 0.376708984375 0.049031575520833336 0.0740966796875
4 0.14274088541666666 0.38671875 0.1201171875 0.04193115234375
3 0.6526692708333334 0.460205078125 0.055582682291666664 0.076416015625
4 0.3408203125 0.587890625 0.116943359375 0.042327880859375
4 0.3245442708333333 0.376953125 0.113037109375 0.039642333984375
4 0.15730794270833334 0.60009765625 0.120361328125 0.044097900390625
4 0.3388671875 0.53564453125 0.11263020833333333 0.041229248046875
3 0.4847005208333333 0.47216796875 0.0517578125 0.07666015625
5 0.76171875 0.423583984375 0.10294596354166667 0.07904052734375
5 0.7578125 0.340087890625 0.1005859375 0.07861328125
5 0.767578125 0.50634765625 0.10392252604166667 0.07904052734375
4 0.1533203125 0.54638671875 0.122314453125 0.04351806640625
3 0.5543619791666666 0.37109375 0.051106770833333336 0.0753173828125
4 0.3318684895833333 0.484375 0.114501953125 0.040771484375
5 0.869140625 0.58642578125 0.09326171875 0.06915283203125
3 0.6650390625 0.5546875 0.055379231770833336 0.07476806640625
5 0.8580729166666666 0.505859375 0.11083984375 0.0823974609375
5 0.859375 0.42138671875 0.10148111979166667 0.076416015625
3 0.5686848958333334 0.46484375 0.054768880208333336 0.0762939453125
0 0.6181640625 0.7265625 0.112060546875 0.0268096923828125
5 0.8580729166666666 0.341796875 0.10335286458333333 0.07611083984375
5 0.8743489583333334 0.66748046875 0.09529622395833333 0.07147216796875
5 0.77734375 0.67041015625 0.09391276041666667 0.06951904296875
5 0.7649739583333334 0.58837890625 0.10319010416666667 0.08050537109375
3 0.498046875 0.5693359375 0.0504150390625 0.0765380859375
3 0.5843098958333334 0.56298828125 0.0484619140625 0.07183837890625
2 0.1953125 0.7578125 0.048380533854166664 0.06829833984375
1 0.3860677083333333 0.82080078125 0.053141276041666664 0.0535888671875
0 0.6168619791666666 0.66259765625 0.11222330729166667 0.02655029296875
1 0.3177083333333333 0.7890625 0.053751627604166664 0.0469970703125