3 0.22249348958333334 0.408203125 0.0628662109375 0.056549072265625
3 0.3466796875 0.544921875 0.06514485677083333 0.05633544921875
3 0.15511067708333334 0.53662109375 0.06453450520833333 0.05877685546875
3 0.41015625 0.615234375 0.06477864583333333 0.05792236328125
3 0.22135416666666666 0.50732421875 0.06624348958333333 0.058349609375
5 0.3990885416666667 0.36474609375 0.07291666666666667 0.0755615234375
3 0.21809895833333334 0.6083984375 0.06636555989583333 0.059967041015625
5 0.4638671875 0.497802734375 0.07014973958333333 0.07318115234375
3 0.160888671875 0.437744140625 0.06392415364583333 0.056549072265625
3 0.283203125 0.576171875 0.06648763020833333 0.057281494140625
5 0.5032552083333334 0.410400390625 0.0704345703125 0.07330322265625
5 0.4938151041666667 0.56005859375 0.0721435546875 0.07318115234375
3 0.2838541666666667 0.477783203125 0.06587727864583333 0.057281494140625
0 0.3802083333333333 0.85205078125 0.09456380208333333 0.06683349609375
5 0.4280598958333333 0.427001953125 0.07267252604166667 0.0728759765625
5 0.5364583333333334 0.471923828125 0.07332356770833333 0.07501220703125
5 0.4690755208333333 0.345703125 0.07014973958333333 0.07501220703125
5 0.36328125 0.30126953125 0.07279459635416667 0.07891845703125
3 0.5634765625 0.7255859375 0.08296712239583333 0.0302734375
3 0.34765625 0.6474609375 0.068603515625 0.059326171875
5 0.4384765625 0.280517578125 0.07430013020833333 0.080078125
1 0.3408203125 0.7470703125 0.0517578125 0.040924072265625
4 0.4986979166666667 0.6953125 0.0736083984375 0.043212890625
2 0.4088541666666667 0.73779296875 0.0745849609375 0.0333251953125
4 0.8723958333333334 0.64794921875 0.10750325520833333 0.04803466796875
4 0.8912760416666666 0.69482421875 0.10774739583333333 0.048675537109375
4 0.8528645833333334 0.59912109375 0.10335286458333333 0.046295166015625
4 0.6881510416666666 0.630859375 0.09407552083333333 0.045867919921875
4 0.7057291666666666 0.677734375 0.09773763020833333 0.051177978515625
1 0.5481770833333334 0.6318359375 0.053548177083333336 0.033203125
4 0.7265625 0.7255859375 0.09912109375 0.048126220703125
0 0.18310546875 0.751953125 0.050618489583333336 0.087890625
3 0.2810872395833333 0.68115234375 0.07185872395833333 0.061309814453125
4 0.6692708333333334 0.58349609375 0.09513346354166667 0.047698974609375
5 0.6126302083333334 0.8427734375 0.1005859375 0.039642333984375
4 0.7434895833333334 0.77978515625 0.08797200520833333 0.040252685546875
4 0.83203125 0.5546875 0.09513346354166667 0.039337158203125