3 0.595703125 0.544921875 0.06660970052083333 0.07208251953125
5 0.8040364583333334 0.5810546875 0.10677083333333333 0.040985107421875
3 0.611328125 0.352294921875 0.061482747395833336 0.06854248046875
3 0.6842447916666666 0.37451171875 0.061482747395833336 0.06866455078125
3 0.720703125 0.480224609375 0.06453450520833333 0.070556640625
5 0.708984375 0.72900390625 0.10465494791666667 0.042022705078125
3 0.7649739583333334 0.39404296875 0.06278483072916667 0.06866455078125
3 0.5472005208333334 0.638671875 0.06660970052083333 0.07147216796875
5 0.6578776041666666 0.8134765625 0.11124674479166667 0.04742431640625
3 0.5641276041666666 0.436279296875 0.0628662109375 0.0699462890625
3 0.5152994791666666 0.52099609375 0.062418619791666664 0.06890869140625
5 0.888671875 0.61328125 0.12849934895833334 0.05499267578125
5 0.9369913736979166 0.53857421875 0.12601725260416666 0.054412841796875
3 0.6751302083333334 0.5703125 0.0677490234375 0.07275390625
5 0.83984375 0.69189453125 0.11263020833333333 0.046478271484375
3 0.4658203125 0.611328125 0.06526692708333333 0.0738525390625
5 0.7532552083333334 0.654296875 0.10986328125 0.048492431640625
5 0.8470052083333334 0.50390625 0.11368815104166667 0.04595947265625
4 0.41015625 0.43603515625 0.10042317708333333 0.0548095703125
4 0.435546875 0.3896484375 0.099853515625 0.054290771484375
0 0.5139973958333334 0.74169921875 0.107177734375 0.0633544921875
4 0.3821614583333333 0.47998046875 0.10563151041666667 0.055206298828125
3 0.6389973958333334 0.4609375 0.06949869791666667 0.07183837890625
5 0.7936197916666666 0.76904296875 0.13126627604166666 0.05987548828125
4 0.2513020833333333 0.383544921875 0.103759765625 0.053497314453125
4 0.3544921875 0.52734375 0.10538736979166667 0.056549072265625
1 0.19970703125 0.79931640625 0.06746419270833333 0.048126220703125
4 0.22184244791666666 0.4287109375 0.10595703125 0.054595947265625
4 0.15755208333333334 0.52001953125 0.10904947916666667 0.059112548828125
4 0.2823893229166667 0.339599609375 0.10579427083333333 0.0548095703125
3 0.6279296875 0.66259765625 0.0684814453125 0.0738525390625
5 0.748046875 0.85205078125 0.12076822916666667 0.05450439453125
4 0.3186848958333333 0.57373046875 0.10831705729166667 0.05889892578125
4 0.19173177083333334 0.4736328125 0.10888671875 0.054901123046875
0 0.4716796875 0.8046875 0.10750325520833333 0.062225341796875
1 0.163818359375 0.7421875 0.0679931640625 0.04132080078125
2 0.0826416015625 0.66845703125 0.0721435546875 0.0616455078125