4 0.4475911458333333 0.5224609375 0.08296712239583333 0.035491943359375
4 0.4401041666666667 0.485107421875 0.07881673177083333 0.03594970703125
4 0.2955729166666667 0.5380859375 0.087646484375 0.040008544921875
4 0.4332682291666667 0.451171875 0.07763671875 0.033782958984375
5 0.5403645833333334 0.419677734375 0.057373046875 0.058013916015625
5 0.611328125 0.5908203125 0.07279459635416667 0.0765380859375
4 0.28759765625 0.467041015625 0.08056640625 0.03424072265625
3 0.5006510416666666 0.822265625 0.08158365885416667 0.06622314453125
3 0.8079427083333334 0.63916015625 0.0748291015625 0.06561279296875
3 0.912109375 0.798828125 0.089599609375 0.08587646484375
0 0.23860677083333334 0.79638671875 0.11775716145833333 0.037261962890625
3 0.8365885416666666 0.900390625 0.09375 0.09088134765625
3 0.7350260416666666 0.71875 0.07649739583333333 0.07171630859375
4 0.2921549479166667 0.501953125 0.08390299479166667 0.036773681640625
3 0.6578776041666666 0.80859375 0.083251953125 0.079345703125
3 0.8190104166666666 0.75830078125 0.08414713541666667 0.080810546875
5 0.6399739583333334 0.456298828125 0.06925455729166667 0.064208984375
4 0.4189453125 0.75390625 0.07002766927083333 0.06488037109375
4 0.296875 0.57763671875 0.089111328125 0.03790283203125
3 0.7421875 0.853515625 0.08699544270833333 0.08477783203125
3 0.888671875 0.671875 0.07625325520833333 0.07183837890625
5 0.5843098958333334 0.5283203125 0.06526692708333333 0.06585693359375
5 0.6673177083333334 0.51025390625 0.07132975260416667 0.06756591796875
2 0.3831380208333333 0.8505859375 0.09220377604166667 0.046539306640625
5 0.6155598958333334 0.40576171875 0.061726888020833336 0.0592041015625
3 0.9702351888020834 0.7060546875 0.059529622395833336 0.07574462890625
4 0.2985026041666667 0.61962890625 0.09326171875 0.0457763671875
5 0.5625 0.47216796875 0.06624348958333333 0.0635986328125
5 0.6959635416666666 0.5712890625 0.073486328125 0.0792236328125
5 0.6350911458333334 0.65771484375 0.08235677083333333 0.07354736328125
5 0.4156901041666667 0.7080078125 0.107177734375 0.03759765625
3 0.5706380208333334 0.90625 0.089111328125 0.08770751953125
3 0.65625 0.955078125 0.09440104166666667 0.0880126953125
1 0.3427734375 0.6943359375 0.051472981770833336 0.047943115234375
4 0.4534505208333333 0.55859375 0.08390299479166667 0.03875732421875
1 0.5299479166666666 0.732421875 0.060709635416666664 0.051177978515625
0 0.16910807291666666 0.71533203125 0.10319010416666667 0.07330322265625