5 0.7056878306878307 0.38231646825396826 0.10449735449735449 0.10441468253968254
1 0.75380291005291 0.542906746031746 0.07374338624338625 0.07390873015873016
2 0.5911044973544973 0.6722470238095238 0.07175925925925926 0.09895833333333333
4 0.1734457671957672 0.7341269841269841 0.17956349206349206 0.06349206349206349
0 0.7703373015873016 0.802703373015873 0.16832010582010581 0.0662202380952381
4 0.4503968253968254 0.5658482142857143 0.1574074074074074 0.0597718253968254
1 0.6329365079365079 0.45597718253968256 0.09325396825396826 0.056299603174603176
4 0.45519179894179895 0.7276785714285714 0.1636904761904762 0.0625
3 0.6278108465608465 0.5617559523809523 0.12996031746031747 0.06845238095238096
4 0.1789021164021164 0.6521577380952381 0.17526455026455026 0.06076388888888889
4 0.4523809523809524 0.6440972222222222 0.15806878306878308 0.06001984126984127
4 0.44841269841269843 0.48648313492063494 0.15211640211640212 0.04985119047619048
4 0.4469246031746032 0.4133184523809524 0.13921957671957672 0.050347222222222224
4 0.18898809523809523 0.4930555555555556 0.1669973544973545 0.054563492063492064
4 0.18733465608465608 0.5696924603174603 0.1703042328042328 0.057539682539682536
4 0.7043650793650794 0.6790674603174603 0.1421957671957672 0.05952380952380952