1 0.593584656084656 0.515625 0.06746031746031746 0.062003968253968256
4 0.578207671957672 0.6341765873015873 0.11673280423280423 0.05555555555555555
1 0.2786044973544973 0.5060763888888888 0.08234126984126984 0.045882936507936505
0 0.48478835978835977 0.8129960317460317 0.12566137566137567 0.10664682539682539
2 0.30886243386243384 0.7002728174603174 0.11706349206349206 0.047371031746031744
5 0.75380291005291 0.35478670634920634 0.06712962962962964 0.09598214285714286
5 0.5739087301587301 0.22941468253968253 0.04861111111111111 0.09672619047619048
5 0.7857142857142857 0.47358630952380953 0.062169312169312166 0.10540674603174603
5 0.6607142857142857 0.2883184523809524 0.06018518518518518 0.09499007936507936
5 0.6817129629629629 0.4055059523809524 0.06183862433862434 0.09821428571428571
5 0.4280753968253968 0.4470486111111111 0.06448412698412699 0.0974702380952381
5 0.859457671957672 0.4166666666666667 0.06283068783068783 0.10069444444444445
5 0.8920304232804233 0.542906746031746 0.06183862433862434 0.10466269841269842
5 0.9664351851851852 0.4810267857142857 0.06646825396825397 0.10243055555555555
5 0.5868055555555556 0.34362599206349204 0.05787037037037037 0.09945436507936507
3 0.4150390625 0.5947265625 0.1259765625 0.05126953125