3 0.8958333333333334 0.857421875 0.1171875 0.053314208984375
3 0.4615885416666667 0.93603515625 0.11490885416666667 0.059967041015625
3 0.7506510416666666 0.88330078125 0.1171875 0.05706787109375
3 0.6070963541666666 0.91064453125 0.11588541666666667 0.060638427734375
4 0.5234375 0.45263671875 0.07596842447916667 0.052032470703125
3 0.5843098958333334 0.83154296875 0.11043294270833333 0.053009033203125
4 0.5843098958333334 0.51025390625 0.08085123697916667 0.058135986328125
4 0.5546875 0.4853515625 0.07735188802083333 0.05059814453125
3 0.4446614583333333 0.85791015625 0.10847981770833333 0.053985595703125
4 0.4521484375 0.57470703125 0.08174641927083333 0.053985595703125
3 0.8580729166666666 0.783203125 0.112060546875 0.0482177734375
3 0.8248697916666666 0.71435546875 0.106201171875 0.04534912109375
4 0.4977213541666667 0.421630859375 0.0767822265625 0.049041748046875
0 0.681640625 0.6474609375 0.08732096354166667 0.08587646484375
3 0.5615234375 0.76318359375 0.10221354166666667 0.049041748046875
3 0.6920572916666666 0.73779296875 0.1044921875 0.046630859375
4 0.4208984375 0.5390625 0.08308919270833333 0.055816650390625
4 0.3916015625 0.50537109375 0.08085123697916667 0.055206298828125
4 0.3655598958333333 0.474853515625 0.08101399739583333 0.0526123046875
3 0.4264322916666667 0.7861328125 0.10205078125 0.050994873046875
5 0.14054361979166666 0.46142578125 0.057373046875 0.0755615234375
4 0.6220703125 0.5439453125 0.08561197916666667 0.05877685546875
2 0.6015625 0.67529296875 0.0849609375 0.0333251953125
3 0.7194010416666666 0.80615234375 0.10693359375 0.05072021484375
1 0.6705729166666666 0.432861328125 0.053263346354166664 0.039642333984375
5 0.23828125 0.55615234375 0.06103515625 0.0823974609375
0 0.7506510416666666 0.61572265625 0.088134765625 0.08465576171875
4 0.4772135416666667 0.6083984375 0.08846028645833333 0.06256103515625
5 0.11930338541666667 0.5439453125 0.061848958333333336 0.07763671875
5 0.27685546875 0.69921875 0.06538899739583333 0.0869140625
5 0.2937825520833333 0.60205078125 0.060791015625 0.0838623046875
5 0.0748291015625 0.497314453125 0.059122721354166664 0.07208251953125
5 0.22037760416666666 0.64599609375 0.0609130859375 0.087890625
5 0.3492838541666667 0.654296875 0.057169596354166664 0.08740234375
5 0.17041015625 0.59130859375 0.0631103515625 0.081787109375
5 0.18815104166666666 0.51025390625 0.058675130208333336 0.0765380859375
1 0.6321614583333334 0.4033203125 0.052652994791666664 0.034027099609375