3 0.6474609375 0.83642578125 0.134521484375 0.061431884765625
3 0.3035481770833333 0.8837890625 0.12849934895833334 0.063720703125
4 0.5026041666666666 0.321533203125 0.09895833333333333 0.047515869140625
3 0.4860026041666667 0.8154296875 0.129638671875 0.058349609375
4 0.3408203125 0.3935546875 0.10115559895833333 0.049224853515625
4 0.5126953125 0.364501953125 0.09635416666666667 0.04986572265625
3 0.1826171875 0.7802734375 0.12101236979166667 0.055419921875
3 0.33251953125 0.7958984375 0.12736002604166666 0.057281494140625
3 0.4658203125 0.90576171875 0.13639322916666666 0.06561279296875
3 0.15275065104166666 0.86279296875 0.12687174479166666 0.060760498046875
4 0.3587239583333333 0.48486328125 0.107177734375 0.049774169921875
4 0.3509114583333333 0.43603515625 0.103759765625 0.049774169921875
3 0.6360677083333334 0.92822265625 0.14054361979166666 0.0703125
4 0.5380859375 0.45166015625 0.1044921875 0.054107666015625
4 0.5511067708333334 0.497802734375 0.107177734375 0.054412841796875
3 0.5003255208333334 0.73388671875 0.12646484375 0.053985595703125
0 0.5504557291666666 0.62890625 0.06709798177083333 0.10858154296875
3 0.20654296875 0.70263671875 0.11490885416666667 0.0482177734375
4 0.5240885416666666 0.41064453125 0.101318359375 0.047088623046875
0 0.646484375 0.6171875 0.07320149739583333 0.11102294921875
5 0.055582682291666664 0.3671875 0.09171549479166667 0.07684326171875
5 0.165771484375 0.41064453125 0.09407552083333333 0.07977294921875
5 0.11946614583333333 0.286865234375 0.08601888020833333 0.07861328125
4 0.3333333333333333 0.353271484375 0.099853515625 0.049041748046875
5 0.18636067708333334 0.473876953125 0.097412109375 0.08465576171875
4 0.3619791666666667 0.52880859375 0.11149088541666667 0.056854248046875
1 0.6630859375 0.333984375 0.06624348958333333 0.0333251953125
2 0.4469401041666667 0.63671875 0.09513346354166667 0.044921875
5 0.20914713541666666 0.5400390625 0.103759765625 0.08868408203125
5 0.11735026041666667 0.56640625 0.10847981770833333 0.090576171875
3 0.6575520833333334 0.74951171875 0.13004557291666666 0.0567626953125
5 0.039469401041666664 0.30712890625 0.07893880208333333 0.07794189453125
3 0.3505859375 0.7177734375 0.1220703125 0.051361083984375
5 0.07373046875 0.429931640625 0.09220377604166667 0.078369140625
1 0.6796875 0.3779296875 0.06514485677083333 0.035491943359375
5 0.14249674479166666 0.347412109375 0.09122721354166667 0.07763671875
5 0.09423828125 0.496826171875 0.095947265625 0.08331298828125