4 0.6822916666666666 0.60888671875 0.08203125 0.031494140625
1 0.689453125 0.5810546875 0.060017903645833336 0.03240966796875
5 0.5328776041666666 0.943359375 0.12874348958333334 0.05450439453125
5 0.79296875 0.78466796875 0.12443033854166667 0.04986572265625
5 0.7044270833333334 0.83642578125 0.11881510416666667 0.047607421875
5 0.8815104166666666 0.73486328125 0.13264973958333334 0.047607421875
3 0.8645833333333334 0.479248046875 0.06888834635416667 0.06109619140625
5 0.6494140625 0.77587890625 0.11507161458333333 0.047332763671875
5 0.5660807291666666 0.826171875 0.12312825520833333 0.049774169921875
5 0.6217447916666666 0.88818359375 0.1220703125 0.0526123046875
3 0.7981770833333334 0.6064453125 0.06888834635416667 0.0634765625
0 0.5009765625 0.736328125 0.09635416666666667 0.0618896484375
5 0.4807942708333333 0.8798828125 0.12052408854166667 0.051544189453125
3 0.7356770833333334 0.52734375 0.06477864583333333 0.062103271484375
2 0.3404947916666667 0.673828125 0.06648763020833333 0.055419921875
3 0.7454427083333334 0.341064453125 0.058024088541666664 0.05645751953125
0 0.6305338541666666 0.6748046875 0.10042317708333333 0.0616455078125
3 0.865234375 0.5810546875 0.0709228515625 0.063720703125
5 0.7350260416666666 0.72802734375 0.11653645833333333 0.044769287109375
4 0.3616536458333333 0.42626953125 0.0745849609375 0.058441162109375
4 0.3136393229166667 0.455078125 0.07161458333333333 0.0615234375
3 0.7395833333333334 0.431396484375 0.061848958333333336 0.05889892578125
3 0.8001302083333334 0.50439453125 0.068115234375 0.06109619140625
3 0.6822916666666666 0.36328125 0.058919270833333336 0.056854248046875
4 0.4567057291666667 0.5048828125 0.073486328125 0.059539794921875
4 0.4143880208333333 0.53759765625 0.07735188802083333 0.06304931640625
3 0.8040364583333334 0.408447265625 0.06599934895833333 0.057281494140625
5 0.5572916666666666 0.65087890625 0.06937662760416667 0.06939697265625
4 0.21435546875 0.513671875 0.07706705729166667 0.06097412109375
3 0.6770833333333334 0.453857421875 0.060587565104166664 0.0592041015625
3 0.9283854166666666 0.55615234375 0.07389322916666667 0.0640869140625
4 0.2652994791666667 0.48388671875 0.0767822265625 0.061431884765625
4 0.5048828125 0.47705078125 0.0775146484375 0.06109619140625
4 0.3649088541666667 0.56982421875 0.07596842447916667 0.061981201171875
3 0.5478515625 0.55517578125 0.04296875 0.063720703125
1 0.4225260416666667 0.6318359375 0.035542805989583336 0.042022705078125
4 0.318359375 0.59912109375 0.08040364583333333 0.06463623046875