3 0.3269856770833333 0.37890625 0.09309895833333333 0.040313720703125
2 0.28271484375 0.50439453125 0.045979817708333336 0.060516357421875
3 0.20442708333333334 0.3984375 0.095947265625 0.040618896484375
3 0.4365234375 0.30322265625 0.09716796875 0.0416259765625
3 0.578125 0.338623046875 0.10148111979166667 0.042633056640625
0 0.3668619791666667 0.58935546875 0.07173665364583333 0.07708740234375
3 0.19417317708333334 0.343017578125 0.09513346354166667 0.0401611328125
3 0.4521484375 0.35888671875 0.09578450520833333 0.040679931640625
3 0.4212239583333333 0.243408203125 0.097412109375 0.04168701171875
3 0.3146158854166667 0.32275390625 0.095947265625 0.040374755859375
3 0.18017578125 0.283203125 0.09391276041666667 0.041839599609375
4 0.4254557291666667 0.74560546875 0.08463541666666667 0.07122802734375
3 0.2989908854166667 0.263671875 0.09285481770833333 0.040618896484375
1 0.4622395833333333 0.62255859375 0.046427408854166664 0.052337646484375
5 0.4143880208333333 0.56787109375 0.0947265625 0.07147216796875
4 0.3092447916666667 0.66845703125 0.08479817708333333 0.06451416015625
3 0.5602213541666666 0.28271484375 0.10245768229166667 0.04345703125
4 0.4052734375 0.9521484375 0.08463541666666667 0.0751953125
0 0.384765625 0.51611328125 0.12736002604166666 0.042236328125
4 0.3541666666666667 0.9013671875 0.11263020833333333 0.0948486328125
5 0.7649739583333334 0.46484375 0.12166341145833333 0.07806396484375
4 0.2985026041666667 0.86181640625 0.10791015625 0.091552734375
5 0.6783854166666666 0.374267578125 0.10945638020833333 0.07598876953125
5 0.6520182291666666 0.5390625 0.111083984375 0.07171630859375
4 0.5315755208333334 0.52587890625 0.07470703125 0.064208984375
5 0.7571614583333334 0.548828125 0.12491861979166667 0.07879638671875
5 0.6673177083333334 0.456298828125 0.10872395833333333 0.0751953125
5 0.7447916666666666 0.63818359375 0.12101236979166667 0.08282470703125
5 0.78125 0.38427734375 0.11930338541666667 0.07586669921875
1 0.4244791666666667 0.44091796875 0.068603515625 0.03143310546875
5 0.640625 0.62548828125 0.11124674479166667 0.07861328125
4 0.24251302083333334 0.8193359375 0.10595703125 0.08758544921875
5 0.7916666666666666 0.3017578125 0.1171875 0.07794189453125
3 0.4720052083333333 0.53515625 0.04248046875 0.0709228515625
4 0.4791666666666667 0.78662109375 0.08251953125 0.07208251953125
4 0.365234375 0.70654296875 0.086181640625 0.06927490234375
4 0.18180338541666666 0.7880859375 0.08479817708333333 0.070068359375