0 0.2950846354166667 0.380615234375 0.09041341145833333 0.039794921875
3 0.4860026041666667 0.417724609375 0.070556640625 0.048583984375
3 0.6145833333333334 0.398681640625 0.0682373046875 0.047943115234375
3 0.5944010416666666 0.29052734375 0.06709798177083333 0.046295166015625
3 0.6429036458333334 0.3203125 0.06734212239583333 0.04681396484375
3 0.51953125 0.336669921875 0.0704345703125 0.047515869140625
3 0.44140625 0.382568359375 0.07291666666666667 0.048492431640625
2 0.4368489583333333 0.33447265625 0.06685384114583333 0.030914306640625
3 0.44921875 0.49951171875 0.0748291015625 0.047149658203125
3 0.3587239583333333 0.431396484375 0.07539876302083333 0.04913330078125
3 0.40234375 0.46826171875 0.07442220052083333 0.0496826171875
3 0.5657552083333334 0.367919921875 0.06913248697916667 0.04681396484375
0 0.3232421875 0.340087890625 0.08846028645833333 0.042022705078125
4 0.103515625 0.57373046875 0.09220377604166667 0.056121826171875
3 0.6927083333333334 0.34912109375 0.0682373046875 0.04681396484375
4 0.2734375 0.533203125 0.08406575520833333 0.054290771484375
5 0.7421875 0.5068359375 0.10042317708333333 0.0258026123046875
4 0.3824869791666667 0.64404296875 0.091552734375 0.06463623046875
3 0.5328776041666666 0.449462890625 0.06990559895833333 0.050323486328125
4 0.134521484375 0.611328125 0.09700520833333333 0.059967041015625
4 0.16829427083333334 0.6494140625 0.0986328125 0.06231689453125
4 0.23502604166666666 0.728515625 0.10188802083333333 0.06488037109375
4 0.23860677083333334 0.501953125 0.08528645833333333 0.04949951171875
1 0.4449869791666667 0.258056640625 0.049967447916666664 0.0312042236328125
5 0.6165364583333334 0.51171875 0.09806315104166667 0.0255584716796875
4 0.3056640625 0.56884765625 0.08829752604166667 0.056549072265625
4 0.3450520833333333 0.60791015625 0.091064453125 0.05987548828125
5 0.814453125 0.376220703125 0.10074869791666667 0.0302734375
5 0.6803385416666666 0.4677734375 0.092041015625 0.0279541015625
5 0.5472005208333334 0.560546875 0.10001627604166667 0.0266571044921875
4 0.20149739583333334 0.68408203125 0.09969075520833333 0.06475830078125
5 0.7513020833333334 0.419189453125 0.09407552083333333 0.0271759033203125
5 0.8118489583333334 0.460205078125 0.09952799479166667 0.024566650390625
5 0.6100260416666666 0.60546875 0.105224609375 0.0280609130859375
5 0.6803385416666666 0.5546875 0.09700520833333333 0.028594970703125
5 0.8782552083333334 0.41455078125 0.11287434895833333 0.033203125
1 0.4609375 0.291259765625 0.052449544270833336 0.027740478515625