3 0.6393229166666666 0.430908203125 0.07373046875 0.07476806640625
3 0.6927083333333334 0.341796875 0.0687255859375 0.06964111328125
3 0.560546875 0.401611328125 0.0723876953125 0.07171630859375
3 0.619140625 0.318115234375 0.06648763020833333 0.06854248046875
3 0.3629557291666667 0.5478515625 0.081298828125 0.076416015625
3 0.5859375 0.51708984375 0.07596842447916667 0.07781982421875
3 0.4446614583333333 0.57958984375 0.07694498697916667 0.07861328125
4 0.11881510416666667 0.43310546875 0.11002604166666667 0.062103271484375
4 0.3463541666666667 0.39599609375 0.10734049479166667 0.0640869140625
0 0.50390625 0.7666015625 0.059244791666666664 0.09722900390625
3 0.4847005208333333 0.370849609375 0.07161458333333333 0.071044921875
4 0.5960286458333334 0.71240234375 0.055094401041666664 0.078369140625
5 0.8522135416666666 0.55859375 0.11865234375 0.0615234375
1 0.3450520833333333 0.6982421875 0.07735188802083333 0.036895751953125
4 0.07881673177083333 0.48046875 0.11027018229166667 0.057586669921875
5 0.7265625 0.6240234375 0.10929361979166667 0.062103271484375
3 0.5266927083333334 0.61181640625 0.07792154947916667 0.080810546875
1 0.4384765625 0.72021484375 0.045206705729166664 0.05389404296875
4 0.31298828125 0.443603515625 0.10888671875 0.0635986328125
5 0.6643880208333334 0.8037109375 0.1044921875 0.06719970703125
4 0.24934895833333334 0.53662109375 0.10945638020833333 0.0638427734375
5 0.7884114583333334 0.458251953125 0.11678059895833333 0.059417724609375
4 0.18522135416666666 0.33935546875 0.10945638020833333 0.06304931640625
5 0.8248697916666666 0.6484375 0.11759440104166667 0.0631103515625
5 0.7578125 0.5390625 0.10831705729166667 0.0592041015625
5 0.8815104166666666 0.478759765625 0.11637369791666667 0.058441162109375
4 0.3779296875 0.3486328125 0.10636393229166667 0.063720703125
3 0.5045572916666666 0.486572265625 0.07596842447916667 0.07574462890625
5 0.6920572916666666 0.70849609375 0.10262044270833333 0.059326171875
3 0.423828125 0.460205078125 0.07649739583333333 0.07476806640625
2 0.4072265625 0.658203125 0.090087890625 0.033721923828125
3 0.5520833333333334 0.76611328125 0.057373046875 0.086181640625
4 0.15087890625 0.38623046875 0.11002604166666667 0.0635986328125
4 0.2794596354166667 0.492431640625 0.11067708333333333 0.06243896484375
0 0.3470052083333333 0.85498046875 0.12849934895833334 0.0867919921875
5 0.322265625 0.6572265625 0.10465494791666667 0.07208251953125
5 0.80078125 0.7314453125 0.13688151041666666 0.07861328125