4 0.759755291005291 0.730406746031746 0.1259920634920635 0.0798611111111111
4 0.6784060846560847 0.5880456349206349 0.11144179894179894 0.06944444444444445
4 0.24107142857142858 0.746155753968254 0.15674603174603174 0.06522817460317461
4 0.43716931216931215 0.5066964285714286 0.12962962962962962 0.05654761904761905
4 0.22106481481481483 0.6085069444444444 0.14252645502645503 0.057787698412698416
4 0.21626984126984128 0.5477430555555556 0.14417989417989419 0.056299603174603176
4 0.24189814814814814 0.8226686507936508 0.14252645502645503 0.06349206349206349
4 0.45519179894179895 0.5704365079365079 0.13326719576719576 0.05853174603174603
4 0.4718915343915344 0.6375248015873016 0.14285714285714285 0.05679563492063492
4 0.23115079365079366 0.6755952380952381 0.14814814814814814 0.05803571428571429
3 0.7734375 0.63232421875 0.09716796875 0.09271240234375
3 0.6998697916666666 0.51025390625 0.0638427734375 0.08831787109375