0 0.30810546875 0.409912109375 0.08943684895833333 0.039947509765625
3 0.623046875 0.427490234375 0.06709798177083333 0.044097900390625
3 0.4986979166666667 0.445556640625 0.06888834635416667 0.0455322265625
3 0.4612630208333333 0.52392578125 0.07307942708333333 0.04779052734375
3 0.3717447916666667 0.45849609375 0.07291666666666667 0.0482177734375
3 0.4541015625 0.4111328125 0.07027180989583333 0.04510498046875
3 0.6507161458333334 0.35546875 0.06392415364583333 0.04400634765625
3 0.5748697916666666 0.398193359375 0.06673177083333333 0.04510498046875
3 0.546875 0.474853515625 0.07173665364583333 0.0472412109375
3 0.6031901041666666 0.3271484375 0.06465657552083333 0.042022705078125
3 0.697265625 0.380859375 0.0631103515625 0.042724609375
5 0.7578125 0.448974609375 0.092529296875 0.0321044921875
4 0.2849934895833333 0.5546875 0.08447265625 0.054901123046875
3 0.5299479166666666 0.368408203125 0.06673177083333333 0.043701171875
5 0.8151041666666666 0.406494140625 0.09391276041666667 0.0303802490234375
3 0.4134114583333333 0.491943359375 0.07373046875 0.049224853515625
4 0.24348958333333334 0.75146484375 0.10888671875 0.07208251953125
4 0.3191731770833333 0.59130859375 0.090576171875 0.05889892578125
4 0.3955078125 0.666015625 0.09269205729166667 0.06671142578125
5 0.693359375 0.494140625 0.09407552083333333 0.0310821533203125
4 0.357421875 0.62841796875 0.09138997395833333 0.062225341796875
4 0.17513020833333334 0.66943359375 0.10042317708333333 0.06536865234375
4 0.144775390625 0.63232421875 0.09407552083333333 0.060211181640625
4 0.112060546875 0.595703125 0.09440104166666667 0.058349609375
5 0.7545572916666666 0.5322265625 0.10099283854166667 0.026458740234375
5 0.81640625 0.487060546875 0.10392252604166667 0.0321044921875
1 0.4563802083333333 0.295654296875 0.0489501953125 0.0296478271484375
4 0.2513020833333333 0.52490234375 0.08463541666666667 0.050140380859375
0 0.337890625 0.37109375 0.08634440104166667 0.041534423828125
5 0.5657552083333334 0.5830078125 0.11124674479166667 0.03521728515625
4 0.2119140625 0.7080078125 0.1044921875 0.06939697265625
5 0.880859375 0.443115234375 0.10148111979166667 0.0305023193359375
1 0.4713541666666667 0.3291015625 0.054850260416666664 0.033599853515625
5 0.6285807291666666 0.53759765625 0.10042317708333333 0.029541015625
2 0.44921875 0.36669921875 0.06746419270833333 0.0299835205078125
5 0.69140625 0.57958984375 0.09562174479166667 0.033477783203125
5 0.6246744791666666 0.6298828125 0.10750325520833333 0.036895751953125