5 0.7877604166666666 0.626953125 0.119873046875 0.070068359375
3 0.7102864583333334 0.828125 0.10042317708333333 0.057586669921875
4 0.3922526041666667 0.343017578125 0.10904947916666667 0.052825927734375
4 0.17643229166666666 0.39697265625 0.11385091145833333 0.052703857421875
4 0.3470052083333333 0.444091796875 0.113037109375 0.052520751953125
1 0.6354166666666666 0.5166015625 0.055094401041666664 0.048492431640625
0 0.6565755208333334 0.44775390625 0.057088216145833336 0.083740234375
4 0.3212890625 0.49365234375 0.115478515625 0.05224609375
5 0.6692708333333334 0.6923828125 0.11507161458333333 0.06829833984375
3 0.3447265625 0.70263671875 0.09952799479166667 0.052703857421875
5 0.7708333333333334 0.370361328125 0.11678059895833333 0.06890869140625
3 0.5533854166666666 0.84716796875 0.10538736979166667 0.05792236328125
4 0.369140625 0.3955078125 0.10970052083333333 0.053497314453125
5 0.859375 0.388427734375 0.12101236979166667 0.06707763671875
3 0.515625 0.91748046875 0.106201171875 0.063232421875
5 0.8125 0.54638671875 0.11409505208333333 0.06610107421875
5 0.5042317708333334 0.3623046875 0.05517578125 0.08447265625
2 0.5358072916666666 0.4150390625 0.08479817708333333 0.03912353515625
5 0.8326822916666666 0.468017578125 0.116943359375 0.06658935546875
3 0.6744791666666666 0.88818359375 0.10481770833333333 0.0615234375
3 0.3056640625 0.7646484375 0.10319010416666667 0.057373046875
5 0.7415364583333334 0.450439453125 0.11083984375 0.06561279296875
3 0.4983723958333333 0.62158203125 0.07413736979166667 0.06524658203125
4 0.197265625 0.34814453125 0.11409505208333333 0.053192138671875
4 0.14599609375 0.448974609375 0.11385091145833333 0.053314208984375
1 0.5511067708333334 0.67236328125 0.0509033203125 0.047332763671875
4 0.5895182291666666 0.5751953125 0.07938639322916667 0.056243896484375
5 0.7174479166666666 0.5283203125 0.11385091145833333 0.06842041015625
4 0.294921875 0.544921875 0.11083984375 0.053009033203125
4 0.1201171875 0.499267578125 0.11930338541666667 0.0537109375
3 0.64453125 0.95849609375 0.10807291666666667 0.061431884765625
0 0.5143229166666666 0.51953125 0.09651692708333333 0.06854248046875
3 0.427734375 0.8056640625 0.103515625 0.05645751953125
3 0.3916015625 0.87548828125 0.10734049479166667 0.0616455078125
5 0.69140625 0.60986328125 0.11385091145833333 0.06964111328125
3 0.4658203125 0.7451171875 0.10188802083333333 0.0552978515625
3 0.5875651041666666 0.7861328125 0.10319010416666667 0.058135986328125