2 0.5267857142857143 0.5054563492063492 0.07671957671957672 0.0798611111111111
4 0.4933862433862434 0.6803075396825397 0.12103174603174603 0.1001984126984127
0 0.16749338624338625 0.7080853174603174 0.05919312169312169 0.11359126984126984
5 0.20502645502645503 0.5549355158730159 0.08994708994708994 0.10689484126984126
1 0.11210317460317461 0.6209077380952381 0.08068783068783068 0.057291666666666664
0 0.2984457671957672 0.42373511904761907 0.08763227513227513 0.09846230158730158
4 0.6006944444444444 0.8980654761904762 0.12334656084656084 0.1076388888888889
4 0.9113756613756614 0.6734871031746031 0.12566137566137567 0.09300595238095238
4 0.751818783068783 0.7827380952380952 0.13921957671957672 0.10962301587301587
3 0.4117063492063492 0.47445436507936506 0.1130952380952381 0.060515873015873016
4 0.3776455026455027 0.6056547619047619 0.10185185185185185 0.08432539682539683
1 0.0873015873015873 0.7220982142857143 0.08796296296296297 0.046378968253968256
3 0.6643882275132275 0.3984375 0.11865079365079366 0.05358878968253968
3 0.42252645502645503 0.21105902777777777 0.11124669312169314 0.05090277777777778
4 0.828125 0.7260739087301588 0.1442857142857143 0.1175545634920635
4 0.5706382275132275 0.6264657738095237 0.13330026455026456 0.10052579365079364
3 0.5686838624338625 0.23510664682539684 0.11507275132275133 0.052519841269841265
4 0.671223544973545 0.83984375 0.13330026455026456 0.1227405753968254
3 0.8645833333333334 0.35790922619047616 0.13354497354497355 0.057373511904761906
3 0.3544907407407408 0.34082093253968254 0.11108465608465609 0.05050595238095238
3 0.8398445767195767 0.4296875 0.13590608465608467 0.055815972222222225
3 0.5078141534391535 0.36987351190476186 0.11970899470899471 0.053802083333333334
3 0.38932208994708994 0.2751463293650794 0.10969907407407407 0.049866071428571426
4 0.6380224867724869 0.58203125 0.13167328042328041 0.09368799603174603
4 0.4166666666666667 0.7324231150793651 0.13305555555555557 0.1116344246031746
3 0.5419907407407407 0.3012698412698413 0.11946759259259258 0.052428075396825397
3 0.6968948412698412 0.32885664682539684 0.12596560846560848 0.05310019841269841
3 0.72255291005291 0.2591765873015873 0.12235449735449735 0.05704365079365079