2 0.6273148148148148 0.6310763888888888 0.08267195767195767 0.08606150793650794
4 0.19196428571428573 0.6703869047619048 0.15707671957671956 0.08482142857142858
4 0.8794642857142857 0.6175595238095238 0.12466931216931217 0.06498015873015874
0 0.7602513227513228 0.7823660714285714 0.13293650793650794 0.09598214285714286
4 0.453042328042328 0.6489335317460317 0.13161375661375663 0.07911706349206349
1 0.5997023809523809 0.45163690476190477 0.08961640211640212 0.041666666666666664
4 0.11193783068783068 0.5373263888888888 0.1259920634920635 0.06572420634920635
1 0.9074074074074074 0.49181547619047616 0.0701058201058201 0.06299603174603174
5 0.7394179894179894 0.40513392857142855 0.07671957671957672 0.10044642857142858
4 0.32919973544973546 0.46279761904761907 0.12996031746031747 0.07589285714285714
4 0.2959656084656085 0.39967757936507936 0.12103174603174603 0.06324404761904762
4 0.15542328042328044 0.5992063492063492 0.14616402116402116 0.0744047619047619
3 0.7194010416666666 0.5068359375 0.1259765625 0.046905517578125
4 0.3766276041666667 0.52392578125 0.14200846354166666 0.08062744140625
4 0.4143880208333333 0.5869140625 0.14249674479166666 0.083740234375
4 0.22916666666666666 0.73828125 0.15625 0.08416748046875