2 0.6709656084656085 0.8036954365079365 0.11706349206349206 0.10193452380952381
0 0.3587962962962963 0.8831845238095238 0.17526455026455026 0.1130952380952381
1 0.37979497354497355 0.6814236111111112 0.11210317460317461 0.05530753968253968
1 0.2318121693121693 0.6644345238095238 0.10251322751322751 0.05009920634920635
5 0.12797619047619047 0.6221478174603174 0.1832010582010582 0.05530753968253968
4 0.46395502645502645 0.7204861111111112 0.10383597883597884 0.11210317460317461
3 0.2991536458333333 0.462646484375 0.16910807291666666 0.07421875
3 0.24267578125 0.72607421875 0.16422526041666666 0.08197021484375
3 0.900390625 0.5546875 0.16959635416666666 0.0743408203125
3 0.6790364583333334 0.6259765625 0.161376953125 0.0738525390625
3 0.7194010416666666 0.422607421875 0.1591796875 0.07330322265625
3 0.5 0.490966796875 0.1669921875 0.0723876953125
3 0.6979166666666666 0.52294921875 0.1611328125 0.07183837890625
3 0.3274739583333333 0.3623046875 0.16650390625 0.07684326171875
3 0.8854166666666666 0.654296875 0.15974934895833334 0.06549072265625
3 0.2666015625 0.56201171875 0.16878255208333334 0.07574462890625
3 0.5263671875 0.39306640625 0.16617838541666666 0.07476806640625
3 0.4716796875 0.5927734375 0.1611328125 0.06964111328125