2 0.7075066137566137 0.44419642857142855 0.11011904761904762 0.06696428571428571
0 0.2027116402116402 0.39186507936507936 0.13558201058201058 0.1056547619047619
4 0.47784391534391535 0.5602678571428571 0.08068783068783068 0.12053571428571429
4 0.691468253968254 0.5713045634920635 0.07142857142857142 0.11036706349206349
4 0.37334656084656087 0.5543154761904762 0.06944444444444445 0.1130952380952381
0 0.6684854497354498 0.2078373015873016 0.11607142857142858 0.09176587301587301
4 0.7835648148148148 0.7805059523809523 0.08498677248677249 0.12698412698412698
1 0.24156746031746032 0.2900545634920635 0.10284391534391535 0.050347222222222224
5 0.38657407407407407 0.29873511904761907 0.15476190476190477 0.06225198412698413
4 0.46577380952380953 0.7755456349206349 0.06646825396825397 0.11706349206349206
4 0.451223544973545 0.42931547619047616 0.1173941798941799 0.0763888888888889
1 0.12764550264550265 0.35627480158730157 0.09325396825396826 0.05233134920634921
4 0.6823743386243386 0.7759176587301587 0.0796957671957672 0.1212797619047619
4 0.5714285714285714 0.7777777777777778 0.06613756613756613 0.11904761904761904
4 0.35548941798941797 0.7718253968253969 0.07738095238095238 0.12450396825396826
4 0.5871362433862434 0.566468253968254 0.06977513227513228 0.11210317460317461
3 0.451171875 0.363525390625 0.11653645833333333 0.08709716796875