3 0.3568121693121693 0.8096478174603174 0.10978835978835978 0.06572420634920635
3 0.5325727513227513 0.779265873015873 0.11144179894179894 0.06398809523809523
5 0.5130621693121693 0.34858630952380953 0.07043650793650794 0.06969246031746032
3 0.4958664021164021 0.8559027777777778 0.11937830687830688 0.06994047619047619
0 0.781415343915344 0.5367063492063492 0.11574074074074074 0.05406746031746032
3 0.22486772486772486 0.7659970238095238 0.10383597883597884 0.058779761904761904
3 0.3976521164021164 0.7393353174603174 0.10747354497354497 0.06001984126984127
5 0.421957671957672 0.33023313492063494 0.06812169312169312 0.06870039682539683
4 0.5252976190476191 0.45349702380952384 0.06646825396825397 0.07068452380952381
5 0.6102843915343915 0.3671875 0.07506613756613757 0.07465277777777778
3 0.2706679894179894 0.7010168650793651 0.10218253968253968 0.057291666666666664
3 0.5676256613756614 0.7080853174603174 0.1087962962962963 0.05952380952380952
3 0.14996693121693122 0.6634424603174603 0.09953703703703703 0.05505952380952381
4 0.38591269841269843 0.5472470238095238 0.08002645502645503 0.07713293650793651
0 0.8154761904761905 0.4826388888888889 0.1130952380952381 0.05009920634920635
4 0.4001322751322751 0.41629464285714285 0.0667989417989418 0.06919642857142858
3 0.43584656084656087 0.6691468253968254 0.10317460317460317 0.057539682539682536
2 0.83994708994709 0.4365079365079365 0.08002645502645503 0.04712301587301587
5 0.3330026455026455 0.3098958333333333 0.07208994708994709 0.07316468253968254
3 0.3100198412698413 0.6338045634920635 0.10085978835978836 0.05431547619047619
3 0.10284391534391535 0.7248263888888888 0.10317460317460317 0.057291666666666664
5 0.7101521164021164 0.38169642857142855 0.08167989417989419 0.0744047619047619
1 0.7711640211640212 0.6969246031746031 0.08068783068783068 0.039186507936507936
1 0.7556216931216931 0.6331845238095238 0.07539682539682539 0.03819444444444445
3 0.19047619047619047 0.5992063492063492 0.09788359788359788 0.052083333333333336
4 0.5816798941798942 0.603546626984127 0.07738095238095238 0.08556547619047619
4 0.6501322751322751 0.48325892857142855 0.06878306878306878 0.07862103174603174
4 0.4646164021164021 0.4361359126984127 0.0667989417989418 0.0716765873015873
4 0.4514973958333333 0.5634765625 0.07954915364583333 0.0802001953125
4 0.5862630208333334 0.4677734375 0.07145182291666667 0.07684326171875
4 0.3250325520833333 0.52734375 0.0799560546875 0.07763671875
5 0.5439453125 0.29931640625 0.072265625 0.06817626953125
5 0.4534505208333333 0.28369140625 0.06709798177083333 0.06915283203125
4 0.5172526041666666 0.58447265625 0.07954915364583333 0.080810546875
5 0.6337890625 0.31201171875 0.07145182291666667 0.06817626953125
5 0.3678385416666667 0.265380859375 0.062296549479166664 0.06634521484375
5 0.7317708333333334 0.325439453125 0.07198079427083333 0.0703125