3 0.17594401041666666 0.48095703125 0.043619791666666664 0.0496826171875
3 0.162109375 0.423583984375 0.041280110677083336 0.04620361328125
2 0.4729817708333333 0.406005859375 0.048014322916666664 0.036346435546875
3 0.2869466145833333 0.60009765625 0.050333658854166664 0.058441162109375
3 0.22623697916666666 0.4111328125 0.041910807291666664 0.044769287109375
3 0.2644856770833333 0.529296875 0.047770182291666664 0.053497314453125
3 0.19140625 0.544921875 0.044514973958333336 0.05389404296875
3 0.3068033854166667 0.4501953125 0.045369466145833336 0.050048828125
3 0.3308919270833333 0.51171875 0.047648111979166664 0.05389404296875
3 0.3512369791666667 0.57861328125 0.040283203125 0.0560302734375
3 0.20914713541666666 0.61767578125 0.050048828125 0.061309814453125
3 0.24348958333333334 0.467529296875 0.042805989583333336 0.04840087890625
3 0.28515625 0.394287109375 0.041829427083333336 0.04376220703125
5 0.7109375 0.3955078125 0.0986328125 0.03875732421875
5 0.9192708333333334 0.386962890625 0.10335286458333333 0.038116455078125
0 0.3401692708333333 0.373046875 0.0465087890625 0.060302734375
5 0.8365885416666666 0.411376953125 0.09716796875 0.039703369140625
5 0.7506510416666666 0.43408203125 0.09651692708333333 0.04010009765625
5 0.794921875 0.372802734375 0.088623046875 0.033477783203125
4 0.7845052083333334 0.56640625 0.0679931640625 0.07763671875
5 0.5498046875 0.440185546875 0.09041341145833333 0.0391845703125
5 0.5810546875 0.47998046875 0.09309895833333333 0.0386962890625
4 0.763671875 0.69970703125 0.07279459635416667 0.08929443359375
4 0.716796875 0.5751953125 0.0684814453125 0.07965087890625
4 0.521484375 0.5966796875 0.054036458333333336 0.07501220703125
5 0.6360677083333334 0.417724609375 0.08943684895833333 0.038909912109375
5 0.6656901041666666 0.462158203125 0.09220377604166667 0.0411376953125
4 0.6533203125 0.5830078125 0.06278483072916667 0.076416015625
4 0.6875 0.708984375 0.068603515625 0.08929443359375
5 0.8763020833333334 0.346435546875 0.09358723958333333 0.0318603515625
0 0.4020182291666667 0.359375 0.045369466145833336 0.058013916015625
4 0.5882161458333334 0.5888671875 0.054361979166666664 0.07196044921875
4 0.6194661458333334 0.7158203125 0.0677490234375 0.08740234375
4 0.8346354166666666 0.69189453125 0.07694498697916667 0.0869140625
1 0.5911458333333334 0.34375 0.0513916015625 0.0310211181640625
4 0.5455729166666666 0.72119140625 0.0631103515625 0.08538818359375
1 0.5537109375 0.371337890625 0.047932942708333336 0.03173828125