3 0.5537367724867724 0.35106646825396826 0.10747354497354497 0.05381944444444445
4 0.5115740740740741 0.6338045634920635 0.1078042328042328 0.0954861111111111
5 0.26438492063492064 0.503968253968254 0.10085978835978836 0.09126984126984126
2 0.5588624338624338 0.47879464285714285 0.07473544973544974 0.0716765873015873
4 0.6557539682539683 0.5512152777777778 0.11375661375661375 0.09052579365079365
1 0.16650132275132276 0.5574156746031746 0.07771164021164022 0.05282738095238095
0 0.35383597883597884 0.38851686507936506 0.06613756613756613 0.0954861111111111
4 0.8859126984126984 0.652405753968254 0.11177248677248677 0.08804563492063493
1 0.13541666666666666 0.6478174603174603 0.08167989417989419 0.04117063492063492
0 0.21031746031746032 0.6378968253968254 0.05489417989417989 0.10416666666666667
4 0.39715608465608465 0.558655753968254 0.11706349206349206 0.03943452380952381
4 0.7349537037037037 0.7403273809523809 0.12202380952380952 0.10218253968253968
4 0.5843253968253969 0.8337053571428571 0.10714285714285714 0.0974702380952381
3 0.4912109375 0.1954345703125 0.10408528645833333 0.051666259765625
3 0.8548177083333334 0.42822265625 0.12337239583333333 0.05511474609375
4 0.8072916666666666 0.69580078125 0.12849934895833334 0.110107421875
4 0.5833333333333334 0.59765625 0.11971028645833333 0.09320068359375
4 0.654296875 0.7841796875 0.12141927083333333 0.11419677734375
3 0.7005208333333334 0.387939453125 0.10774739583333333 0.05419921875
3 0.8860677083333334 0.36474609375 0.12141927083333333 0.0582275390625
4 0.4339192708333333 0.6767578125 0.11409505208333333 0.10015869140625
3 0.6263020833333334 0.2265625 0.10538736979166667 0.05291748046875
3 0.5921223958333334 0.28857421875 0.10506184895833333 0.053009033203125
3 0.4554036458333333 0.253662109375 0.103759765625 0.05145263671875
3 0.7682291666666666 0.26123046875 0.11124674479166667 0.0548095703125
3 0.4143880208333333 0.3134765625 0.10221354166666667 0.053192138671875
3 0.3505859375 0.51611328125 0.1171875 0.039276123046875
3 0.7330729166666666 0.32568359375 0.10831705729166667 0.0548095703125