3 0.7389318783068783 0.5727529761904763 0.07722883597883598 0.0680530753968254
3 0.5810548941798942 0.7280282738095237 0.07552248677248677 0.06878720238095239
3 0.7233068783068783 0.6826165674603174 0.07751322751322752 0.06817708333333333
5 0.4283862433862434 0.7441418650793651 0.059447751322751326 0.09588541666666667
5 0.2853174603174603 0.7509771825396826 0.06135912698412699 0.09789930555555557
5 0.10115410052910052 0.6582043650793651 0.07279431216931216 0.09704613095238096
5 0.061726190476190476 0.5561532738095237 0.06477843915343914 0.08618055555555557
4 0.39746031746031746 0.5634771825396826 0.07836970899470899 0.05856398809523809
3 0.8619808201058201 0.6396478174603174 0.08296626984126984 0.0706795634920635
3 0.8815112433862434 0.5268551587301588 0.08056547619047619 0.06744295634920636
3 0.7089847883597883 0.7885739087301588 0.07791997354497354 0.06903025793650794
4 0.4238293650793651 0.29370039682539684 0.09122685185185185 0.08850198412698412
4 0.5445965608465608 0.35644593253968254 0.09090277777777778 0.08361855158730158
4 0.6061210317460318 0.38915922619047616 0.09187830687830686 0.0797718253968254
5 0.19563822751322751 0.7045907738095237 0.06774801587301588 0.09771825396825397
4 0.6533201058201058 0.23913690476190477 0.09073743386243385 0.08331349206349206
3 0.6455092592592593 0.7587896825396826 0.07373015873015873 0.06817708333333333
4 0.59375 0.20495535714285715 0.09025132275132276 0.08477678571428571
4 0.6673181216931217 0.41796875 0.09285383597883598 0.07684275793650794
4 0.7167956349206349 0.27075148809523814 0.09285383597883598 0.08447172619047619
3 0.32438161375661373 0.44042906746031746 0.10375992063492064 0.03149305555555556
4 0.53125 0.17004464285714285 0.0899239417989418 0.08679315476190476
3 0.8020833333333334 0.6049801587301588 0.07836970899470899 0.06890873015873016
3 0.9427083333333334 0.5620114087301588 0.08569444444444443 0.06719990079365079
5 0.6920568783068783 0.49755952380952384 0.08113756613756615 0.0680530753968254
0 0.48762896825396823 0.4965823412698413 0.09895833333333333 0.06964037698412699
5 0.251140873015873 0.6518551587301588 0.05476851851851852 0.08386160714285715
3 0.6598313492063492 0.6513665674603174 0.07482804232804233 0.06793154761904761
1 0.2939451058201058 0.4826661706349206 0.07320105820105821 0.03594990079365079
3 0.7845039682539683 0.7133779761904763 0.08296626984126984 0.07208333333333333
0 0.5110681216931217 0.64453125 0.041607142857142856 0.08618055555555557
5 0.3694675925925926 0.7993154761904763 0.04666997354497354 0.08251984126984127
5 0.15917989417989417 0.5996106150793651 0.07238756613756614 0.09753472222222222
1 0.47591269841269845 0.5932614087301588 0.06709656084656085 0.044097222222222225
5 0.3411474867724868 0.6928720238095237 0.061279761904761906 0.0925297619047619
2 0.6311838624338625 0.52734375 0.04362103174603175 0.0629265873015873
4 0.4861111111111111 0.3240749007936508 0.0815707671957672 0.07275049603174603