2 0.16881613756613756 0.5757688492063492 0.08101851851851852 0.0662202380952381
4 0.38673941798941797 0.6490575396825397 0.0763888888888889 0.08085317460317461
3 0.3201058201058201 0.5533234126984127 0.083994708994709 0.0689484126984127
5 0.7670304232804233 0.45535714285714285 0.11144179894179894 0.08531746031746032
5 0.6746031746031746 0.5415426587301587 0.10912698412698413 0.08754960317460317
5 0.8325066137566137 0.7380952380952381 0.11408730158730158 0.10218253968253968
1 0.5054563492063492 0.5768849206349206 0.05324074074074074 0.060515873015873016
1 0.3103505291005291 0.44134424603174605 0.07308201058201058 0.038938492063492064
5 0.45601851851851855 0.4636656746031746 0.10582010582010581 0.06324404761904762
5 0.8080357142857143 0.6346726190476191 0.11144179894179894 0.09126984126984126
5 0.7046957671957672 0.7424355158730159 0.11772486772486772 0.10193452380952381
5 0.7526455026455027 0.37524801587301587 0.10052910052910052 0.08035714285714286
5 0.689318783068783 0.636656746031746 0.11474867724867725 0.08978174603174603
5 0.6592261904761905 0.45808531746031744 0.103505291005291 0.0818452380952381
5 0.7825727513227513 0.5395585317460317 0.11144179894179894 0.08655753968253968
0 0.1714616402116402 0.7211061507936508 0.13921957671957672 0.04092261904761905