3 0.8850859788359788 0.5135168650793651 0.07903439153439154 0.03298611111111111
3 0.8541666666666666 0.47358630952380953 0.07539682539682539 0.03298611111111111
1 0.5570436507936508 0.8275049603174603 0.06580687830687831 0.036458333333333336
3 0.6812169312169312 0.5514632936507936 0.07738095238095238 0.0339781746031746
0 0.6547619047619048 0.6344246031746031 0.06283068783068783 0.0679563492063492
3 0.7838955026455027 0.5323660714285714 0.07771164021164022 0.03298611111111111
2 0.7853835978835979 0.621155753968254 0.05489417989417989 0.051835317460317464
3 0.8287037037037037 0.43452380952380953 0.07407407407407407 0.032242063492063495
3 0.6575727513227513 0.5107886904761905 0.07705026455026455 0.0339781746031746
3 0.5772156084656085 0.5719246031746031 0.08035714285714286 0.03571428571428571
3 0.6369047619047619 0.46924603174603174 0.07671957671957672 0.03373015873015873
3 0.5400132275132276 0.48660714285714285 0.07738095238095238 0.03373015873015873
3 0.7337962962962963 0.45163690476190477 0.07671957671957672 0.033234126984126984
3 0.7572751322751323 0.4915674603174603 0.07605820105820106 0.033234126984126984
0 0.7228835978835979 0.6134672619047619 0.0667989417989418 0.06870039682539683
4 0.3463955026455027 0.6979166666666666 0.08498677248677249 0.06349206349206349
4 0.26868386243386244 0.6372767857142857 0.08366402116402116 0.0597718253968254
3 0.5590277777777778 0.5298859126984127 0.07837301587301587 0.03447420634920635
4 0.1400462962962963 0.7204861111111112 0.09292328042328042 0.06597222222222222
1 0.5803571428571429 0.7697172619047619 0.06415343915343916 0.031994047619047616
4 0.2544642857142857 0.828125 0.08961640211640212 0.0679563492063492
5 0.2612433862433862 0.484375 0.08002645502645503 0.040674603174603176
5 0.4113756613756614 0.41629464285714285 0.07804232804232804 0.038938492063492064
5 0.34672619047619047 0.47358630952380953 0.08035714285714286 0.040426587301587304
5 0.4270833333333333 0.4557291666666667 0.07705026455026455 0.038938492063492064
5 0.24950396825396826 0.4429563492063492 0.07771164021164022 0.040674603174603176
5 0.5846560846560847 0.4224950396825397 0.08002645502645503 0.03546626984126984
5 0.3343253968253968 0.43080357142857145 0.07539682539682539 0.042162698412698416
5 0.5061177248677249 0.4398561507936508 0.07374338624338625 0.036458333333333336
5 0.560515873015873 0.38231646825396826 0.07407407407407407 0.03149801587301587
5 0.486276455026455 0.39992559523809523 0.07506613756613757 0.03546626984126984
4 0.311359126984127 0.6660168650793651 0.08219246031746032 0.058990575396825395
4 0.21858796296296296 0.79296875 0.08813492063492064 0.06695436507936507
4 0.3886706349206349 0.7290029761904763 0.08296626984126984 0.06420882936507936
4 0.10294642857142858 0.6894543650793651 0.08585648148148148 0.059538690476190474
4 0.23307208994708992 0.6069345238095237 0.08068783068783068 0.056334325396825397
4 0.17512896825396826 0.7529290674603174 0.08296626984126984 0.05911210317460318