3 0.7786441798941799 0.5094667658730159 0.10333994708994709 0.039112103174603174
4 0.7154960317460317 0.4770510912698413 0.08813492063492064 0.038970734126984125
3 0.43977843915343917 0.5332043650793651 0.09122685185185185 0.054290674603174605
3 0.28515542328042326 0.5444345238095237 0.08666997354497354 0.054107142857142854
3 0.5924470899470899 0.5229489087301588 0.09391203703703704 0.05261160714285714
3 0.32828703703703704 0.49072172619047616 0.08813492063492064 0.05441220238095238
3 0.4794907407407408 0.47949156746031746 0.09204034391534391 0.05319196428571429
3 0.5504563492063492 0.578125 0.0899239417989418 0.05520585317460318
3 0.22184193121693122 0.44506944444444446 0.08561177248677249 0.049866071428571426
3 0.39648478835978834 0.5883779761904763 0.08683201058201058 0.05441220238095238
3 0.2589517195767196 0.39209077380952384 0.0851223544973545 0.04895089285714286
3 0.5107407407407407 0.6342782738095237 0.08813492063492064 0.05319196428571429
4 0.3704431216931217 0.6669915674603174 0.07983465608465608 0.07965029761904761
0 0.7838558201058201 0.5395510912698412 0.108885582010582 0.03671378968253968
4 0.43457010582010586 0.6948239087301588 0.08280423280423281 0.08343501984126984
1 0.6966137566137566 0.6503918650793651 0.044513888888888895 0.05310019841269841
4 0.30680224867724865 0.64453125 0.08296626984126984 0.0797718253968254
4 0.28515542328042326 0.7919915674603174 0.08699404761904762 0.08850198412698412
5 0.8294279100529101 0.43359375 0.07470568783068783 0.07611111111111112
3 0.36783730158730155 0.43627976190476186 0.08845899470899471 0.051361607142857146
5 0.5136706349206349 0.3652356150793651 0.0733234126984127 0.07904017857142857
5 0.6432308201058201 0.3237301587301587 0.06709656084656085 0.07879712301587301
4 0.3440740740740741 0.8159176587301588 0.08447420634920634 0.08587549603174603
5 0.7473974867724869 0.34106398809523814 0.07373015873015873 0.07879712301587301
2 0.6468088624338625 0.6059573412698412 0.041524470899470894 0.06222470238095238
4 0.22167989417989417 0.7636731150793651 0.0899239417989418 0.08660962301587301
5 0.71875 0.4096676587301587 0.07373015873015873 0.0808110119047619
4 0.4921891534391535 0.71875 0.08158399470899472 0.08062748015873016
5 0.5413425925925925 0.29980406746031746 0.062175925925925926 0.07421875
0 0.8821626984126983 0.65234375 0.09895833333333333 0.08435019841269842
5 0.6168617724867725 0.39038194444444446 0.07865410052910053 0.0823983134920635
4 0.4065740740740741 0.8457043650793651 0.08544973544973544 0.08648561507936507
5 0.44466269841269845 0.27661210317460316 0.06848214285714285 0.08105406746031746
1 0.7246097883597883 0.5869146825396826 0.06587632275132276 0.034484126984126985
5 0.4153637566137566 0.33740327380952384 0.07470568783068783 0.08386160714285715
5 0.6475958994708995 0.6659226190476191 0.09369378306878307 0.07192460317460317
4 0.24495442708333334 0.62109375 0.08146158854166667 0.07965087890625