4 0.248046875 0.740234375 0.061482747395833336 0.07806396484375
4 0.21207682291666666 0.609375 0.053955078125 0.06793212890625
5 0.2509765625 0.453857421875 0.07625325520833333 0.060089111328125
4 0.5787760416666666 0.68359375 0.08174641927083333 0.04168701171875
4 0.27392578125 0.61376953125 0.051676432291666664 0.06756591796875
4 0.3356119791666667 0.6181640625 0.0538330078125 0.06866455078125
4 0.11946614583333333 0.72998046875 0.057373046875 0.07421875
4 0.3136393229166667 0.74365234375 0.0567626953125 0.079345703125
5 0.4332682291666667 0.4541015625 0.078369140625 0.05645751953125
0 0.59765625 0.81689453125 0.048014322916666664 0.08758544921875
3 0.7799479166666666 0.60986328125 0.0721435546875 0.060211181640625
5 0.14835611979166666 0.51220703125 0.078369140625 0.058135986328125
3 0.8391927083333334 0.57421875 0.07706705729166667 0.0604248046875
4 0.14990234375 0.6044921875 0.0545654296875 0.06756591796875
4 0.18603515625 0.73486328125 0.059814453125 0.07861328125
3 0.6233723958333334 0.4736328125 0.06477864583333333 0.05450439453125
3 0.6998697916666666 0.54052734375 0.06925455729166667 0.0582275390625
3 0.6744791666666666 0.640625 0.0775146484375 0.04949951171875
3 0.7408854166666666 0.40234375 0.07132975260416667 0.05572509765625
5 0.24104817708333334 0.513671875 0.07649739583333333 0.057586669921875
5 0.15543619791666666 0.451904296875 0.0721435546875 0.054595947265625
3 0.7591145833333334 0.50537109375 0.07145182291666667 0.058563232421875
3 0.6822916666666666 0.440185546875 0.070556640625 0.055511474609375
1 0.5810546875 0.603515625 0.055704752604166664 0.033538818359375
4 0.3766276041666667 0.74951171875 0.055908203125 0.07794189453125
3 0.5517578125 0.410888671875 0.06465657552083333 0.05499267578125
1 0.4912109375 0.728515625 0.057373046875 0.034088134765625
0 0.4736328125 0.8681640625 0.09969075520833333 0.0704345703125
5 0.4303385416666667 0.51611328125 0.08280436197916667 0.06817626953125
2 0.693359375 0.71875 0.055704752604166664 0.05572509765625
5 0.3411458333333333 0.4541015625 0.07430013020833333 0.056549072265625
3 0.8209635416666666 0.4677734375 0.07552083333333333 0.05865478515625
3 0.6666666666666666 0.339599609375 0.06949869791666667 0.056243896484375
5 0.33984375 0.5146484375 0.08634440104166667 0.06634521484375
3 0.6077473958333334 0.37744140625 0.06734212239583333 0.05718994140625
5 0.53125 0.67138671875 0.06722005208333333 0.0699462890625
5 0.52734375 0.517578125 0.07735188802083333 0.06097412109375