3 0.22998046875 0.347412109375 0.09342447916666667 0.03338623046875
3 0.4794921875 0.397705078125 0.09440104166666667 0.03143310546875
5 0.5979817708333334 0.67626953125 0.12491861979166667 0.059539794921875
3 0.6038411458333334 0.39599609375 0.092529296875 0.0310821533203125
3 0.3548177083333333 0.39990234375 0.09326171875 0.03179931640625
1 0.4267578125 0.64013671875 0.048665364583333336 0.051849365234375
0 0.3489583333333333 0.58642578125 0.054443359375 0.080078125
4 0.5764973958333334 0.546875 0.0748291015625 0.060638427734375
5 0.689453125 0.705078125 0.11637369791666667 0.062225341796875
5 0.634765625 0.59912109375 0.11263020833333333 0.05560302734375
5 0.400390625 0.57666015625 0.07763671875 0.0775146484375
2 0.2972005208333333 0.489990234375 0.052652994791666664 0.056854248046875
3 0.22786458333333334 0.40185546875 0.09391276041666667 0.03143310546875
4 0.263671875 0.65185546875 0.09529622395833333 0.0552978515625
0 0.3889973958333333 0.5234375 0.12443033854166667 0.0457763671875
3 0.4827473958333333 0.56005859375 0.0509033203125 0.0701904296875
3 0.4755859375 0.285888671875 0.095458984375 0.03271484375
5 0.8411458333333334 0.408447265625 0.1171875 0.053985595703125
3 0.3522135416666667 0.286865234375 0.09285481770833333 0.03302001953125
4 0.3502604166666667 0.75 0.09635416666666667 0.061981201171875
3 0.23030598958333334 0.28857421875 0.09269205729166667 0.033660888671875
3 0.6005859375 0.343505859375 0.09423828125 0.033599853515625
5 0.7141927083333334 0.452880859375 0.11368815104166667 0.055419921875
4 0.25732421875 0.94921875 0.10408528645833333 0.06939697265625
4 0.09326171875 0.74462890625 0.10148111979166667 0.0634765625
5 0.7272135416666666 0.6279296875 0.119873046875 0.061431884765625
5 0.7682291666666666 0.55029296875 0.12556966145833334 0.0582275390625
3 0.4778645833333333 0.343994140625 0.09423828125 0.0321044921875
5 0.6764322916666666 0.521484375 0.107177734375 0.052520751953125
4 0.18147786458333334 0.841796875 0.129638671875 0.0843505859375
3 0.3528645833333333 0.345703125 0.09513346354166667 0.033660888671875
1 0.4557291666666667 0.460693359375 0.0638427734375 0.0312042236328125
4 0.3896484375 0.79931640625 0.0947265625 0.06396484375
4 0.22005208333333334 0.89453125 0.10750325520833333 0.06878662109375
4 0.14005533854166666 0.7890625 0.12272135416666667 0.07720947265625
4 0.3059895833333333 0.7001953125 0.10595703125 0.0640869140625
5 0.8001302083333334 0.476806640625 0.12272135416666667 0.0552978515625