5 0.21329365079365079 0.17844742063492064 0.0992063492063492 0.17435515873015872
4 0.3619378306878307 0.6140873015873016 0.09623015873015874 0.14434523809523808
3 0.23842592592592593 0.4990079365079365 0.15211640211640212 0.14037698412698413
3 0.5621759259259259 0.8310540674603174 0.11344246031746032 0.1707762896825397
0 0.24869708994708992 0.7456051587301588 0.25471891534391533 0.10449156746031746
3 0.42805886243386243 0.20910714285714285 0.1071792328042328 0.1597891865079365
3 0.5950529100529101 0.2027579365079365 0.11124669312169314 0.1586904761904762
1 0.3229166666666667 0.46777281746031746 0.11775793650793652 0.0980828373015873
2 0.28108796296296296 0.64453125 0.10750330687830686 0.14221230158730158
3 0.7298181216931217 0.8012698412698412 0.11165343915343914 0.16564980158730158
3 0.47005291005291006 0.41113343253968254 0.10847883597883598 0.1566170634920635
3 0.7578141534391535 0.1871329365079365 0.10847883597883598 0.1519766865079365
3 0.5172519841269841 0.6166989087301588 0.11262896825396825 0.15893601190476192
3 0.8496097883597883 0.5751959325396826 0.11181547619047619 0.15100198412698412
3 0.6422519841269841 0.39550843253968254 0.10563161375661376 0.1547842261904762
1 0.2548842592592592 0.31933531746031746 0.1432308201058201 0.08508184523809524
3 0.6861970899470899 0.5957043650793651 0.11043320105820105 0.15454117063492065
3 0.8066402116402117 0.37817460317460316 0.1043287037037037 0.14782738095238093