3 0.2698567708333333 0.3828125 0.08748372395833333 0.07861328125
3 0.4153645833333333 0.332763671875 0.078369140625 0.0728759765625
3 0.3492838541666667 0.41796875 0.08280436197916667 0.07598876953125
3 0.2931315104166667 0.6298828125 0.08146158854166667 0.07354736328125
3 0.3629557291666667 0.5361328125 0.08146158854166667 0.07611083984375
4 0.6663411458333334 0.685546875 0.0806884765625 0.037750244140625
3 0.19970703125 0.47021484375 0.08976236979166667 0.07989501953125
5 0.8372395833333334 0.58935546875 0.08414713541666667 0.0765380859375
3 0.2820638020833333 0.50537109375 0.088134765625 0.07781982421875
3 0.4290364583333333 0.450439453125 0.07820638020833333 0.07574462890625
4 0.73828125 0.89111328125 0.089599609375 0.04742431640625
5 0.939453125 0.65380859375 0.08219401041666667 0.07708740234375
4 0.6940104166666666 0.78271484375 0.10595703125 0.056640625
5 0.7955729166666666 0.3642578125 0.0791015625 0.07080078125
5 0.8580729166666666 0.66748046875 0.086181640625 0.0775146484375
3 0.4879557291666667 0.364013671875 0.07173665364583333 0.07159423828125
2 0.7317708333333334 0.56982421875 0.050130208333333336 0.056243896484375
4 0.5149739583333334 0.783203125 0.09562174479166667 0.0472412109375
4 0.5361328125 0.83544921875 0.09578450520833333 0.04913330078125
3 0.3375651041666667 0.296630859375 0.08174641927083333 0.0753173828125
4 0.7135416666666666 0.83544921875 0.10734049479166667 0.05780029296875
5 0.8971354166666666 0.50732421875 0.083740234375 0.07171630859375
5 0.9153645833333334 0.57763671875 0.088134765625 0.07574462890625
5 0.8248697916666666 0.51513671875 0.07967122395833333 0.07305908203125
4 0.5517578125 0.892578125 0.0986328125 0.054901123046875
3 0.21110026041666666 0.59765625 0.08430989583333333 0.07696533203125
5 0.8046875 0.43994140625 0.0792236328125 0.07080078125
4 0.4947916666666667 0.72216796875 0.105224609375 0.057586669921875
0 0.20247395833333334 0.85693359375 0.144775390625 0.060760498046875
5 0.8697916666666666 0.358154296875 0.07527669270833333 0.06719970703125
5 0.8795572916666666 0.434326171875 0.086669921875 0.07135009765625
4 0.6770833333333334 0.73095703125 0.10538736979166667 0.055938720703125
0 0.22867838541666666 0.783203125 0.14371744791666666 0.058990478515625
1 0.6097005208333334 0.390625 0.058919270833333336 0.03912353515625
1 0.6536458333333334 0.34912109375 0.0611572265625 0.035552978515625
3 0.12581380208333334 0.5634765625 0.08878580729166667 0.079345703125
4 0.568359375 0.94189453125 0.105224609375 0.05499267578125