3 0.6873015873015873 0.47241319444444446 0.09686507936507938 0.03562251984126984
5 0.7792956349206349 0.6899404761904763 0.10538690476190476 0.05529761904761905
5 0.4641931216931217 0.78125 0.11165343915343914 0.06243799603174603
4 0.5654298941798942 0.2421875 0.06563161375661376 0.08447172619047619
3 0.30859457671957674 0.7065426587301588 0.08308862433862434 0.0738516865079365
5 0.5712896825396825 0.7485342261904763 0.11718915343915344 0.05749503968253968
3 0.7109358465608465 0.5967534722222223 0.09392526455026454 0.03931299603174603
3 0.4423842592592592 0.5659176587301588 0.10148148148148148 0.04193204365079365
3 0.8177083333333334 0.5209970238095237 0.09545965608465609 0.03860367063492064
5 0.35091269841269845 0.8168948412698412 0.11572420634920634 0.05932539682539682
4 0.44694113756613757 0.7001959325396826 0.08878637566137566 0.06311011904761905
2 0.266765873015873 0.57421875 0.07853174603174602 0.057921626984126985
3 0.8307308201058201 0.58203125 0.09846891534391534 0.04138144841269841
4 0.4267592592592592 0.24902281746031746 0.061970899470899475 0.08526537698412699
3 0.4296891534391535 0.49853422619047616 0.10294642857142858 0.043854166666666666
3 0.45637896825396823 0.6313467261904763 0.10245701058201058 0.04577628968253968
1 0.17268849206349207 0.5922842261904763 0.07881613756613756 0.03875744047619048
0 0.2838558201058201 0.6767584325396826 0.1043287037037037 0.08154265873015873
3 0.5621759259259259 0.484375 0.10172619047619048 0.04296875
4 0.3528637566137566 0.25024305555555554 0.06058862433862434 0.08538938492063493
4 0.5175793650793651 0.38012648809523814 0.06551256613756615 0.08465525793650794
3 0.5745436507936508 0.55078125 0.10042328042328043 0.042023809523809526
4 0.3769543650793651 0.38989335317460316 0.06848214285714285 0.08569444444444443
4 0.4957671957671958 0.24621527777777777 0.06298941798941798 0.08648561507936507
3 0.5865873015873015 0.6147470238095237 0.10205026455026456 0.04601934523809524
1 0.25618386243386243 0.6342782738095237 0.06721891534391534 0.04601934523809524
5 0.6018882275132275 0.8198239087301588 0.11368716931216932 0.0629265873015873
5 0.49609457671957674 0.85546875 0.11328042328042329 0.05877728174603175
4 0.4485681216931217 0.3872073412698413 0.06835978835978836 0.08691468253968254
5 0.8046891534391535 0.7573239087301588 0.11002645502645504 0.057708333333333334
4 0.5901686507936508 0.37524305555555554 0.06539021164021164 0.08447172619047619
4 0.6572255291005291 0.3691418650793651 0.06490079365079365 0.0816641865079365
5 0.39648478835978834 0.6943353174603174 0.11027116402116402 0.0686656746031746
3 0.6972652116402117 0.5346676587301588 0.0959457671957672 0.042571924603174605
5 0.671223544973545 0.7143551587301588 0.10221230158730157 0.05349702380952381
0 0.10058531746031747 0.6420907738095237 0.06229497354497354 0.10723958333333333
5 0.7050793650793651 0.7875967261904763 0.10677248677248677 0.05340525793650794