3 0.18229166666666666 0.66162109375 0.078369140625 0.06427001953125
3 0.2620442708333333 0.587890625 0.078369140625 0.06475830078125
3 0.3245442708333333 0.62548828125 0.07792154947916667 0.06396484375
3 0.4739583333333333 0.47705078125 0.07291666666666667 0.06280517578125
3 0.4606119791666667 0.58837890625 0.07539876302083333 0.06463623046875
3 0.4010416666666667 0.55126953125 0.07706705729166667 0.063720703125
3 0.3408203125 0.51513671875 0.07865397135416667 0.06396484375
3 0.3824869791666667 0.66259765625 0.07763671875 0.06524658203125
1 0.6126302083333334 0.77392578125 0.06526692708333333 0.031982421875
4 0.6686197916666666 0.2257080078125 0.0513916015625 0.06396484375
3 0.3025716145833333 0.73974609375 0.07881673177083333 0.06439208984375
3 0.537109375 0.51318359375 0.07401529947916667 0.06536865234375
5 0.2581380208333333 0.337646484375 0.09513346354166667 0.03582763671875
3 0.24186197916666666 0.69970703125 0.0775146484375 0.063720703125
5 0.21061197916666666 0.3916015625 0.10847981770833333 0.0390625
4 0.6097005208333334 0.2152099609375 0.051676432291666664 0.06396484375
1 0.59765625 0.83740234375 0.0638427734375 0.035064697265625
4 0.4375 0.29833984375 0.05126953125 0.059967041015625
5 0.15934244791666666 0.548828125 0.11043294270833333 0.039642333984375
5 0.091064453125 0.611328125 0.11043294270833333 0.03802490234375
4 0.5455729166666666 0.2064208984375 0.056966145833333336 0.06915283203125
4 0.7252604166666666 0.235107421875 0.053548177083333336 0.06622314453125
4 0.5550130208333334 0.327392578125 0.058349609375 0.06781005859375
0 0.6324869791666666 0.69140625 0.11368815104166667 0.050323486328125
4 0.49609375 0.314453125 0.058024088541666664 0.06951904296875
3 0.4140625 0.444091796875 0.0723876953125 0.060089111328125
5 0.2683919270833333 0.426513671875 0.09912109375 0.03131103515625
4 0.6796875 0.348876953125 0.053548177083333336 0.063720703125
5 0.3250325520833333 0.365966796875 0.09456380208333333 0.03302001953125
5 0.040690104166666664 0.57470703125 0.08138020833333333 0.036834716796875
5 0.2177734375 0.489013671875 0.11149088541666667 0.039794921875
4 0.4912109375 0.189697265625 0.049397786458333336 0.060302734375
5 0.1533203125 0.45556640625 0.1044921875 0.040008544921875
0 0.6539713541666666 0.62890625 0.11181640625 0.04681396484375
5 0.08430989583333333 0.5146484375 0.10245768229166667 0.03448486328125
4 0.6178385416666666 0.335205078125 0.052652994791666664 0.06304931640625
2 0.634765625 0.5537109375 0.08235677083333333 0.040313720703125