3 0.6783854166666666 0.67578125 0.05126953125 0.05645751953125
2 0.3639322916666667 0.70751953125 0.06901041666666667 0.03326416015625
4 0.24007161458333334 0.493896484375 0.07666015625 0.03143310546875
3 0.775390625 0.806640625 0.058797200520833336 0.06829833984375
4 0.3743489583333333 0.47705078125 0.070556640625 0.0310211181640625
3 0.7825520833333334 0.626953125 0.053751627604166664 0.056549072265625
3 0.7037760416666666 0.77978515625 0.058024088541666664 0.06512451171875
3 0.7180989583333334 0.6044921875 0.051472981770833336 0.05291748046875
4 0.40234375 0.583984375 0.07320149739583333 0.03302001953125
5 0.4847005208333333 0.470458984375 0.049601236979166664 0.056549072265625
3 0.8170572916666666 0.72412109375 0.057373046875 0.0635986328125
5 0.4514973958333333 0.421875 0.044637044270833336 0.0546875
4 0.2620442708333333 0.6044921875 0.08040364583333333 0.033660888671875
3 0.5872395833333334 0.83740234375 0.056315104166666664 0.06719970703125
5 0.5485026041666666 0.45556640625 0.052937825520833336 0.058441162109375
4 0.2565104166666667 0.5654296875 0.08113606770833333 0.0352783203125
5 0.5162760416666666 0.52294921875 0.0504150390625 0.06085205078125
3 0.853515625 0.6474609375 0.054239908854166664 0.057373046875
4 0.3850911458333333 0.51220703125 0.07279459635416667 0.030792236328125
4 0.3942057291666667 0.54931640625 0.07291666666666667 0.0316162109375
4 0.24788411458333334 0.5302734375 0.0791015625 0.03607177734375
5 0.5514322916666666 0.5771484375 0.051676432291666664 0.063720703125
3 0.7434895833333334 0.70166015625 0.05517578125 0.06085205078125
3 0.5123697916666666 0.78125 0.07320149739583333 0.048858642578125
5 0.5813802083333334 0.50146484375 0.051106770833333336 0.059967041015625
0 0.2908528645833333 0.8056640625 0.09952799479166667 0.036895751953125
3 0.6549479166666666 0.86328125 0.054972330729166664 0.06866455078125
0 0.19742838541666666 0.73388671875 0.09578450520833333 0.059417724609375
5 0.5875651041666666 0.6357421875 0.052571614583333336 0.06695556640625
4 0.4417317708333333 0.75146484375 0.067626953125 0.04742431640625
3 0.6341145833333334 0.7548828125 0.0552978515625 0.061309814453125
5 0.6178385416666666 0.55419921875 0.0482177734375 0.06524658203125
4 0.267578125 0.64453125 0.08406575520833333 0.0391845703125
5 0.4772135416666667 0.87548828125 0.0947265625 0.042877197265625
5 0.5166015625 0.403564453125 0.0484619140625 0.056121826171875
1 0.5091145833333334 0.7119140625 0.0452880859375 0.0352783203125
1 0.3151041666666667 0.7177734375 0.056844075520833336 0.035491943359375