2 0.41021825396825395 0.3838045634920635 0.06183862433862434 0.05679563492063492
4 0.09871031746031746 0.6511656746031746 0.06712962962962964 0.08308531746031746
0 0.20535714285714285 0.3872767857142857 0.09193121693121693 0.06969246031746032
0 0.26240079365079366 0.27827380952380953 0.09689153439153439 0.06498015873015874
4 0.37202380952380953 0.689484126984127 0.06613756613756613 0.08333333333333333
5 0.6493055555555556 0.623015873015873 0.05588624338624339 0.09176587301587301
4 0.13161375661375663 0.5166170634920635 0.06613756613756613 0.07787698412698413
1 0.3187830687830688 0.4410962301587302 0.05092592592592592 0.04836309523809524
4 0.3406084656084656 0.5460069444444444 0.061507936507936505 0.07564484126984126
5 0.09391534391534391 0.38603670634920634 0.10648148148148148 0.05133928571428571
4 0.16881613756613756 0.6589781746031746 0.06580687830687831 0.08482142857142858
5 0.5706018518518519 0.45808531746031744 0.05125661375661376 0.08333333333333333
5 0.5052910052910053 0.5042162698412699 0.04828042328042328 0.08432539682539683
5 0.5049603174603174 0.39955357142857145 0.042328042328042326 0.0798611111111111
4 0.2005621693121693 0.527405753968254 0.0625 0.07465277777777778
4 0.2359457671957672 0.6693948412698413 0.06514550264550265 0.08432539682539683
5 0.7146164021164021 0.5753968253968254 0.056878306878306875 0.08779761904761904
4 0.3055555555555556 0.6768353174603174 0.06746031746031746 0.08382936507936507
1 0.12020502645502645 0.28509424603174605 0.06316137566137567 0.03298611111111111
5 0.7208994708994709 0.6848958333333334 0.04828042328042328 0.0900297619047619
5 0.6430224867724867 0.5172371031746031 0.05324074074074074 0.08606150793650794
5 0.7891865079365079 0.6372767857142857 0.04861111111111111 0.08606150793650794
4 0.2749669312169312 0.5375744047619048 0.059854497354497355 0.07316468253968254
5 0.5750661375661376 0.5621279761904762 0.051587301587301584 0.08705357142857142
4 0.33581349206349204 0.36160714285714285 0.09027777777777778 0.03422619047619048
3 0.91796875 0.468017578125 0.08846028645833333 0.060089111328125
3 0.3922526041666667 0.305908203125 0.056844075520833336 0.06610107421875
3 0.876953125 0.51513671875 0.08894856770833333 0.056640625
3 0.8697916666666666 0.361572265625 0.090087890625 0.058563232421875
3 0.576171875 0.344970703125 0.08650716145833333 0.057281494140625
3 0.6246744791666666 0.2978515625 0.08296712239583333 0.059326171875
3 0.76953125 0.459716796875 0.08650716145833333 0.05792236328125
3 0.8196614583333334 0.411376953125 0.08683268229166667 0.05889892578125
3 0.6731770833333334 0.248046875 0.083251953125 0.057708740234375
3 0.6705729166666666 0.40234375 0.08544921875 0.060089111328125
3 0.7213541666666666 0.354736328125 0.08943684895833333 0.059967041015625
3 0.7701822916666666 0.30615234375 0.08797200520833333 0.05987548828125