0 0.24057539682539683 0.3835565476190476 0.09226190476190477 0.10193452380952381
0 0.16567460317460317 0.6809275793650794 0.0701058201058201 0.1148313492063492
2 0.4933862433862434 0.45101686507936506 0.0667989417989418 0.08110119047619048
5 0.179728835978836 0.5257936507936508 0.0916005291005291 0.1076388888888889
4 0.48842592592592593 0.6267361111111112 0.12566137566137567 0.09424603174603174
1 0.09044312169312169 0.6020585317460317 0.07771164021164022 0.06274801587301587
4 0.341765873015873 0.5654761904761905 0.12533068783068782 0.049107142857142856
4 0.8806216931216931 0.5824652777777778 0.12698412698412698 0.08308531746031746
1 0.08746693121693122 0.7062251984126984 0.08763227513227513 0.046875
4 0.6843584656084656 0.7554563492063492 0.1345899470899471 0.09672619047619048
3 0.6149088541666666 0.330810546875 0.12491861979166667 0.05059814453125
4 0.7506510416666666 0.7001953125 0.118408203125 0.0938720703125
3 0.3304036458333333 0.1470947265625 0.120361328125 0.052337646484375
4 0.5553385416666666 0.56787109375 0.115478515625 0.08209228515625
4 0.4173177083333333 0.68212890625 0.12296549479166667 0.09552001953125
3 0.787109375 0.35205078125 0.13126627604166666 0.05126953125
3 0.4912109375 0.1649169921875 0.12361653645833333 0.053314208984375
4 0.8170572916666666 0.63916015625 0.11946614583333333 0.09222412109375
3 0.2845052083333333 0.292236328125 0.11881510416666667 0.0496826171875
4 0.6223958333333334 0.81982421875 0.12296549479166667 0.09619140625
3 0.4498697916666667 0.31201171875 0.12337239583333333 0.051361083984375
3 0.3107096354166667 0.2193603515625 0.11971028645833333 0.05023193359375
3 0.4697265625 0.2381591796875 0.122314453125 0.05072021484375
3 0.6321614583333334 0.2578125 0.12052408854166667 0.051666259765625
3 0.8020833333333334 0.277587890625 0.12849934895833334 0.05499267578125
3 0.6500651041666666 0.1829833984375 0.12141927083333333 0.051849365234375
4 0.62109375 0.513671875 0.11531575520833333 0.0753173828125
3 0.2784830729166667 0.5263671875 0.129638671875 0.0526123046875