3 0.1455026455026455 0.5135168650793651 0.05291005291005291 0.05927579365079365
3 0.2524801587301587 0.6087549603174603 0.05257936507936508 0.06324404761904762
3 0.11491402116402116 0.5913938492063492 0.054563492063492064 0.06274801587301587
3 0.2131283068783069 0.5224454365079365 0.05324074074074074 0.0597718253968254
3 0.2789351851851852 0.5286458333333334 0.04927248677248677 0.0597718253968254
2 0.615244708994709 0.8717757936507936 0.08630952380952381 0.039186507936507936
3 0.23875661375661375 0.44853670634920634 0.04894179894179894 0.056299603174603176
3 0.20023148148148148 0.3705357142857143 0.04794973544973545 0.05406746031746032
3 0.3265542328042328 0.38293650793650796 0.04398148148148148 0.053075396825396824
3 0.17377645502645503 0.4398561507936508 0.049933862433862435 0.056299603174603176
3 0.18551587301587302 0.6013144841269841 0.056216931216931214 0.06324404761904762
3 0.30324074074074076 0.4541170634920635 0.046957671957671955 0.05704365079365079
3 0.26256613756613756 0.37822420634920634 0.04563492063492063 0.054563492063492064
5 0.7746362433862434 0.5855654761904762 0.09623015873015874 0.06448412698412699
5 0.7754629629629629 0.392609126984127 0.0873015873015873 0.057539682539682536
5 0.7733134920634921 0.5181051587301587 0.09226190476190477 0.06448412698412699
0 0.5889550264550265 0.7881944444444444 0.1078042328042328 0.03720238095238095
5 0.7733134920634921 0.45535714285714285 0.08895502645502645 0.060515873015873016
5 0.6888227513227513 0.5159970238095238 0.09259259259259259 0.061755952380952384
5 0.6883267195767195 0.5822172619047619 0.09358465608465609 0.06572420634920635
5 0.779431216931217 0.33122519841269843 0.08597883597883597 0.05828373015873016
0 0.5962301587301587 0.7258184523809523 0.10119047619047619 0.034970238095238096
4 0.5758928571428571 0.42993551587301587 0.0882936507936508 0.03298611111111111
4 0.5658068783068783 0.47358630952380953 0.08928571428571429 0.03149801587301587
4 0.42212301587301587 0.4572172619047619 0.08300264550264551 0.03149801587301587
4 0.390707671957672 0.5799851190476191 0.09093915343915344 0.037450396825396824
4 0.4029431216931217 0.5381944444444444 0.0882936507936508 0.030753968253968252
4 0.4332010582010582 0.42038690476190477 0.08597883597883597 0.033234126984126984
4 0.5462962962962963 0.5967261904761905 0.08994708994708994 0.039186507936507936
4 0.41534391534391535 0.4955357142857143 0.082010582010582 0.03125
1 0.3179563492063492 0.7157738095238095 0.045304232804232805 0.04712301587301587
1 0.3854166666666667 0.7006448412698413 0.045304232804232805 0.046130952380952384
4 0.5524140211640212 0.5530753968253969 0.08895502645502645 0.03521825396825397
4 0.5583664021164021 0.5147569444444444 0.09027777777777778 0.03298611111111111
5 0.7037760416666666 0.32763671875 0.08780924479166667 0.0574951171875
5 0.6927083333333334 0.447998046875 0.08528645833333333 0.0615234375
5 0.6946614583333334 0.389404296875 0.08846028645833333 0.057708740234375