3 0.2662037037037037 0.7142857142857143 0.06349206349206349 0.05357142857142857
0 0.685515873015873 0.9477926587301587 0.09788359788359788 0.07514880952380952
2 0.5775462962962963 0.8229166666666666 0.06911375661375661 0.03819444444444445
5 0.8482142857142857 0.8500744047619048 0.0667989417989418 0.06671626984126984
4 0.6613756613756614 0.6168154761904762 0.05026455026455026 0.052083333333333336
5 0.3864087301587302 0.6867559523809523 0.0539021164021164 0.06696428571428571
4 0.6291335978835979 0.6985367063492064 0.05125661375661376 0.058779761904761904
4 0.6159060846560847 0.6023065476190477 0.04662698412698413 0.051835317460317464
1 0.8207671957671958 0.9544890873015873 0.0667989417989418 0.04241071428571429
4 0.7094907407407407 0.6282242063492064 0.04794973544973545 0.05505952380952381
4 0.7387566137566137 0.7278025793650794 0.047619047619047616 0.058779761904761904
4 0.6813822751322751 0.7130456349206349 0.04927248677248677 0.05704365079365079
5 0.345734126984127 0.6360367063492064 0.055224867724867725 0.06076388888888889
4 0.8095238095238095 0.6515376984126984 0.042328042328042326 0.05357142857142857
5 0.4485780423280423 0.6629464285714286 0.04927248677248677 0.06349206349206349
4 0.7589285714285714 0.6409970238095238 0.04431216931216931 0.05381944444444445
4 0.7934854497354498 0.7411954365079365 0.0419973544973545 0.06076388888888889
1 0.6569113756613757 0.7641369047619048 0.04133597883597884 0.044642857142857144
5 0.42923280423280424 0.7418154761904762 0.056216931216931214 0.0744047619047619
4 0.6785714285714286 0.8570188492063492 0.08267195767195767 0.04141865079365079
5 0.47900132275132273 0.7997271825396826 0.049933862433862435 0.07663690476190477
5 0.40757275132275134 0.6147073412698413 0.049933862433862435 0.060267857142857144
0 0.7523148148148148 0.7867063492063492 0.09259259259259259 0.04365079365079365
5 0.31117724867724866 0.5861855158730159 0.04894179894179894 0.053323412698412696
5 0.37020502645502645 0.5673363095238095 0.04662698412698413 0.05580357142857143
5 0.49289021164021163 0.7115575396825397 0.04794973544973545 0.06696428571428571
3 0.33186838624338627 0.7729489087301588 0.06709656084656085 0.056121031746031745
3 0.20670634920634923 0.7485342261904763 0.06514550264550265 0.0559375
3 0.27099537037037036 0.8115228174603174 0.06888888888888889 0.060210813492063496
3 0.14680886243386243 0.6899404761904763 0.05989748677248677 0.05050595238095238
3 0.5657539682539682 0.9047842261904763 0.05643849206349206 0.06878720238095239
3 0.20621693121693122 0.66015625 0.05859457671957672 0.05071924603174603
3 0.40332010582010586 0.8393551587301588 0.07320105820105821 0.06198164682539682
3 0.14103174603174604 0.7802728174603174 0.06502314814814815 0.05645833333333333
3 0.34212301587301586 0.8793948412698412 0.07470568783068783 0.06536954365079364
3 0.20670634920634923 0.8491220238095237 0.07002645502645502 0.06396577380952381
3 0.2777777777777778 0.9205530753968254 0.07495701058201058 0.0686185515873016