3 0.18998015873015872 0.6889880952380952 0.04861111111111111 0.07291666666666667
3 0.2630621693121693 0.42410714285714285 0.040013227513227514 0.060515873015873016
3 0.19047619047619047 0.5112847222222222 0.04365079365079365 0.0642361111111111
3 0.10747354497354497 0.6938244047619048 0.0496031746031746 0.07366071428571429
3 0.19113756613756613 0.43080357142857145 0.041005291005291 0.06001984126984127
3 0.26537698412698413 0.5048363095238095 0.04398148148148148 0.06324404761904762
5 0.7888558201058201 0.5540674603174603 0.08498677248677249 0.0763888888888889
3 0.18882275132275134 0.5970982142857143 0.047619047619047616 0.06870039682539683
2 0.701058201058201 0.7542162698412699 0.04894179894179894 0.06498015873015874
3 0.11656746031746032 0.5147569444444444 0.045304232804232805 0.06473214285714286
3 0.2671957671957672 0.6834077380952381 0.04497354497354497 0.0716765873015873
3 0.11144179894179894 0.6014384920634921 0.04828042328042328 0.0689484126984127
3 0.11987433862433862 0.4348958333333333 0.04265873015873016 0.060267857142857144
3 0.26686507936507936 0.5911458333333334 0.04497354497354497 0.06820436507936507
5 0.7678571428571429 0.484375 0.08333333333333333 0.07043650793650794
5 0.750165343915344 0.41728670634920634 0.0882936507936508 0.06969246031746032
1 0.3435846560846561 0.8022073412698413 0.047619047619047616 0.04836309523809524
0 0.5403439153439153 0.751984126984127 0.04034391534391534 0.08878968253968254
5 0.6665013227513228 0.42373511904761907 0.08167989417989419 0.06919642857142858
1 0.4123677248677249 0.7705853174603174 0.051587301587301584 0.04365079365079365
5 0.699239417989418 0.5636160714285714 0.08630952380952381 0.07514880952380952
5 0.6823743386243386 0.49243551587301587 0.08101851851851852 0.07118055555555555
5 0.812334656084656 0.6276041666666666 0.08630952380952381 0.07663690476190477
5 0.7336309523809523 0.35131448412698413 0.08035714285714286 0.06820436507936507
5 0.6550925925925926 0.35714285714285715 0.08002645502645503 0.0689484126984127
5 0.7217261904761905 0.6375248015873016 0.08300264550264551 0.07366071428571429
4 0.5499338624338624 0.5034722222222222 0.0992063492063492 0.036210317460317464
4 0.38756613756613756 0.6520337301587301 0.10383597883597884 0.04265873015873016
0 0.6263227513227513 0.7533482142857143 0.042328042328042326 0.08903769841269842
4 0.5532407407407407 0.5497271825396826 0.09722222222222222 0.036458333333333336
4 0.5459656084656085 0.4568452380952381 0.09523809523809523 0.03571428571428571
4 0.38839285714285715 0.6020585317460317 0.09953703703703703 0.037450396825396824
4 0.5593584656084656 0.6437251984126984 0.10218253968253968 0.03943452380952381
4 0.5548941798941799 0.5948660714285714 0.10052910052910052 0.035962301587301584
4 0.38409391534391535 0.5075644841269841 0.09292328042328042 0.0339781746031746
4 0.38855820105820105 0.552703373015873 0.0958994708994709 0.0339781746031746
4 0.38773148148148145 0.4645337301587302 0.09821428571428571 0.03373015873015873