4 0.21484375 0.6396484375 0.09912109375 0.034027099609375
3 0.564453125 0.306396484375 0.08101399739583333 0.04559326171875
3 0.7630208333333334 0.382080078125 0.08561197916666667 0.047515869140625
3 0.6256510416666666 0.388671875 0.081298828125 0.0457763671875
3 0.6624348958333334 0.343994140625 0.083740234375 0.04681396484375
3 0.4905598958333333 0.3916015625 0.078369140625 0.04400634765625
3 0.4661458333333333 0.268310546875 0.07779947916666667 0.045196533203125
1 0.5989583333333334 0.50048828125 0.058268229166666664 0.0292510986328125
4 0.3603515625 0.76025390625 0.102783203125 0.041534423828125
4 0.3720703125 0.70703125 0.097900390625 0.033660888671875
3 0.5908203125 0.431640625 0.081298828125 0.044677734375
4 0.3870442708333333 0.60791015625 0.09716796875 0.033538818359375
4 0.22623697916666666 0.59130859375 0.0986328125 0.0328369140625
3 0.7291666666666666 0.427734375 0.08463541666666667 0.0460205078125
0 0.5634765625 0.7109375 0.10750325520833333 0.0285491943359375
5 0.544921875 0.61572265625 0.043131510416666664 0.0784912109375
4 0.6136067708333334 0.52587890625 0.078369140625 0.044586181640625
3 0.4840494791666667 0.5283203125 0.054239908854166664 0.058349609375
4 0.20231119791666666 0.69287109375 0.10245768229166667 0.035491943359375
4 0.1875 0.74609375 0.102783203125 0.03662109375
4 0.3798828125 0.65625 0.09895833333333333 0.034759521484375
4 0.3955078125 0.5576171875 0.08992513020833333 0.0289306640625
5 0.7473958333333334 0.8642578125 0.11800130208333333 0.06927490234375
3 0.5286458333333334 0.349609375 0.07820638020833333 0.0460205078125
3 0.4303385416666667 0.311279296875 0.07552083333333333 0.0439453125
5 0.6484375 0.83740234375 0.10774739583333333 0.06683349609375
3 0.6959635416666666 0.473876953125 0.08308919270833333 0.046295166015625
0 0.6188151041666666 0.60400390625 0.0687255859375 0.08331298828125
5 0.7428385416666666 0.60107421875 0.10904947916666667 0.060760498046875
5 0.828125 0.62255859375 0.11385091145833333 0.059326171875
5 0.7760416666666666 0.7783203125 0.11507161458333333 0.06561279296875
5 0.7141927083333334 0.6796875 0.10847981770833333 0.06396484375
5 0.8020833333333334 0.697265625 0.11328125 0.06280517578125
2 0.4443359375 0.7587890625 0.040445963541666664 0.06427001953125
5 0.8626302083333334 0.5458984375 0.106201171875 0.053314208984375
1 0.3430989583333333 0.442626953125 0.041056315104166664 0.04681396484375
5 0.6901041666666666 0.75537109375 0.09456380208333333 0.051849365234375