2 0.3935546875 0.6845703125 0.06612141927083333 0.046539306640625
3 0.89453125 0.51513671875 0.058268229166666664 0.060302734375
3 0.8033854166666666 0.62060546875 0.0565185546875 0.06304931640625
3 0.791015625 0.454345703125 0.050130208333333336 0.057708740234375
3 0.6070963541666666 0.5546875 0.0509033203125 0.055511474609375
0 0.6383463541666666 0.6708984375 0.099853515625 0.051666259765625
3 0.8190104166666666 0.371826171875 0.050048828125 0.056121826171875
3 0.7649739583333334 0.541015625 0.05224609375 0.0592041015625
1 0.7096354166666666 0.59130859375 0.054443359375 0.0306243896484375
3 0.728515625 0.46630859375 0.0491943359375 0.056976318359375
3 0.7565104166666666 0.384033203125 0.049397786458333336 0.055419921875
0 0.509765625 0.7109375 0.08748372395833333 0.0640869140625
3 0.857421875 0.441162109375 0.056111653645833336 0.05706787109375
3 0.9361979166666666 0.59228515625 0.061848958333333336 0.06439208984375
4 0.6959635416666666 0.6162109375 0.07596842447916667 0.03533935546875
5 0.5745442708333334 0.640625 0.07470703125 0.06304931640625
3 0.87109375 0.60595703125 0.0576171875 0.06109619140625
5 0.5481770833333334 0.80126953125 0.10970052083333333 0.053802490234375
5 0.4625651041666667 0.83935546875 0.106201171875 0.055816650390625
4 0.2506510416666667 0.55908203125 0.07027180989583333 0.058990478515625
3 0.830078125 0.52978515625 0.055908203125 0.062103271484375
5 0.5924479166666666 0.86474609375 0.11572265625 0.05865478515625
4 0.4358723958333333 0.58935546875 0.07080078125 0.059112548828125
5 0.6383463541666666 0.76513671875 0.10408528645833333 0.051544189453125
5 0.5003255208333334 0.90478515625 0.12166341145833333 0.0631103515625
5 0.71875 0.72998046875 0.10188802083333333 0.04931640625
5 0.677734375 0.82373046875 0.10188802083333333 0.05291748046875
4 0.525390625 0.533203125 0.06966145833333333 0.0552978515625
4 0.3483072916666667 0.50634765625 0.0679931640625 0.0582275390625
5 0.857421875 0.7529296875 0.11735026041666667 0.0548095703125
5 0.7688802083333334 0.7890625 0.10791015625 0.05126953125
4 0.3929036458333333 0.479248046875 0.06624348958333333 0.05560302734375
4 0.3408203125 0.646484375 0.072265625 0.060638427734375
4 0.478515625 0.56005859375 0.06563313802083333 0.05572509765625
4 0.3893229166666667 0.6181640625 0.0687255859375 0.058135986328125
1 0.5865885416666666 0.431884765625 0.043863932291666664 0.03314208984375
4 0.296875 0.53173828125 0.06538899739583333 0.054412841796875