3 0.24039713541666666 0.474853515625 0.059366861979166664 0.06878662109375
3 0.2763671875 0.384765625 0.0584716796875 0.0699462890625
4 0.546875 0.479248046875 0.07539876302083333 0.05389404296875
3 0.5094401041666666 0.541015625 0.040283203125 0.06610107421875
3 0.20361328125 0.5654296875 0.057820638020833336 0.06915283203125
1 0.4593098958333333 0.382568359375 0.0484619140625 0.049407958984375
5 0.5771484375 0.56591796875 0.07108561197916667 0.0751953125
3 0.3512369791666667 0.399658203125 0.058675130208333336 0.0704345703125
3 0.16764322916666666 0.458984375 0.0594482421875 0.0704345703125
3 0.13102213541666666 0.54736328125 0.0611572265625 0.070068359375
3 0.16593424479166666 0.6572265625 0.058349609375 0.06903076171875
3 0.3155924479166667 0.490234375 0.05859375 0.070556640625
0 0.6647135416666666 0.62353515625 0.06587727864583333 0.080078125
3 0.2041015625 0.36962890625 0.0596923828125 0.06854248046875
3 0.27685546875 0.5830078125 0.0595703125 0.07135009765625
0 0.6337890625 0.52490234375 0.0518798828125 0.0863037109375
4 0.47265625 0.671875 0.07185872395833333 0.060638427734375
4 0.5263671875 0.70263671875 0.07568359375 0.06475830078125
5 0.7063802083333334 0.454833984375 0.061971028645833336 0.08758544921875
3 0.09236653645833333 0.638671875 0.062174479166666664 0.0701904296875
5 0.84765625 0.4765625 0.059814453125 0.0894775390625
5 0.779296875 0.4140625 0.058797200520833336 0.08587646484375
5 0.9205729166666666 0.54296875 0.06453450520833333 0.09271240234375
1 0.4049479166666667 0.59375 0.0462646484375 0.045684814453125
5 0.7727864583333334 0.5205078125 0.06266276041666667 0.09173583984375
5 0.6416015625 0.39013671875 0.057169596354166664 0.08648681640625
5 0.841796875 0.58642578125 0.061360677083333336 0.09332275390625
4 0.4674479166666667 0.845703125 0.07609049479166667 0.06964111328125
5 0.6555989583333334 0.287109375 0.052083333333333336 0.08587646484375
4 0.63671875 0.77099609375 0.07527669270833333 0.0638427734375
5 0.716796875 0.35009765625 0.062296549479166664 0.08477783203125
4 0.580078125 0.73193359375 0.09041341145833333 0.0743408203125
2 0.6438802083333334 0.685546875 0.07198079427083333 0.050811767578125
4 0.6920572916666666 0.806640625 0.072265625 0.0640869140625
4 0.4163411458333333 0.8095703125 0.08992513020833333 0.08831787109375
4 0.5201822916666666 0.873046875 0.08479817708333333 0.0810546875
4 0.578125 0.91748046875 0.0791015625 0.06719970703125