3 0.4635416666666667 0.5170907738095237 0.10408399470899471 0.043122519841269843
1 0.19628968253968254 0.5405282738095237 0.08068783068783068 0.04046626984126984
3 0.7005224867724869 0.42675843253968254 0.09342592592592593 0.03775049603174603
5 0.4892592592592592 0.7333978174603174 0.11067791005291006 0.05291666666666667
3 0.828125 0.47778273809523814 0.0915542328042328 0.03634672619047619
3 0.7122387566137566 0.4899900793650794 0.09440145502645504 0.040007440476190474
0 0.12247685185185185 0.5883779761904763 0.05769841269841269 0.10778769841269842
2 0.2827149470899471 0.5151364087301588 0.08927248677248677 0.05023313492063492
4 0.4690740740740741 0.6503918650793651 0.08797288359788359 0.06109623015873016
3 0.6063227513227513 0.5645064484126985 0.09489417989417989 0.036760912698412695
3 0.5901686507936508 0.5029290674603174 0.10131944444444443 0.042814980158730157
0 0.30973214285714284 0.6186532738095237 0.11840939153439153 0.062103174603174605
5 0.4192724867724868 0.640625 0.11344246031746032 0.06793154761904761
5 0.7819014550264549 0.6186532738095237 0.10522486772486772 0.04895089285714286
3 0.3002943121693122 0.6616220238095237 0.10221230158730157 0.05780009920634921
5 0.8157539682539683 0.6816418650793651 0.10563161375661376 0.04760664682539682
5 0.6298842592592593 0.7612301587301588 0.10595568783068784 0.051666666666666666
3 0.45019510582010586 0.44824156746031746 0.10465608465608466 0.04534970238095238
5 0.38476521164021166 0.77734375 0.11775793650793652 0.0499578373015873
5 0.5328769841269841 0.8041989087301588 0.11043320105820105 0.05099454365079365
4 0.5341798941798942 0.3364260912698413 0.06551256613756615 0.08374007936507936
4 0.5797519841269841 0.2059325396825397 0.06298941798941798 0.08312996031746032
3 0.5784490740740741 0.4357911706349206 0.10205026455026456 0.04394593253968254
4 0.6022123015873015 0.33105406746031746 0.062417328042328045 0.08435019841269842
4 0.46809854497354497 0.34130952380952384 0.06624338624338624 0.08526537698412699
3 0.4752612433862434 0.5839856150793651 0.10245701058201058 0.04510416666666667
4 0.5130224867724869 0.2073983134920635 0.06135912698412699 0.08526537698412699
4 0.39908730158730155 0.34375 0.06636574074074074 0.08801339285714285
5 0.6881514550264549 0.65234375 0.09985449735449735 0.04821676587301587
3 0.8391931216931217 0.5356448412698412 0.0913888888888889 0.03622519841269841
4 0.6686210317460318 0.32836805555555554 0.06477843915343914 0.08154265873015873
5 0.7226554232804233 0.7197271825396826 0.1057936507936508 0.0476984126984127
4 0.37369708994708994 0.20959573412698412 0.059570105820105815 0.08209325396825397
1 0.2635085978835979 0.5678720238095237 0.07145171957671957 0.03985615079365079
4 0.44726521164021166 0.2084970238095238 0.06001653439153439 0.08270337301587301
5 0.5885416666666666 0.6933606150793651 0.11262896825396825 0.049315476190476194
3 0.7266865079365079 0.5499751984126984 0.09093915343915344 0.03844246031746032