3 0.19694113756613754 0.6215823412698412 0.07649801587301587 0.05261160714285714
3 0.32942791005291006 0.7763665674603174 0.07983465608465608 0.0551140873015873
3 0.24609457671957674 0.5761731150793651 0.07596891534391534 0.05126984126984127
3 0.1583664021164021 0.5224603174603174 0.07568452380952381 0.05050595238095238
3 0.33756613756613757 0.6284176587301588 0.07763558201058202 0.05032242063492064
5 0.43912698412698414 0.4609375 0.05334325396825397 0.07879712301587301
3 0.6145833333333334 0.7543948412698412 0.07995701058201057 0.041230158730158735
5 0.37858134920634917 0.4057614087301587 0.04544973544973545 0.07287698412698412
0 0.49023478835978834 0.9150396825396826 0.07279431216931216 0.07489087301587301
3 0.37630291005291006 0.7260739087301588 0.08146164021164021 0.05310019841269841
3 0.23502645502645503 0.7197271825396826 0.07780092592592593 0.05450396825396825
3 0.14526455026455026 0.6660168650793651 0.07893849206349207 0.05419890873015873
5 0.3139649470899471 0.44262648809523814 0.0430489417989418 0.07208333333333333
4 0.5439451058201058 0.7387698412698412 0.08028108465608466 0.03033482142857143
3 0.10969907407407407 0.5659176587301588 0.07706679894179895 0.052703373015873016
5 0.4319675925925926 0.5527356150793651 0.05558201058201059 0.0754389880952381
3 0.42578042328042326 0.6816418650793651 0.07706679894179895 0.05108630952380952
2 0.47265542328042326 0.80078125 0.07092261904761905 0.04586805555555556
5 0.48795634920634917 0.6103521825396826 0.052367724867724876 0.07904017857142857
5 0.37141865079365083 0.4978025793650794 0.04044642857142857 0.0668328373015873
3 0.28743386243386243 0.6738293650793651 0.07678240740740741 0.05358878968253968
5 0.2566732804232804 0.38745039682539684 0.05485119047619048 0.08196924603174603
5 0.3232407407407408 0.34912202380952384 0.051593915343915345 0.08209325396825397
5 0.49121031746031746 0.5141592261904763 0.051269841269841264 0.07696428571428571
4 0.6972652116402117 0.6391592261904763 0.07706679894179895 0.04940724206349206
1 0.5638029100529101 0.6674801587301588 0.05436177248677248 0.02748015873015873
4 0.6614583333333334 0.5922842261904763 0.08390211640211641 0.06143105158730159
4 0.8339847883597883 0.5712896825396826 0.09562169312169314 0.05602926587301587
1 0.41210978835978834 0.82421875 0.04614417989417989 0.04699652777777778
0 0.26057870370370373 0.8666989087301588 0.06990410052910052 0.09283482142857143
4 0.8040376984126983 0.5336904761904763 0.07955026455026455 0.04733382936507936
4 0.7324206349206349 0.6791989087301588 0.08764550264550265 0.05877728174603175
4 0.9069014550264549 0.6528323412698412 0.10205026455026456 0.05835069444444445
4 0.8763029100529101 0.6166989087301588 0.08585648148148148 0.04968253968253968
4 0.8027347883597883 0.7661135912698412 0.08174603174603175 0.05004960317460318
5 0.703125 0.85546875 0.08732142857142858 0.03390625
4 0.7705026455026455 0.7242063492063492 0.07936507936507936 0.046297123015873014