0 0.36061507936507936 0.6101190476190477 0.09755291005291006 0.047619047619047616
3 0.7111441798941799 0.6594742063492064 0.06977513227513228 0.07093253968253968
3 0.6904761904761905 0.5549355158730159 0.06349206349206349 0.061755952380952384
3 0.638723544973545 0.6279761904761905 0.06911375661375661 0.0679563492063492
3 0.8718584656084656 0.5412946428571429 0.0625 0.06374007936507936
3 0.8333333333333334 0.6118551587301587 0.06547619047619048 0.07043650793650794
3 0.8005952380952381 0.5168650793650794 0.06283068783068783 0.05952380952380952
3 0.6592261904761905 0.7415674603174603 0.0744047619047619 0.0763888888888889
3 0.5825066137566137 0.7078373015873016 0.07374338624338625 0.07242063492063493
3 0.7896825396825397 0.6892361111111112 0.07275132275132275 0.0744047619047619
2 0.3731812169312169 0.5719246031746031 0.0763888888888889 0.041666666666666664
4 0.3915343915343915 0.46279761904761907 0.08002645502645503 0.05257936507936508
3 0.7412367724867724 0.7771577380952381 0.07837301587301587 0.0835813492063492
3 0.7582671957671958 0.5855654761904762 0.06481481481481481 0.06646825396825397
4 0.23296957671957672 0.43365575396825395 0.07705026455026455 0.05282738095238095
1 0.3376322751322751 0.6635664682539683 0.06084656084656084 0.03844246031746032
4 0.1433531746031746 0.4955357142857143 0.08167989417989419 0.05704365079365079
0 0.23859126984126985 0.6741071428571429 0.10747354497354497 0.06696428571428571
5 0.408234126984127 0.7223462301587301 0.09292328042328042 0.06919642857142858
4 0.4619708994708995 0.6507936507936508 0.08664021164021164 0.0441468253968254
4 0.2640542328042328 0.5611359126984127 0.08630952380952381 0.06076388888888889
3 0.5165343915343915 0.5704365079365079 0.07671957671957672 0.052083333333333336
1 0.4419642857142857 0.5212053571428571 0.04332010582010582 0.03249007936507937
4 0.18977843915343914 0.4665525793650794 0.08028108465608466 0.0555109126984127
4 0.35091269841269845 0.49585069444444446 0.08357804232804233 0.05728174603174603
4 0.30810515873015876 0.53125 0.08406415343915344 0.05877728174603175
4 0.09578373015873015 0.5263665674603174 0.08585648148148148 0.06143105158730159
4 0.2752281746031746 0.40551835317460316 0.08296626984126984 0.05099454365079365