3 0.5370370370370371 0.8551587301587301 0.10185185185185185 0.05257936507936508
4 0.2789351851851852 0.6316964285714286 0.06779100529100529 0.08432539682539683
2 0.7602513227513228 0.4723462301587302 0.08333333333333333 0.045882936507936505
0 0.7409060846560847 0.5267857142857143 0.11342592592592593 0.043154761904761904
3 0.5200066137566137 0.9280753968253969 0.10482804232804233 0.05555555555555555
3 0.26091269841269843 0.8757440476190477 0.0958994708994709 0.0496031746031746
5 0.4138558201058201 0.4104662698412698 0.08763227513227513 0.07589285714285714
4 0.5152116402116402 0.5354662698412699 0.06415343915343916 0.08035714285714286
3 0.14054232804232805 0.8510664682539683 0.09523809523809523 0.047371031746031744
5 0.3134920634920635 0.4011656746031746 0.08664021164021164 0.07713293650793651
5 0.21395502645502645 0.3882688492063492 0.09060846560846561 0.07862103174603174
4 0.5438161375661376 0.6821676587301587 0.06911375661375661 0.08804563492063493
5 0.5153769841269841 0.41976686507936506 0.0882936507936508 0.07564484126984126
3 0.3870701058201058 0.9017857142857143 0.10085978835978836 0.051587301587301584
3 0.16137566137566137 0.7875744047619048 0.09325396825396826 0.04538690476190476
4 0.3425925925925926 0.6455853174603174 0.06613756613756613 0.08134920634920635
5 0.6291335978835979 0.3560267857142857 0.09027777777777778 0.078125
3 0.28174603174603174 0.8098958333333334 0.09523809523809523 0.046875
1 0.7096560846560847 0.6956845238095238 0.07076719576719577 0.03819444444444445
3 0.5514219576719577 0.7891865079365079 0.10085978835978836 0.046130952380952384
4 0.38591269841269843 0.5143849206349206 0.06547619047619048 0.07688492063492064
3 0.29712301587301587 0.7449156746031746 0.09689153439153439 0.04389880952380952
4 0.31845238095238093 0.5023561507936508 0.06547619047619048 0.07663690476190477
3 0.4209656084656085 0.7663690476190477 0.09788359788359788 0.046130952380952384
3 0.4064153439153439 0.8325892857142857 0.09986772486772487 0.05009920634920635
3 0.17708333333333334 0.7238343253968254 0.09490740740740741 0.043402777777777776
4 0.4750330687830688 0.6687748015873016 0.06448412698412699 0.0845734126984127
0 0.718915343915344 0.5902777777777778 0.11507936507936507 0.04712301587301587
1 0.7337962962962963 0.7573164682539683 0.07341269841269842 0.036458333333333336
4 0.5808531746031746 0.5450148809523809 0.06448412698412699 0.07961309523809523
4 0.4515542328042328 0.5252976190476191 0.06316137566137567 0.07787698412698413
5 0.5269510582010583 0.35007440476190477 0.09027777777777778 0.07762896825396826
5 0.6168981481481481 0.4255952380952381 0.08961640211640212 0.0744047619047619
4 0.40757275132275134 0.6557539682539683 0.06646825396825397 0.08234126984126984
5 0.4296875 0.345947265625 0.090087890625 0.07891845703125
5 0.3297526041666667 0.338623046875 0.08683268229166667 0.079345703125
5 0.23258463541666666 0.32958984375 0.087646484375 0.07861328125