3 0.5315755208333334 0.41064453125 0.07527669270833333 0.05499267578125
3 0.5862630208333334 0.58740234375 0.086181640625 0.05108642578125
4 0.15299479166666666 0.438720703125 0.09578450520833333 0.05194091796875
1 0.4557291666666667 0.67236328125 0.06660970052083333 0.0330810546875
5 0.2781575520833333 0.8115234375 0.07173665364583333 0.0838623046875
0 0.3603515625 0.6611328125 0.10481770833333333 0.0535888671875
5 0.7233072916666666 0.9267578125 0.08601888020833333 0.0966796875
5 0.6116536458333334 0.8974609375 0.08601888020833333 0.106689453125
4 0.6979166666666666 0.62841796875 0.07255045572916667 0.06280517578125
3 0.6376953125 0.322265625 0.08146158854166667 0.05419921875
0 0.4537760416666667 0.56396484375 0.11368815104166667 0.045257568359375
4 0.12117513020833333 0.48095703125 0.09635416666666667 0.0548095703125
3 0.5843098958333334 0.368896484375 0.07954915364583333 0.0548095703125
5 0.3134765625 0.736328125 0.0709228515625 0.07696533203125
5 0.5276692708333334 0.78857421875 0.07735188802083333 0.08282470703125
4 0.18766276041666666 0.3974609375 0.09700520833333333 0.051177978515625
3 0.826171875 0.59326171875 0.09440104166666667 0.06573486328125
4 0.3248697916666667 0.44921875 0.097900390625 0.05291748046875
4 0.08780924479166667 0.51953125 0.09716796875 0.0574951171875
5 0.4671223958333333 0.62255859375 0.06925455729166667 0.07794189453125
3 0.6770833333333334 0.424072265625 0.086181640625 0.055816650390625
4 0.2911783854166667 0.491943359375 0.09847005208333333 0.054901123046875
2 0.2926432291666667 0.62841796875 0.062418619791666664 0.060516357421875
3 0.71875 0.52783203125 0.09220377604166667 0.06396484375
5 0.6328125 0.8125 0.07779947916666667 0.08709716796875
3 0.8743489583333334 0.5439453125 0.09969075520833333 0.063720703125
5 0.4192708333333333 0.76220703125 0.06901041666666667 0.08123779296875
3 0.73046875 0.377197265625 0.08829752604166667 0.057373046875
3 0.771484375 0.481689453125 0.09456380208333333 0.060638427734375
3 0.6220703125 0.466064453125 0.08447265625 0.0582275390625
5 0.3870442708333333 0.83740234375 0.07967122395833333 0.0894775390625
3 0.8294270833333334 0.433837890625 0.09757486979166667 0.060638427734375
4 0.22119140625 0.578125 0.10115559895833333 0.0535888671875
5 0.4951171875 0.8642578125 0.08011881510416667 0.09417724609375
1 0.4521484375 0.50244140625 0.06685384114583333 0.03131103515625
4 0.050252278645833336 0.56005859375 0.09716796875 0.05792236328125
4 0.25830078125 0.53662109375 0.09423828125 0.05023193359375