3 0.3603515625 0.81005859375 0.09025065104166667 0.07183837890625
3 0.4537760416666667 0.73388671875 0.083740234375 0.06781005859375
3 0.486328125 0.61865234375 0.08085123697916667 0.06597900390625
3 0.2511393229166667 0.7158203125 0.08780924479166667 0.06597900390625
3 0.3043619791666667 0.76220703125 0.08528645833333333 0.06756591796875
3 0.3440755208333333 0.64794921875 0.08341471354166667 0.06396484375
3 0.6279296875 0.591796875 0.07881673177083333 0.0633544921875
3 0.5680338541666666 0.55126953125 0.07499186197916667 0.060516357421875
3 0.544921875 0.65966796875 0.07779947916666667 0.06622314453125
0 0.7454427083333334 0.71728515625 0.11385091145833333 0.05389404296875
1 0.6634114583333334 0.94287109375 0.06746419270833333 0.0386962890625
3 0.3990885416666667 0.68896484375 0.08512369791666667 0.06683349609375
5 0.2537434895833333 0.51318359375 0.10172526041666667 0.032958984375
4 0.7858072916666666 0.441162109375 0.054443359375 0.06109619140625
1 0.6875 0.8720703125 0.06949869791666667 0.03594970703125
4 0.8365885416666666 0.341064453125 0.055582682291666664 0.05987548828125
4 0.6640625 0.3076171875 0.053263346354166664 0.054595947265625
3 0.5110677083333334 0.515625 0.07185872395833333 0.0552978515625
5 0.3753255208333333 0.4912109375 0.103759765625 0.029876708984375
5 0.181640625 0.56298828125 0.099853515625 0.03216552734375
5 0.113037109375 0.61865234375 0.10481770833333333 0.031494140625
5 0.24348958333333334 0.60205078125 0.107177734375 0.031982421875
3 0.4319661458333333 0.5791015625 0.08146158854166667 0.06097412109375
4 0.6611328125 0.41650390625 0.060343424479166664 0.064208984375
5 0.3785807291666667 0.407470703125 0.09391276041666667 0.0303802490234375
5 0.4371744791666667 0.438720703125 0.09635416666666667 0.030853271484375
0 0.7135416666666666 0.783203125 0.1201171875 0.062225341796875
4 0.7805989583333334 0.331298828125 0.051961263020833336 0.057586669921875
4 0.6051432291666666 0.39990234375 0.05859375 0.0616455078125
5 0.3107096354166667 0.544921875 0.10115559895833333 0.0311431884765625
4 0.7239583333333334 0.3193359375 0.050048828125 0.056121826171875
4 0.5537109375 0.383056640625 0.052164713541666664 0.053314208984375
4 0.6119791666666666 0.292724609375 0.050333658854166664 0.05450439453125
5 0.16731770833333334 0.6591796875 0.10872395833333333 0.03515625
5 0.3155924479166667 0.45751953125 0.0947265625 0.028167724609375
2 0.7278645833333334 0.63818359375 0.08650716145833333 0.044097900390625
4 0.7252604166666666 0.426025390625 0.054972330729166664 0.060516357421875