4 0.5304232804232805 0.5756448412698413 0.11177248677248677 0.10416666666666667
4 0.6982473544973545 0.4992559523809524 0.11408730158730158 0.1001984126984127
5 0.2794312169312169 0.41418650793650796 0.11574074074074074 0.09722222222222222
0 0.20535714285714285 0.5555555555555556 0.06547619047619048 0.1111111111111111
2 0.625 0.3959573412698413 0.07738095238095238 0.07961309523809523
0 0.43005952380952384 0.23821924603174602 0.07242063492063493 0.11235119047619048
1 0.16666666666666666 0.4642857142857143 0.0873015873015873 0.054563492063492064
4 0.4166666666666667 0.4859871031746032 0.125 0.04290674603174603
4 0.9313822751322751 0.6258680555555556 0.10416666666666667 0.09499007936507936
1 0.125 0.5598958333333334 0.09126984126984126 0.041914682539682536
4 0.8361441798941799 0.6617063492063492 0.11342592592592593 0.10664682539682539
4 0.5787037037037037 0.7879464285714286 0.11838624338624339 0.1130952380952381
4 0.6090494791666666 0.53857421875 0.12247721354166667 0.10211181640625
4 0.443359375 0.61328125 0.10099283854166667 0.100341796875
4 0.7545572916666666 0.70751953125 0.10042317708333333 0.10614013671875
3 0.3707682291666667 0.437744140625 0.12581380208333334 0.049407958984375
4 0.6637369791666666 0.7412109375 0.12646484375 0.12445068359375