3 0.8723544973544973 0.3430059523809524 0.05092592592592592 0.06349206349206349
3 0.7255291005291006 0.4226190476190476 0.047619047619047616 0.06398809523809523
3 0.8898809523809523 0.4210069444444444 0.056216931216931214 0.06721230158730158
3 0.7359457671957672 0.5076884920634921 0.049933862433862435 0.06845238095238096
3 0.9298941798941799 0.6010664682539683 0.06349206349206349 0.07911706349206349
3 0.7918320105820106 0.34672619047619047 0.04662698412698413 0.060515873015873016
3 0.8057208994708994 0.4243551587301587 0.05257936507936508 0.06696428571428571
3 0.746031746031746 0.6016865079365079 0.05423280423280423 0.07589285714285714
3 0.8361441798941799 0.6023065476190477 0.060515873015873016 0.07713293650793651
3 0.9090608465608465 0.5060763888888888 0.0582010582010582 0.0726686507936508
3 0.8202711640211641 0.5088045634920635 0.05654761904761905 0.07068452380952381
4 0.5954034391534392 0.5988343253968254 0.09226190476190477 0.03794642857142857
0 0.40757275132275134 0.7108134920634921 0.08035714285714286 0.09523809523809523
5 0.6044973544973545 0.6876240079365079 0.061507936507936505 0.08953373015873016
4 0.21114417989417988 0.4460565476190476 0.09755291005291006 0.03844246031746032
2 0.4497354497354497 0.5636160714285714 0.06349206349206349 0.05381944444444445
3 0.5793650793650794 0.5023561507936508 0.08994708994708994 0.034970238095238096
0 0.46941137566137564 0.603546626984127 0.1087962962962963 0.0339781746031746
4 0.3761574074074074 0.4537450396825397 0.09689153439153439 0.03695436507936508
4 0.19659391534391535 0.4887152777777778 0.1001984126984127 0.03943452380952381
4 0.36342592592592593 0.49987599206349204 0.10119047619047619 0.038938492063492064
4 0.17906746031746032 0.5354662698412699 0.10152116402116403 0.03968253968253968
4 0.3488756613756614 0.5471230158730159 0.09986772486772487 0.03373015873015873
4 0.15790343915343916 0.5843253968253969 0.09821428571428571 0.03819444444444445
1 0.4933862433862434 0.6617063492063492 0.0496031746031746 0.04662698412698413
1 0.47437169312169314 0.4887152777777778 0.034722222222222224 0.03844246031746032
4 0.333994708994709 0.5927579365079365 0.0958994708994709 0.034722222222222224
4 0.13475529100529102 0.6305803571428571 0.09424603174603174 0.035962301587301584