3 0.20888447971781293 0.2889384920634919 0.06503527336860665 0.06531084656084654
3 0.28125 0.308837890625 0.0635986328125 0.06646728515625
3 0.3528645833333333 0.33056640625 0.06477864583333333 0.06805419921875
3 0.16056315104166666 0.371826171875 0.06538899739583333 0.06768798828125
3 0.23307291666666666 0.393798828125 0.06502278645833333 0.06817626953125
3 0.10986328125 0.456298828125 0.06722005208333333 0.06939697265625
3 0.3063151041666667 0.4130859375 0.06563313802083333 0.06768798828125
3 0.18636067708333334 0.479736328125 0.06660970052083333 0.06927490234375
3 0.2565104166666667 0.50048828125 0.06709798177083333 0.06866455078125
3 0.060709635416666664 0.54150390625 0.06978352864583333 0.06903076171875
3 0.134033203125 0.5654296875 0.06624348958333333 0.06768798828125
3 0.20638020833333334 0.587890625 0.06673177083333333 0.06732177734375
4 0.41170634920634913 0.6704695767195766 0.09369488536155207 0.044642857142857144
4 0.603515625 0.67041015625 0.08943684895833333 0.04345703125
4 0.6295572916666666 0.72021484375 0.095458984375 0.045867919921875
4 0.5094401041666666 0.876953125 0.09440104166666667 0.051849365234375
4 0.4609375 0.76806640625 0.09773763020833333 0.05242919921875
4 0.4342447916666667 0.7197265625 0.09171549479166667 0.04742431640625
4 0.4879557291666667 0.82373046875 0.09611002604166667 0.05108642578125
4 0.5809082892416224 0.6183862433862432 0.09259259259259259 0.03968253968253968
4 0.68359375 0.82177734375 0.095947265625 0.050323486328125
4 0.6569664902998235 0.7700892857142857 0.09479717813051142 0.04546957671957676
5 0.6663359788359786 0.2881117724867724 0.07164902998236326 0.07357804232804228
5 0.7259114583333334 0.435546875 0.07080078125 0.07586669921875
5 0.8118489583333334 0.4208984375 0.072265625 0.0765380859375
5 0.794921875 0.58740234375 0.07442220052083333 0.07879638671875
5 0.8463541666666666 0.490966796875 0.06575520833333333 0.06829833984375
5 0.7591145833333334 0.5087890625 0.07267252604166667 0.0738525390625
5 0.7486979166666666 0.27099609375 0.06404622395833333 0.0699462890625
5 0.78515625 0.3466796875 0.0687255859375 0.070068359375
5 0.88671875 0.56640625 0.0806884765625 0.082275390625
5 0.6927083333333334 0.359130859375 0.0679931640625 0.0701904296875
2 0.6349206349206347 0.5001653439153438 0.057319223985890705 0.057870370370370294
1 0.520833333333333 0.2926587301587302 0.056216931216931214 0.03472222222222217
1 0.478515625 0.33935546875 0.059041341145833336 0.03594970703125
0 0.16479276895943556 0.7308201058201057 0.11133156966490303 0.03968253968253968
0 0.156494140625 0.79443359375 0.129150390625 0.0469970703125