3 0.9075992063492063 0.49151041666666667 0.08343253968253969 0.06654761904761905
3 0.7610681216931217 0.5449231150793651 0.07694444444444444 0.07092261904761904
3 0.8945304232804233 0.6103521825396826 0.08341600529100529 0.07367063492063493
3 0.8294279100529101 0.5771478174603174 0.07983465608465608 0.07104414682539682
2 0.6461574074074075 0.5019543650793651 0.04557208994708995 0.06488095238095239
3 0.9646924603174604 0.5258779761904763 0.07061838624338625 0.07104414682539682
3 0.7493485449735451 0.6606448412698412 0.07853174603174602 0.07147321428571429
0 0.4990244708994709 0.47509672619047616 0.10148148148148148 0.07434027777777778
3 0.6067724867724869 0.7124032738095237 0.07568452380952381 0.07006944444444443
4 0.5862632275132275 0.16357390873015873 0.09407407407407407 0.09155257936507936
5 0.3548181216931217 0.69140625 0.05245039682539683 0.08050595238095239
3 0.6770833333333334 0.7407217261904763 0.07348544973544974 0.06964037698412699
4 0.6494146825396825 0.1977529761904762 0.09700396825396825 0.09185763888888888
5 0.2565112433862434 0.6459970238095237 0.06103505291005291 0.08709821428571429
4 0.610026455026455 0.35839781746031746 0.09358796296296296 0.08374007936507936
3 0.7428373015873017 0.7705084325396826 0.07881613756613756 0.07263144841269842
4 0.5455720899470899 0.3276364087301587 0.093260582010582 0.0881969246031746
3 0.8183597883597883 0.6904290674603174 0.08203042328042329 0.0738516865079365
5 0.3032242063492064 0.7451165674603174 0.06835978835978836 0.10125744047619047
5 0.10375992063492064 0.6577157738095237 0.07820767195767196 0.09997519841269842
5 0.16292328042328041 0.5922842261904763 0.08235780423280424 0.09875496031746032
4 0.7174470899470899 0.22814980158730158 0.09545965608465609 0.0910639880952381
5 0.2076818783068783 0.7036135912698412 0.07482804232804233 0.10174603174603175
5 0.39323082010582017 0.7934573412698412 0.05167658730158731 0.08105406746031746
4 0.5182308201058201 0.1274404761904762 0.09236772486772486 0.09350694444444443
4 0.6770833333333334 0.38598710317460316 0.09204034391534391 0.07763640873015873
5 0.4511706349206349 0.7348635912698412 0.06428902116402116 0.0980828373015873
3 0.6855456349206349 0.6293948412698412 0.07185846560846561 0.06744295634920636
1 0.2905257936507936 0.46777281746031746 0.07666005291005291 0.036894841269841265
5 0.05578703703703703 0.5537103174603174 0.07226521164021164 0.08911210317460318
4 0.4117824074074074 0.26464781746031746 0.09122685185185185 0.09173611111111112
5 0.7076818783068783 0.46777281746031746 0.08235780423280424 0.07226686507936508
1 0.4908862433862434 0.5766592261904763 0.07002645502645502 0.04510416666666667
4 0.4072255291005291 0.5473635912698412 0.07983465608465608 0.0606374007936508
3 0.31982473544973544 0.4240724206349206 0.10693452380952381 0.035736607142857146
0 0.5263657407407407 0.6279290674603174 0.04895171957671958 0.09008680555555557
4 0.4789451058201058 0.2947247023809524 0.08267195767195767 0.07853918650793651