3 0.25146484375 0.56982421875 0.09895833333333333 0.0330810546875
3 0.3834635416666667 0.568359375 0.099365234375 0.0333251953125
1 0.22119140625 0.6455078125 0.054361979166666664 0.04595947265625
3 0.12939453125 0.4482421875 0.09912109375 0.03448486328125
3 0.11930338541666667 0.5712890625 0.10074869791666667 0.034881591796875
3 0.12784830729166666 0.509765625 0.09969075520833333 0.034942626953125
3 0.5123697916666666 0.505859375 0.09879557291666667 0.0345458984375
3 0.5110677083333334 0.4443359375 0.09806315104166667 0.036163330078125
3 0.3870442708333333 0.5087890625 0.10188802083333333 0.034698486328125
3 0.25634765625 0.51025390625 0.09969075520833333 0.034759521484375
3 0.5139973958333334 0.56787109375 0.0966796875 0.0333251953125
3 0.3860677083333333 0.446044921875 0.09969075520833333 0.03521728515625
3 0.2574869791666667 0.447265625 0.10099283854166667 0.034942626953125
5 0.4407552083333333 0.34814453125 0.0826416015625 0.071044921875
5 0.4527994791666667 0.283203125 0.08251953125 0.06915283203125
4 0.8815104166666666 0.6728515625 0.11653645833333333 0.042327880859375
4 0.6861979166666666 0.669921875 0.10563151041666667 0.040679931640625
4 0.6842447916666666 0.55859375 0.10245768229166667 0.038116455078125
5 0.5498046875 0.2861328125 0.08528645833333333 0.070556640625
5 0.3463541666666667 0.28076171875 0.08296712239583333 0.0638427734375
4 0.876953125 0.61572265625 0.11653645833333333 0.040374755859375
5 0.337890625 0.34423828125 0.08235677083333333 0.06732177734375
4 0.6848958333333334 0.61279296875 0.103515625 0.038909912109375
4 0.8697916666666666 0.50927734375 0.11572265625 0.039337158203125
2 0.4514973958333333 0.6728515625 0.07649739583333333 0.057586669921875
4 0.8736979166666666 0.5625 0.11775716145833333 0.040771484375
5 0.54296875 0.35107421875 0.08251953125 0.06756591796875
1 0.150146484375 0.671875 0.059366861979166664 0.042816162109375
4 0.6888020833333334 0.50732421875 0.10115559895833333 0.0369873046875
5 0.23193359375 0.3408203125 0.08561197916666667 0.06964111328125
4 0.6829427083333334 0.455322265625 0.09757486979166667 0.038604736328125
4 0.869140625 0.457275390625 0.11466471354166667 0.039276123046875
5 0.24397786458333334 0.272216796875 0.081298828125 0.06793212890625
5 0.12801106770833334 0.330810546875 0.08430989583333333 0.07080078125
5 0.14298502604166666 0.267822265625 0.08732096354166667 0.07122802734375
0 0.3307291666666667 0.751953125 0.052652994791666664 0.092529296875
0 0.4205729166666667 0.76123046875 0.06624348958333333 0.10247802734375