5 0.857421875 0.490966796875 0.081298828125 0.08831787109375
3 0.5550130208333334 0.46142578125 0.09684244791666667 0.045196533203125
3 0.1533203125 0.4765625 0.10188802083333333 0.045684814453125
5 0.8151041666666666 0.58935546875 0.08113606770833333 0.087890625
5 0.724609375 0.445556640625 0.08028157552083333 0.0894775390625
3 0.4313151041666667 0.48583984375 0.09407552083333333 0.043853759765625
3 0.3030598958333333 0.5126953125 0.09822591145833333 0.04443359375
3 0.28125 0.451904296875 0.09611002604166667 0.045013427734375
3 0.2574869791666667 0.390625 0.09912109375 0.04296875
3 0.1728515625 0.5380859375 0.10262044270833333 0.044677734375
5 0.8131510416666666 0.416259765625 0.08390299479166667 0.08868408203125
3 0.4088541666666667 0.426025390625 0.09847005208333333 0.044677734375
3 0.3841145833333333 0.36572265625 0.0947265625 0.042572021484375
5 0.7734375 0.51806640625 0.08028157552083333 0.086181640625
5 0.685546875 0.372314453125 0.0576171875 0.0809326171875
4 0.5413411458333334 0.56201171875 0.068603515625 0.07891845703125
3 0.5081380208333334 0.341796875 0.09757486979166667 0.045196533203125
4 0.3162434895833333 0.74560546875 0.06937662760416667 0.0863037109375
4 0.33984375 0.6015625 0.0721435546875 0.08135986328125
5 0.9049479166666666 0.5615234375 0.07637532552083333 0.0855712890625
5 0.7688802083333334 0.34375 0.0819091796875 0.0889892578125
3 0.5302734375 0.402099609375 0.09578450520833333 0.0455322265625
2 0.18863932291666666 0.6865234375 0.0560302734375 0.06512451171875
4 0.5192057291666666 0.70263671875 0.0706787109375 0.08404541015625
5 0.8639322916666666 0.662109375 0.07649739583333333 0.0894775390625
3 0.129638671875 0.414306640625 0.10115559895833333 0.04302978515625
4 0.4498697916666667 0.720703125 0.0560302734375 0.0740966796875
4 0.4710286458333333 0.57568359375 0.050821940104166664 0.06915283203125
4 0.5836588541666666 0.6943359375 0.048014322916666664 0.06927490234375
4 0.2722981770833333 0.6123046875 0.0758056640625 0.08331298828125
5 0.9498697916666666 0.63671875 0.06648763020833333 0.07861328125
4 0.3824869791666667 0.732421875 0.07255045572916667 0.0843505859375
4 0.4069010416666667 0.58740234375 0.06563313802083333 0.080078125
0 0.4954427083333333 0.93115234375 0.12687174479166666 0.042877197265625
0 0.4990234375 0.86279296875 0.111083984375 0.03173828125
1 0.7825520833333334 0.84716796875 0.06660970052083333 0.033782958984375
1 0.767578125 0.796875 0.07173665364583333 0.0352783203125