5 0.4925130208333333 0.388427734375 0.06636555989583333 0.06805419921875
5 0.5556640625 0.5146484375 0.07413736979166667 0.07763671875
4 0.3623046875 0.38916015625 0.087158203125 0.034942626953125
5 0.5234375 0.452880859375 0.068603515625 0.07366943359375
4 0.3665364583333333 0.43017578125 0.088623046875 0.036773681640625
5 0.4612630208333333 0.330078125 0.0594482421875 0.06573486328125
4 0.19970703125 0.398681640625 0.09423828125 0.03790283203125
5 0.57421875 0.371826171875 0.07185872395833333 0.07342529296875
4 0.37109375 0.473388671875 0.09025065104166667 0.03875732421875
5 0.6412760416666666 0.494140625 0.07267252604166667 0.0794677734375
4 0.20231119791666666 0.481201171875 0.1005859375 0.042083740234375
4 0.19661458333333334 0.57177734375 0.106201171875 0.046112060546875
0 0.19222005208333334 0.76708984375 0.12736002604166666 0.03839111328125
4 0.20166015625 0.439453125 0.09611002604166667 0.042633056640625
3 0.693359375 0.64599609375 0.07120768229166667 0.07275390625
4 0.20100911458333334 0.5244140625 0.10115559895833333 0.0391845703125
2 0.3020833333333333 0.6552734375 0.08528645833333333 0.045440673828125
4 0.3889973958333333 0.7158203125 0.08174641927083333 0.06304931640625
1 0.23990885416666666 0.6630859375 0.06392415364583333 0.04345703125
3 0.466796875 0.76025390625 0.083740234375 0.0638427734375
5 0.5908203125 0.5859375 0.07735188802083333 0.080078125
3 0.83984375 0.591796875 0.0758056640625 0.07159423828125
0 0.09375 0.669921875 0.10652669270833333 0.06854248046875
5 0.6061197916666666 0.433837890625 0.07132975260416667 0.07708740234375
4 0.3720703125 0.51513671875 0.091552734375 0.041473388671875
3 0.9303385416666666 0.62353515625 0.0792236328125 0.07598876953125
3 0.5491536458333334 0.8369140625 0.08390299479166667 0.08770751953125
3 0.869140625 0.71630859375 0.08414713541666667 0.08599853515625
5 0.54296875 0.312744140625 0.06648763020833333 0.0699462890625
3 0.625 0.73779296875 0.0806884765625 0.08050537109375
1 0.4762369791666667 0.67236328125 0.0560302734375 0.043701171875
5 0.4026692708333333 0.8740234375 0.12272135416666667 0.06475830078125
3 0.8033854166666666 0.818359375 0.089599609375 0.09332275390625
3 0.7584635416666666 0.55908203125 0.07173665364583333 0.06634521484375
3 0.7760416666666666 0.6806640625 0.0806884765625 0.0794677734375
3 0.7096354166666666 0.77880859375 0.086181640625 0.0872802734375
3 0.6370442708333334 0.88037109375 0.088134765625 0.092529296875