3 0.1130952380952381 0.6517857142857143 0.06283068783068783 0.06696428571428571
0 0.7296626984126984 0.6449652777777778 0.09689153439153439 0.057787698412698416
3 0.15889550264550265 0.7335069444444444 0.06448412698412699 0.0716765873015873
0 0.6851851851851852 0.5932539682539683 0.09126984126984126 0.054563492063492064
3 0.06878306878306878 0.5747767857142857 0.06084656084656084 0.06324404761904762
3 0.25033068783068785 0.5944940476190477 0.062169312169312166 0.06299603174603174
3 0.13822751322751323 0.5491071428571429 0.05952380952380952 0.062003968253968256
3 0.20320767195767195 0.5212053571428571 0.060515873015873016 0.0597718253968254
3 0.2328042328042328 0.7038690476190477 0.06481481481481481 0.06994047619047619
3 0.3014219576719577 0.6737351190476191 0.06382275132275132 0.06820436507936507
3 0.1840277777777778 0.6236359126984127 0.06316137566137567 0.06572420634920635
3 0.028108465608465607 0.501984126984127 0.056216931216931214 0.06101190476190476
3 0.15773809523809523 0.4507688492063492 0.057539682539682536 0.057291666666666664
3 0.09375 0.478546626984127 0.05787037037037037 0.05828373015873016
2 0.8189484126984127 0.6932043650793651 0.06779100529100529 0.05853174603174603
1 0.4575066137566138 0.7238343253968254 0.060515873015873016 0.04141865079365079
1 0.501984126984127 0.6768353174603174 0.057539682539682536 0.037698412698412696
4 0.5044642857142857 0.4833829365079365 0.09093915343915344 0.05505952380952381
4 0.2857142857142857 0.43154761904761907 0.09126984126984126 0.052083333333333336
4 0.36673280423280424 0.5425347222222222 0.09126984126984126 0.05431547619047619
5 0.48131613756613756 0.2867063492063492 0.050595238095238096 0.0689484126984127
5 0.4968584656084656 0.21118551587301587 0.05191798941798942 0.07018849206349206
5 0.5456349206349206 0.2594246031746032 0.05423280423280423 0.07192460317460317
5 0.4341931216931217 0.23660714285714285 0.05092592592592592 0.07043650793650794
4 0.4479166666666667 0.41418650793650796 0.0882936507936508 0.05357142857142857
5 0.5317460317460317 0.33469742063492064 0.04431216931216931 0.07018849206349206
5 0.5954034391534392 0.30654761904761907 0.04927248677248677 0.06746031746031746
5 0.7037037037037037 0.4052579365079365 0.04497354497354497 0.06597222222222222
5 0.5805224867724867 0.39037698412698413 0.050595238095238096 0.07192460317460317
5 0.6486441798941799 0.3557787698412698 0.045304232804232805 0.07018849206349206
5 0.6359126984126984 0.44233630952380953 0.047619047619047616 0.07415674603174603
4 0.3388671875 0.50341796875 0.08797200520833333 0.04913330078125
4 0.3141276041666667 0.468017578125 0.09025065104166667 0.050994873046875
4 0.4182942708333333 0.37353515625 0.08390299479166667 0.050994873046875
4 0.4794921875 0.450927734375 0.086669921875 0.05242919921875
4 0.3977864583333333 0.58251953125 0.09513346354166667 0.05572509765625
4 0.5400390625 0.52099609375 0.09041341145833333 0.05291748046875