3 0.41534391534391535 0.7065972222222222 0.10582010582010581 0.04662698412698413
2 0.09573412698412699 0.6617063492063492 0.05588624338624339 0.06448412698412699
3 0.5466269841269841 0.6848958333333334 0.10449735449735449 0.04538690476190476
3 0.39616402116402116 0.6400049603174603 0.10052910052910052 0.04290674603174603
3 0.4305555555555556 0.7755456349206349 0.1078042328042328 0.04811507936507937
3 0.5669642857142857 0.7532242063492064 0.11144179894179894 0.047619047619047616
0 0.45965608465608465 0.5088045634920635 0.10912698412698413 0.046875
3 0.6555886243386243 0.5992063492063492 0.10218253968253968 0.04265873015873016
3 0.7853835978835979 0.5787450396825397 0.10317460317460317 0.04290674603174603
4 0.3265542328042328 0.392609126984127 0.103505291005291 0.04117063492063492
3 0.8334986772486772 0.7099454365079365 0.11144179894179894 0.047371031746031744
3 0.5269510582010583 0.6190476190476191 0.09953703703703703 0.0441468253968254
5 0.6109457671957672 0.4463045634920635 0.07374338624338625 0.07862103174603174
3 0.8070436507936508 0.6431051587301587 0.1087962962962963 0.04712301587301587
0 0.48131613756613756 0.5685763888888888 0.11078042328042328 0.045882936507936505
4 0.3425925925925926 0.3454861111111111 0.10119047619047619 0.042162698412698416
1 0.22420634920634921 0.6755952380952381 0.04563492063492063 0.0496031746031746
3 0.7005621693121693 0.7312748015873016 0.10681216931216932 0.046875
3 0.6759259259259259 0.6631944444444444 0.10714285714285714 0.04662698412698413
1 0.14963624338624337 0.6595982142857143 0.04927248677248677 0.04836309523809524
5 0.5444775132275133 0.35974702380952384 0.0744047619047619 0.07961309523809523
5 0.8201058201058201 0.4955357142857143 0.07804232804232804 0.07936507936507936
5 0.9290674603174603 0.5205853174603174 0.08564814814814815 0.0798611111111111
5 0.740244708994709 0.41021825396825395 0.08366402116402116 0.08134920634920635
4 0.2953042328042328 0.48288690476190477 0.10317460317460317 0.04017857142857143
4 0.31183862433862436 0.43762400793650796 0.09986772486772487 0.04092261904761905
4 0.12979497354497355 0.4636656746031746 0.10681216931216932 0.040426587301587304
4 0.18138227513227514 0.32601686507936506 0.10416666666666667 0.03794642857142857
4 0.10730820105820106 0.509796626984127 0.10681216931216932 0.04290674603174603
4 0.14798280423280424 0.4148065476190476 0.09953703703703703 0.04092261904761905
4 0.2786044973544973 0.5313740079365079 0.10218253968253968 0.04290674603174603
4 0.1636904761904762 0.37028769841269843 0.09986772486772487 0.03720238095238095
5 0.8470052083333334 0.432373046875 0.089111328125 0.0843505859375
5 0.6422526041666666 0.3837890625 0.0799560546875 0.08447265625
5 0.5126953125 0.419921875 0.0682373046875 0.07666015625
5 0.9524332682291666 0.457275390625 0.09513346354166667 0.08648681640625
5 0.7135416666666666 0.471435546875 0.08683268229166667 0.0855712890625