0 0.18945436507936506 0.6772470238095237 0.11531415343915344 0.03594990079365079
5 0.6751289682539682 0.46752976190476186 0.07791997354497354 0.06311011904761905
4 0.37565145502645503 0.6611334325396826 0.0633531746031746 0.06549107142857143
5 0.6611342592592593 0.41772569444444446 0.07401455026455027 0.058439980158730157
2 0.31819775132275135 0.7441418650793651 0.09008928571428572 0.04949900793650794
5 0.5804034391534392 0.42040922619047616 0.07267195767195767 0.05865575396825397
3 0.8483068783068783 0.7529290674603174 0.094239417989418 0.07598958333333333
4 0.31559193121693124 0.3833010912698413 0.07967261904761905 0.03198164682539682
3 0.6940112433862434 0.6625967261904763 0.08544973544973544 0.06420882936507936
5 0.5911474867724869 0.47241319444444446 0.0719808201058201 0.05758680555555556
4 0.46126322751322746 0.3847668650793651 0.07637566137566137 0.02903769841269841
3 0.48828042328042326 0.8139657738095237 0.09822751322751323 0.0754389880952381
3 0.43912698412698414 0.7324231150793651 0.07722883597883598 0.06500248015873016
3 0.7460945767195767 0.8393551587301588 0.10058531746031747 0.08374007936507936
4 0.30631613756613757 0.44897569444444446 0.08544973544973544 0.03436259920634921
1 0.3151058201058201 0.5966790674603174 0.046061507936507935 0.048125
3 0.6679695767195767 0.7861334325396826 0.09456349206349206 0.07641617063492064
4 0.297364417989418 0.48461805555555554 0.08943783068783068 0.03417906746031746
4 0.31022156084656083 0.41528273809523814 0.08158399470899472 0.032165178571428574
5 0.6009126984126985 0.5322271825396826 0.0792228835978836 0.07006944444444443
5 0.5719411375661375 0.36791914682539684 0.06709656084656085 0.05676339285714286
4 0.45930886243386243 0.41674851190476186 0.0791005291005291 0.03173859126984127
0 0.13761243386243385 0.5961904761904763 0.08374007936507936 0.07287698412698412
3 0.765625 0.7060540674603174 0.09025132275132276 0.07043402777777778
3 0.5572916666666666 0.8715823412698412 0.09968915343915344 0.08361855158730158
5 0.38378968253968254 0.6186532738095237 0.10261904761904762 0.042023809523809526
3 0.9401058201058201 0.6752926587301588 0.09236772486772486 0.06951884920634921
4 0.28889880952380953 0.5200198412698412 0.09008928571428572 0.03649801587301587
5 0.6487632275132275 0.36328125 0.07014880952380952 0.05889880952380952
3 0.5957043650793651 0.7333978174603174 0.09204034391534391 0.06982390873015873
4 0.4573578042328042 0.45165922619047616 0.08084986772486773 0.031371527777777776
3 0.7825529100529101 0.5952157738095237 0.08280423280423281 0.06008928571428571
3 0.8554695767195767 0.6347668650793651 0.08528769841269843 0.06451388888888888
4 0.4534490740740741 0.48584077380952384 0.08325066137566138 0.034241071428571426
1 0.4892592592592592 0.6552728174603174 0.05558201058201059 0.05389384920634921
5 0.6113293650793651 0.5957043650793651 0.08699404761904762 0.07556051587301588
5 0.6901058201058201 0.5219717261904763 0.07706679894179895 0.07421875