4 0.3234049479166667 0.56396484375 0.056315104166666664 0.0704345703125
4 0.4869791666666667 0.671875 0.0631103515625 0.07891845703125
3 0.6002604166666666 0.1751708984375 0.086181640625 0.0546875
3 0.6634114583333334 0.279296875 0.08683268229166667 0.052337646484375
3 0.83984375 0.430419921875 0.090576171875 0.051849365234375
3 0.7102864583333334 0.222412109375 0.09041341145833333 0.054901123046875
3 0.7734375 0.324462890625 0.08878580729166667 0.052703857421875
3 0.6178385416666666 0.328369140625 0.08390299479166667 0.050811767578125
3 0.5569661458333334 0.2310791015625 0.08463541666666667 0.054412841796875
3 0.8209635416666666 0.27001953125 0.091552734375 0.054290771484375
3 0.884765625 0.376708984375 0.09440104166666667 0.05419921875
0 0.740234375 0.68310546875 0.0560302734375 0.0894775390625
0 0.6409505208333334 0.76123046875 0.101318359375 0.08447265625
4 0.6640625 0.55517578125 0.08011881510416667 0.0535888671875
4 0.22021484375 0.71923828125 0.057088216145833336 0.07708740234375
4 0.19010416666666666 0.5859375 0.056111653645833336 0.070556640625
1 0.5934244791666666 0.62109375 0.0557861328125 0.0384521484375
4 0.2578125 0.57421875 0.056640625 0.07171630859375
4 0.2888997395833333 0.70654296875 0.061482747395833336 0.07879638671875
3 0.51171875 0.28125 0.08203125 0.05242919921875
3 0.728515625 0.378173828125 0.089599609375 0.052520751953125
4 0.3876953125 0.5498046875 0.056437174479166664 0.06768798828125
4 0.3531901041666667 0.6943359375 0.062418619791666664 0.07891845703125
5 0.5335286458333334 0.401611328125 0.08927408854166667 0.04931640625
5 0.22086588541666666 0.408935546875 0.101318359375 0.056243896484375
1 0.6305338541666666 0.4736328125 0.0565185546875 0.038818359375
3 0.744140625 0.487548828125 0.07596842447916667 0.05975341796875
4 0.4235026041666667 0.68310546875 0.057820638020833336 0.0784912109375
5 0.3128255208333333 0.384033203125 0.09456380208333333 0.0531005859375
5 0.3375651041666667 0.447509765625 0.09716796875 0.04913330078125
5 0.14078776041666666 0.49462890625 0.09578450520833333 0.04638671875
5 0.4098307291666667 0.36279296875 0.09309895833333333 0.0469970703125
5 0.12117513020833333 0.4296875 0.09456380208333333 0.04779052734375
5 0.23876953125 0.470703125 0.09847005208333333 0.050323486328125
5 0.4375 0.425048828125 0.10221354166666667 0.05450439453125
2 0.79296875 0.56298828125 0.0496826171875 0.059967041015625
5 0.6061197916666666 0.56103515625 0.047200520833333336 0.0706787109375