3 0.6848544973544973 0.4358878968253968 0.05886243386243386 0.08506944444444445
3 0.6951058201058201 0.5499751984126984 0.06812169312169312 0.09449404761904762
3 0.5844907407407407 0.6780753968253969 0.07242063492063493 0.10714285714285714
3 0.5808531746031746 0.5512152777777778 0.06382275132275132 0.09399801587301587
3 0.7056878306878307 0.6778273809523809 0.07341269841269842 0.10813492063492064
3 0.716931216931217 0.8247767857142857 0.07671957671957672 0.11631944444444445
3 0.4664351851851852 0.6737351190476191 0.06911375661375661 0.10342261904761904
3 0.5879629629629629 0.8201884920634921 0.07671957671957672 0.12103174603174603
3 0.45965608465608465 0.8185763888888888 0.07275132275132275 0.11830357142857142
3 0.4742063492063492 0.5469990079365079 0.06084656084656084 0.09102182539682539
3 0.3273809523809524 0.47668650793650796 0.06613756613756613 0.07787698412698413
4 0.3126653439153439 0.5561755952380952 0.05191798941798942 0.08754960317460317
4 0.16319444444444445 0.6354166666666666 0.09689153439153439 0.08878968253968254
3 0.37533068783068785 0.5915178571428571 0.05952380952380952 0.09176587301587301