5 0.20767195767195767 0.3185763888888889 0.16137566137566137 0.10441468253968254
2 0.40674603174603174 0.7242063492063492 0.07407407407407407 0.0992063492063492
0 0.12880291005291006 0.6194196428571429 0.1875 0.06374007936507936
1 0.24206349206349206 0.40612599206349204 0.09126984126984126 0.056299603174603176
1 0.3326719576719577 0.4973958333333333 0.0992063492063492 0.06274801587301587
4 0.35102513227513227 0.5679563492063492 0.14252645502645503 0.06448412698412699
3 0.783203125 0.50732421875 0.11653645833333333 0.11065673828125
3 0.6920572916666666 0.383056640625 0.11824544270833333 0.11614990234375
3 0.67578125 0.5595703125 0.11881510416666667 0.1104736328125
3 0.7708333333333334 0.6806640625 0.11181640625 0.10723876953125
3 0.5891927083333334 0.25048828125 0.122314453125 0.123779296875
3 0.470703125 0.488037109375 0.12052408854166667 0.11456298828125
3 0.5777994791666666 0.435546875 0.12361653645833333 0.11578369140625
3 0.3583984375 0.353759765625 0.12516276041666666 0.11798095703125
3 0.4729817708333333 0.303466796875 0.12687174479166666 0.1229248046875
3 0.6712239583333334 0.73681640625 0.10750325520833333 0.1070556640625
3 0.18929036458333334 0.453857421875 0.1591796875 0.0831298828125
3 0.5709635416666666 0.61669921875 0.12117513020833333 0.11181640625