3 0.31201171875 0.73388671875 0.09562174479166667 0.0416259765625
3 0.18977864583333334 0.701171875 0.09423828125 0.042083740234375
3 0.4300130208333333 0.65966796875 0.09073893229166667 0.0416259765625
3 0.3111979166666667 0.68310546875 0.09236653645833333 0.041534423828125
3 0.5452473958333334 0.6376953125 0.08544921875 0.03985595703125
3 0.3048502604166667 0.62939453125 0.09041341145833333 0.042388916015625
0 0.837890625 0.67822265625 0.07893880208333333 0.0838623046875
4 0.6630859375 0.55029296875 0.07027180989583333 0.05499267578125
3 0.4361979166666667 0.7119140625 0.092041015625 0.042236328125
5 0.14347330729166666 0.52294921875 0.0682373046875 0.05572509765625
3 0.7200520833333334 0.51904296875 0.051676432291666664 0.0604248046875
3 0.18815104166666666 0.6494140625 0.088623046875 0.040252685546875
4 0.8287760416666666 0.418212890625 0.043375651041666664 0.062225341796875
3 0.5315755208333334 0.5888671875 0.08308919270833333 0.037750244140625
5 0.3232421875 0.52197265625 0.07967122395833333 0.0592041015625
1 0.6028645833333334 0.501953125 0.049601236979166664 0.04010009765625
3 0.4182942708333333 0.6103515625 0.086181640625 0.039337158203125
4 0.7141927083333334 0.327880859375 0.03643798828125 0.057373046875
4 0.6012369791666666 0.32763671875 0.03521728515625 0.0552978515625
5 0.3349609375 0.468994140625 0.08447265625 0.06256103515625
5 0.4192708333333333 0.462158203125 0.08296712239583333 0.060089111328125
4 0.7688802083333334 0.419921875 0.03778076171875 0.062225341796875
2 0.693359375 0.6220703125 0.044108072916666664 0.05645751953125
0 0.6246744791666666 0.79736328125 0.12939453125 0.061431884765625
4 0.6448567708333334 0.420654296875 0.040751139322916664 0.058135986328125
4 0.705078125 0.41845703125 0.040364583333333336 0.061309814453125
4 0.6559244791666666 0.327880859375 0.03692626953125 0.057586669921875
5 0.24788411458333334 0.474609375 0.07881673177083333 0.061309814453125
4 0.7708333333333334 0.3251953125 0.035888671875 0.056640625
5 0.16153971354166666 0.474853515625 0.07552083333333333 0.060638427734375
5 0.8815104166666666 0.51416015625 0.0635986328125 0.06658935546875
1 0.67578125 0.671875 0.050618489583333336 0.043365478515625
4 0.5885416666666666 0.419921875 0.041910807291666664 0.057708740234375
5 0.4088541666666667 0.517578125 0.07499186197916667 0.057708740234375
3 0.5625 0.68896484375 0.09187825520833333 0.040985107421875
5 0.23356119791666666 0.52392578125 0.08040364583333333 0.06085205078125
5 0.5022786458333334 0.51416015625 0.06722005208333333 0.051849365234375