3 0.2099609375 0.58203125 0.078369140625 0.06280517578125
3 0.18212890625 0.473388671875 0.08101399739583333 0.06268310546875
3 0.15462239583333334 0.61572265625 0.07552083333333333 0.06268310546875
3 0.26318359375 0.54736328125 0.07954915364583333 0.06463623046875
5 0.6276041666666666 0.1929931640625 0.08683268229166667 0.08868408203125
3 0.3688151041666667 0.72119140625 0.0745849609375 0.0604248046875
2 0.5266927083333334 0.364501953125 0.0736083984375 0.05645751953125
5 0.51171875 0.1781005859375 0.083740234375 0.08990478515625
3 0.07694498697916667 0.54443359375 0.07865397135416667 0.0618896484375
3 0.129638671875 0.50927734375 0.08146158854166667 0.063232421875
5 0.7213541666666666 0.29443359375 0.09440104166666667 0.08929443359375
5 0.6080729166666666 0.276611328125 0.08683268229166667 0.08868408203125
3 0.2913411458333333 0.6513671875 0.07666015625 0.06463623046875
3 0.3440755208333333 0.619140625 0.07552083333333333 0.06451416015625
4 0.7955729166666666 0.484375 0.07511393229166667 0.08868408203125
5 0.7513020833333334 0.2117919921875 0.08634440104166667 0.08599853515625
5 0.28173828125 0.1444091796875 0.08585611979166667 0.08831787109375
5 0.2646484375 0.22216796875 0.08634440104166667 0.08197021484375
3 0.23274739583333334 0.68310546875 0.07430013020833333 0.060302734375
4 0.716796875 0.4755859375 0.07080078125 0.08660888671875
4 0.7630208333333334 0.62548828125 0.0523681640625 0.07208251953125
4 0.6875 0.61669921875 0.0518798828125 0.07275390625
4 0.8723958333333334 0.49462890625 0.07332356770833333 0.09124755859375
3 0.3103841145833333 0.75048828125 0.073486328125 0.060638427734375
4 0.8391927083333334 0.6396484375 0.054036458333333336 0.072509765625
4 0.6422526041666666 0.46728515625 0.06697591145833333 0.0863037109375
5 0.392578125 0.16259765625 0.08203125 0.0869140625
3 0.4248046875 0.68994140625 0.07539876302083333 0.0631103515625
4 0.9108072916666666 0.64453125 0.07185872395833333 0.08990478515625
4 0.953125 0.50634765625 0.08028157552083333 0.09368896484375
1 0.24869791666666666 0.388916015625 0.06538899739583333 0.040924072265625
4 0.6123046875 0.6015625 0.0634765625 0.0831298828125
5 0.3756510416666667 0.2447509765625 0.08341471354166667 0.0838623046875
5 0.4850260416666667 0.255859375 0.09138997395833333 0.08587646484375
0 0.5696614583333334 0.77392578125 0.09220377604166667 0.07275390625
0 0.6337890625 0.8125 0.09090169270833333 0.07891845703125
1 0.20882161458333334 0.3359375 0.06913248697916667 0.04486083984375