3 0.2501627604166667 0.3388671875 0.099365234375 0.0472412109375
3 0.150634765625 0.426025390625 0.10074869791666667 0.046295166015625
3 0.2765299479166667 0.39404296875 0.095947265625 0.04876708984375
4 0.513671875 0.9521484375 0.07763671875 0.08758544921875
4 0.3146158854166667 0.6884765625 0.07539876302083333 0.07464599609375
3 0.12687174479166666 0.37109375 0.1005859375 0.048126220703125
3 0.4010416666666667 0.361328125 0.09578450520833333 0.04742431640625
3 0.3717447916666667 0.3076171875 0.095458984375 0.04620361328125
5 0.6370442708333334 0.356201171875 0.08976236979166667 0.07135009765625
0 0.3623046875 0.603515625 0.10188802083333333 0.06927490234375
3 0.09969075520833333 0.311279296875 0.09952799479166667 0.047882080078125
3 0.453125 0.53759765625 0.07173665364583333 0.06707763671875
4 0.21875 0.84130859375 0.07722981770833333 0.08599853515625
4 0.5182291666666666 0.51806640625 0.0819091796875 0.058990478515625
4 0.4397786458333333 0.92041015625 0.08357747395833333 0.09332275390625
3 0.22314453125 0.281005859375 0.09456380208333333 0.0460205078125
1 0.4736328125 0.6240234375 0.049601236979166664 0.055206298828125
3 0.345703125 0.2509765625 0.09423828125 0.0455322265625
4 0.3665364583333333 0.89111328125 0.08203125 0.08929443359375
4 0.5286458333333334 0.77001953125 0.0721435546875 0.07879638671875
3 0.4944661458333333 0.27783203125 0.0986328125 0.047607421875
3 0.5234375 0.329345703125 0.0947265625 0.046478271484375
5 0.642578125 0.51416015625 0.09073893229166667 0.06500244140625
5 0.7604166666666666 0.59814453125 0.09342447916666667 0.0782470703125
5 0.7350260416666666 0.42822265625 0.09375 0.0740966796875
2 0.2638346354166667 0.57421875 0.08085123697916667 0.053009033203125
0 0.34375 0.53125 0.12532552083333334 0.053314208984375
1 0.3922526041666667 0.44677734375 0.0704345703125 0.03594970703125
5 0.4111328125 0.57373046875 0.111083984375 0.06500244140625
5 0.7239583333333334 0.275634765625 0.09220377604166667 0.073974609375
4 0.2931315104166667 0.86474609375 0.08174641927083333 0.0885009765625
5 0.65625 0.59912109375 0.090087890625 0.0740966796875
4 0.4576822916666667 0.73974609375 0.07706705729166667 0.08270263671875
4 0.3811848958333333 0.71533203125 0.06624348958333333 0.06964111328125
5 0.6409505208333334 0.431396484375 0.09073893229166667 0.06915283203125
5 0.74609375 0.51220703125 0.08829752604166667 0.06549072265625
5 0.732421875 0.3564453125 0.08797200520833333 0.070556640625