0 0.7083333333333334 0.6202876984126984 0.09193121693121693 0.062003968253968256
2 0.46941137566137564 0.9079861111111112 0.07175925925925926 0.06696428571428571
0 0.7678571428571429 0.6702628968253969 0.0958994708994709 0.06374007936507936
4 0.30671296296296297 0.5865575396825397 0.0916005291005291 0.06448412698412699
3 0.28918650793650796 0.4259672619047619 0.0710978835978836 0.05431547619047619
3 0.5988756613756614 0.5633680555555556 0.08002645502645503 0.060267857142857144
3 0.37020502645502645 0.48412698412698413 0.07242063492063493 0.057539682539682536
3 0.39732142857142855 0.3492063492063492 0.07374338624338625 0.054563492063492064
3 0.42592592592592593 0.44543650793650796 0.07407407407407407 0.05803571428571429
4 0.4398148148148148 0.697296626984127 0.09126984126984126 0.06919642857142858
3 0.47900132275132273 0.404265873015873 0.07572751322751323 0.05555555555555555
3 0.5416666666666666 0.6066468253968254 0.08002645502645503 0.06101190476190476
3 0.34424603174603174 0.3900049603174603 0.07208994708994709 0.05580357142857143
3 0.5629960317460317 0.46118551587301587 0.0763888888888889 0.05679563492063492
3 0.45353835978835977 0.5426587301587301 0.07572751322751323 0.056051587301587304
4 0.1746031746031746 0.6774553571428571 0.09523809523809523 0.06721230158730158
1 0.5932539682539683 0.8684275793650794 0.04431216931216931 0.051835317460317464
1 0.6769179894179894 0.8599950396825397 0.04894179894179894 0.05431547619047619
4 0.3030753968253968 0.7962549603174603 0.08498677248677249 0.06473214285714286
5 0.8991402116402116 0.505828373015873 0.04298941798941799 0.08010912698412699
5 0.6149140211640212 0.39186507936507936 0.04728835978835979 0.08134920634920635
5 0.7556216931216931 0.49404761904761907 0.046957671957671955 0.07886904761904762
5 0.5491071428571429 0.3368055555555556 0.04133597883597884 0.07688492063492064
5 0.8315145502645502 0.5512152777777778 0.04332010582010582 0.08407738095238096
5 0.6795634920634921 0.3479662698412698 0.04497354497354497 0.07688492063492064
5 0.6139219576719577 0.2978670634920635 0.04332010582010582 0.0763888888888889
5 0.8229166666666666 0.45188492063492064 0.045965608465608467 0.07936507936507936
5 0.6833664021164021 0.4401041666666667 0.044642857142857144 0.07911706349206349
5 0.7468584656084656 0.40054563492063494 0.04265873015873016 0.07589285714285714
3 0.65234375 0.5224609375 0.08040364583333333 0.0615234375
4 0.21728515625 0.71484375 0.10262044270833333 0.0751953125
4 0.3538411458333333 0.62255859375 0.09562174479166667 0.071044921875
4 0.3984375 0.6572265625 0.09342447916666667 0.0701904296875
4 0.2626953125 0.75244140625 0.09969075520833333 0.0753173828125
4 0.263671875 0.552734375 0.08601888020833333 0.060089111328125
4 0.13427734375 0.63916015625 0.09847005208333333 0.0709228515625
3 0.5091145833333334 0.5029296875 0.07332356770833333 0.055419921875