4 0.5264550264550265 0.7827380952380952 0.12301587301587301 0.11359126984126984
4 0.2853835978835979 0.5979662698412699 0.16137566137566137 0.11805555555555555
4 0.08283730158730158 0.42683531746031744 0.144510582010582 0.1185515873015873
4 0.359457671957672 0.2854662698412698 0.13161375661375663 0.10912698412698413
5 0.8377976190476191 0.6112351190476191 0.08961640211640212 0.12177579365079365
2 0.43915343915343913 0.7130456349206349 0.07804232804232804 0.11507936507936507
1 0.6617063492063492 0.728546626984127 0.09060846560846561 0.07415674603174603
0 0.3187830687830688 0.886656746031746 0.15806878306878308 0.13541666666666666
4 0.6216931216931217 0.38752480158730157 0.12103174603174603 0.09995039682539683
4 0.46511243386243384 0.48623511904761907 0.12400793650793651 0.10193452380952381
1 0.7086640211640212 0.5936259920634921 0.09656084656084656 0.056299603174603176
3 0.5735681216931217 0.6425793650793651 0.07995701058201057 0.12042162698412699
4 0.2737632275132275 0.33276289682539684 0.14680886243386243 0.11657738095238096
4 0.5543617724867725 0.4316418650793651 0.11287367724867724 0.09466517857142857
4 0.18310515873015873 0.37866319444444446 0.14957671957671959 0.12085069444444443
4 0.37890542328042326 0.5449231150793651 0.15673941798941798 0.11126736111111112