3 0.21598214285714284 0.4392088293650794 0.07173611111111111 0.06231646825396825
3 0.578125 0.7719717261904763 0.08496031746031747 0.03027281746031746
3 0.1514484126984127 0.47192460317460316 0.07568452380952381 0.06561259920634921
5 0.49674603174603177 0.3676760912698413 0.08219246031746032 0.0925297619047619
5 0.5686838624338625 0.51953125 0.08308862433862434 0.07904017857142857
5 0.41503968253968254 0.39160218253968254 0.08101521164021164 0.08679315476190476
5 0.5328769841269841 0.4470213293650794 0.08479828042328043 0.08599950396825397
3 0.3603505291005291 0.6879885912698412 0.07482804232804233 0.060302579365079365
1 0.35546957671957674 0.7861334325396826 0.05090277777777778 0.04168650793650794
4 0.7408862433862434 0.7859796626984127 0.0915542328042328 0.03829861111111111
3 0.35579365079365083 0.5883779761904763 0.06901124338624338 0.05966269841269841
5 0.48112103174603177 0.5395510912698412 0.06502314814814815 0.07092261904761904
5 0.45019510582010586 0.46557539682539684 0.07955026455026455 0.08227430555555557
5 0.37272156084656083 0.31664930555555554 0.06599867724867725 0.08062748015873016
3 0.2882473544973545 0.5141592261904763 0.0744212962962963 0.0629265873015873
3 0.42448082010582017 0.6591790674603174 0.06823743386243386 0.05877728174603175
3 0.22151785714285716 0.5473635912698412 0.07360780423280423 0.060853174603174603
2 0.42448082010582017 0.7778323412698412 0.0733234126984127 0.03326388888888889
4 0.7004199735449737 0.6468253968253969 0.09973544973544975 0.03792162698412699
3 0.15299603174603174 0.5830084325396826 0.07637566137566137 0.06500248015873016
0 0.20117063492063494 0.7871106150793651 0.05245039682539683 0.09283482142857143
5 0.46191468253968254 0.29174851190476186 0.08544973544973544 0.09387152777777778
4 0.7526058201058201 0.8339856150793651 0.08911044973544975 0.032896825396825397
4 0.5175793650793651 0.7402356150793651 0.07893849206349207 0.0476984126984127
0 0.3958333333333333 0.8759771825396826 0.08666997354497354 0.05877728174603175
4 0.7141931216931217 0.6943353174603174 0.0925297619047619 0.036284722222222225
3 0.2944345238095238 0.6206051587301588 0.07401455026455027 0.062103174603174605
5 0.515625 0.6113293650793651 0.07666005291005291 0.07641617063492064
4 0.9016931216931217 0.7236334325396826 0.09985449735449735 0.03359871031746032
3 0.2233068783068783 0.65234375 0.07596891534391534 0.06164434523809524
4 0.9140641534391535 0.7709970238095237 0.0959457671957672 0.03234871031746032
4 0.8886706349206349 0.6723635912698412 0.10131944444444443 0.03488095238095238
3 0.2944345238095238 0.7221676587301588 0.07470568783068783 0.0594171626984127
4 0.8763029100529101 0.6264657738095237 0.10026124338624338 0.03622519841269841
4 0.7278637566137566 0.7392584325396826 0.0947255291005291 0.03985615079365079
1 0.5699867724867725 0.6821279761904763 0.06103505291005291 0.03338541666666667
5 0.6181646825396825 0.8779290674603174 0.09716931216931216 0.03875744047619048