5 0.16418650793650794 0.291046626984127 0.17956349206349206 0.10987103174603174
2 0.3811177248677249 0.6710069444444444 0.0710978835978836 0.09151785714285714
1 0.3014219576719577 0.46924603174603174 0.09556878306878307 0.05654761904761905
3 0.15476190476190477 0.43638392857142855 0.16071428571428573 0.07762896825396826
0 0.11177248677248677 0.5998263888888888 0.19047619047619047 0.05133928571428571
4 0.3247354497354497 0.5373263888888888 0.13822751322751323 0.06572420634920635
3 0.4322916666666667 0.26269593253968254 0.11083994708994709 0.11437996031746032
3 0.32226521164021166 0.32128968253968254 0.11824404761904762 0.11456349206349206
1 0.2122387566137566 0.38256944444444446 0.12011574074074075 0.06964037698412699
3 0.6178373015873015 0.5068353174603174 0.09122685185185185 0.08801339285714285
3 0.7076818783068783 0.45996031746031746 0.08561177248677249 0.08538938492063493
3 0.6116534391534392 0.6596676587301588 0.08845899470899471 0.08404513888888888
3 0.5423181216931217 0.2105704365079365 0.11262896825396825 0.1167609126984127
3 0.5354828042328043 0.39721726190476186 0.10319113756613757 0.1003422619047619
3 0.6285813492063492 0.3454588293650794 0.09562169312169314 0.09875496031746032
3 0.6927083333333334 0.6069345238095237 0.08528769841269843 0.08178819444444443
3 0.5289715608465608 0.5615228174603174 0.0959457671957672 0.09008680555555557
3 0.4322916666666667 0.45214781746031746 0.1120601851851852 0.10174603174603175