3 0.5804563492063491 0.5810540674603174 0.09393518518518519 0.046478174603174605
3 0.5507804232804233 0.4018551587301587 0.07320105820105821 0.060210813492063496
3 0.6096990740740741 0.36425843253968254 0.07735119047619048 0.05856398809523809
3 0.7545568783068783 0.38549851190476186 0.08406415343915344 0.060302579365079365
1 0.43359457671957674 0.6542981150793651 0.06709656084656085 0.032470238095238094
5 0.23876984126984127 0.7768551587301588 0.06774801587301588 0.08660962301587301
3 0.78125 0.49365327380952384 0.08601851851851852 0.06420882936507936
2 0.2797850529100529 0.59765625 0.06709656084656085 0.057921626984126985
0 0.45019510582010586 0.5478521825396826 0.11507275132275133 0.04113839285714286
4 0.13126653439153438 0.43652281746031746 0.09309854497354496 0.060302579365079365
4 0.09008928571428572 0.47192460317460316 0.09073743386243385 0.06097470238095238
3 0.7194014550264549 0.5346676587301588 0.08878637566137566 0.0668328373015873
4 0.25830026455026456 0.5034176587301588 0.09285383597883598 0.05624503968253968
3 0.8417956349206349 0.45043898809523814 0.09269179894179895 0.06451388888888888
3 0.6328141534391535 0.46630952380952384 0.07865410052910053 0.06268353174603175
4 0.2071924603174603 0.35815476190476186 0.09171626984126985 0.054595734126984125
4 0.2998048941798942 0.46166914682539684 0.0947255291005291 0.05856398809523809
3 0.8072916666666666 0.6074231150793651 0.094239417989418 0.07159474206349206
5 0.4534490740740741 0.60546875 0.06229497354497354 0.07989583333333333
0 0.3417956349206349 0.6357415674603174 0.10115410052910052 0.05856398809523809
4 0.6816402116402117 0.6298834325396826 0.07625330687830688 0.060515873015873016
3 0.8717460317460317 0.5639657738095237 0.0947255291005291 0.06817708333333333
3 0.6914054232804233 0.4274900793650794 0.08219246031746032 0.0594171626984127
4 0.1694345238095238 0.39746031746031746 0.09220238095238095 0.05676339285714286
3 0.6686210317460318 0.32324156746031746 0.07865410052910053 0.05911210317460318
5 0.5891931216931217 0.8056646825396826 0.07145171957671957 0.09075892857142857
5 0.5517592592592593 0.8872073412698412 0.06913359788359788 0.10052579365079364
5 0.34082010582010586 0.8110342261904763 0.06913359788359788 0.08929563492063493
5 0.2836904761904762 0.7045907738095237 0.06253968253968255 0.07275297619047619
5 0.48828042328042326 0.7749032738095237 0.07173611111111111 0.08618055555555557
4 0.3391931216931217 0.42211805555555554 0.09407407407407407 0.057708333333333334
5 0.38704365079365083 0.7412103174603174 0.06298941798941798 0.08404513888888888
5 0.6604828042328043 0.9277356150793651 0.07470568783068783 0.10394345238095239
1 0.45637896825396823 0.48706101190476186 0.06636574074074074 0.031433531746031744
4 0.21647156084656086 0.5410168650793651 0.0947255291005291 0.056855158730158735
4 0.04488095238095238 0.5102529761904763 0.08878637566137566 0.06268353174603175
5 0.44335978835978834 0.8447271825396826 0.06477843915343914 0.0855704365079365