3 0.2540690104166667 0.312255859375 0.10392252604166667 0.042388916015625
5 0.720703125 0.404296875 0.086669921875 0.0885009765625
3 0.14225260416666666 0.451171875 0.10595703125 0.04296875
3 0.2775065104166667 0.435791015625 0.10262044270833333 0.042633056640625
3 0.5120442708333334 0.2841796875 0.09895833333333333 0.043212890625
3 0.133544921875 0.389892578125 0.10392252604166667 0.04302978515625
5 0.8092447916666666 0.380126953125 0.091064453125 0.09075927734375
3 0.2669270833333333 0.374755859375 0.10115559895833333 0.042022705078125
3 0.3837890625 0.2978515625 0.099853515625 0.04083251953125
3 0.4114583333333333 0.420166015625 0.09879557291666667 0.040924072265625
4 0.22916666666666666 0.53955078125 0.06913248697916667 0.08416748046875
3 0.5247395833333334 0.34423828125 0.09952799479166667 0.04217529296875
5 0.7578125 0.483642578125 0.08846028645833333 0.08660888671875
4 0.5152994791666666 0.5087890625 0.063720703125 0.0809326171875
4 0.3753255208333333 0.525390625 0.06697591145833333 0.08331298828125
3 0.12076822916666667 0.326416015625 0.10652669270833333 0.040985107421875
5 0.7779947916666666 0.302734375 0.090087890625 0.09283447265625
5 0.8502604166666666 0.460693359375 0.09025065104166667 0.09088134765625
0 0.4166666666666667 0.892578125 0.13785807291666666 0.049407958984375
5 0.796875 0.5595703125 0.09171549479166667 0.089599609375
4 0.2556966145833333 0.68115234375 0.068115234375 0.08740234375
5 0.6861979166666666 0.3251953125 0.059814453125 0.07965087890625
3 0.5416666666666666 0.404541015625 0.10172526041666667 0.041534423828125
3 0.3958333333333333 0.359375 0.09952799479166667 0.0413818359375
5 0.890625 0.533203125 0.08650716145833333 0.0863037109375
4 0.4430338541666667 0.51708984375 0.050618489583333336 0.07305908203125
4 0.4703776041666667 0.65283203125 0.0679931640625 0.085693359375
5 0.9329427083333334 0.61572265625 0.07332356770833333 0.080078125
2 0.13264973958333334 0.60498046875 0.06266276041666667 0.06488037109375
5 0.837890625 0.63818359375 0.08414713541666667 0.09332275390625
4 0.5426432291666666 0.64599609375 0.0452880859375 0.07611083984375
4 0.3974609375 0.6640625 0.0509033203125 0.07684326171875
4 0.3297526041666667 0.66943359375 0.06648763020833333 0.08929443359375
4 0.3037109375 0.5322265625 0.06660970052083333 0.08209228515625
0 0.4264322916666667 0.81884765625 0.13126627604166666 0.047882080078125
1 0.7337239583333334 0.828125 0.0736083984375 0.035888671875
1 0.7233072916666666 0.771484375 0.07609049479166667 0.0345458984375