3 0.30371031746031746 0.5571279761904763 0.08430886243386243 0.05932539682539682
3 0.8033862433862434 0.5786135912698412 0.10148148148148148 0.03222718253968254
3 0.4059259259259259 0.6162103174603174 0.08781084656084656 0.06109623015873016
3 0.4541005291005291 0.5625 0.08601851851851852 0.05865575396825397
3 0.5084623015873015 0.6743154761904763 0.08585648148148148 0.05920386904761905
4 0.2034490740740741 0.7666021825396826 0.09236772486772486 0.0816641865079365
3 0.5081382275132275 0.5131845238095237 0.09122685185185185 0.05932539682539682
4 0.41796957671957674 0.7192385912698412 0.08732142857142858 0.08020089285714285
4 0.3636078042328042 0.6889657738095237 0.08911044973544975 0.07794146825396825
1 0.6901058201058201 0.7109375 0.043538359788359786 0.051453373015873015
3 0.30517526455026456 0.40161210317460316 0.08561177248677249 0.05718998015873016
4 0.24853505291005293 0.6279290674603174 0.08585648148148148 0.07574404761904761
2 0.6487632275132275 0.6606448412698412 0.04528769841269841 0.06176835317460318
3 0.5589186507936508 0.6220709325396826 0.08976190476190476 0.060210813492063496
3 0.2571626984126984 0.4509275793650794 0.08406415343915344 0.05813492063492064
4 0.3069675925925926 0.6586904761904763 0.09041335978835979 0.07531746031746032
0 0.8756514550264549 0.7319345238095237 0.10791005291005291 0.0808110119047619
0 0.7994808201058201 0.6103521825396826 0.11181547619047619 0.029206349206349208
4 0.2571626984126984 0.796875 0.09236772486772486 0.08020089285714285
4 0.47493386243386243 0.7519543650793651 0.08569444444444443 0.08050595238095239
4 0.36686177248677254 0.8657217261904763 0.09204034391534391 0.0803844246031746
5 0.5625 0.4003918650793651 0.06323082010582011 0.07751488095238096
3 0.6103505291005291 0.5693353174603174 0.09375 0.060302579365079365
5 0.7604166666666666 0.47143601190476186 0.06514550264550265 0.08435019841269842
3 0.359375 0.5053720238095238 0.08927248677248677 0.06231646825396825
4 0.7480456349206349 0.5419915674603174 0.08927248677248677 0.04922371031746032
4 0.31168650793650793 0.8310540674603174 0.09456349206349206 0.08251984126984127
5 0.6064451058201058 0.33984375 0.06184854497354497 0.08477678571428571
5 0.46744708994708994 0.3613293650793651 0.06001653439153439 0.08196924603174603
5 0.7057308201058201 0.37426835317460316 0.0611574074074074 0.08447172619047619
5 0.8665376984126983 0.5107415674603174 0.07413690476190476 0.08538938492063493
5 0.8046891534391535 0.40893601190476186 0.06514550264550265 0.08270337301587301
1 0.7324206349206349 0.6513665674603174 0.06721891534391534 0.02992311507936508
3 0.40755291005291006 0.45849702380952384 0.09122685185185185 0.06359871031746032
5 0.515625 0.30395585317460316 0.0611574074074074 0.09155257936507936
5 0.6588558201058201 0.43457093253968254 0.057820767195767196 0.07147321428571429
5 0.6393220899470899 0.71875 0.07967261904761905 0.07922371031746032