3 0.27761243386243384 0.6607142857142857 0.07837301587301587 0.05009920634920635
3 0.4174933862433862 0.6546378968253969 0.08366402116402116 0.05133928571428571
3 0.3741732804232804 0.7044890873015873 0.08300264550264551 0.05381944444444445
3 0.18898809523809523 0.6205357142857143 0.07572751322751323 0.04712301587301587
5 0.6071428571428571 0.3055555555555556 0.051587301587301584 0.057539682539682536
3 0.32242063492063494 0.6143353174603174 0.07738095238095238 0.049107142857142856
4 0.5682870370370371 0.4330357142857143 0.06448412698412699 0.060515873015873016
3 0.27331349206349204 0.5295138888888888 0.07308201058201058 0.04365079365079365
3 0.4566798941798942 0.6016865079365079 0.082010582010582 0.049107142857142856
3 0.5205026455026455 0.6948164682539683 0.08862433862433862 0.05431547619047619
3 0.23313492063492064 0.5782490079365079 0.07341269841269842 0.046378968253968256
3 0.3621031746031746 0.564484126984127 0.07804232804232804 0.04712301587301587
3 0.4794973544973545 0.7514880952380952 0.08928571428571429 0.05704365079365079
3 0.5582010582010583 0.6418650793650794 0.08597883597883597 0.052083333333333336
5 0.42939814814814814 0.3036954365079365 0.05191798941798942 0.06076388888888889
4 0.43799603174603174 0.5013640873015873 0.07043650793650794 0.06374007936507936
4 0.5882936507936508 0.5598958333333334 0.06878306878306878 0.06820436507936507
5 0.5 0.3256448412698413 0.04828042328042328 0.057539682539682536
4 0.4689153439153439 0.39806547619047616 0.06283068783068783 0.05704365079365079
0 0.7685185185185185 0.5193452380952381 0.0958994708994709 0.05257936507936508
5 0.6832010582010583 0.322296626984127 0.057539682539682536 0.05828373015873016
4 0.6678240740740741 0.46589781746031744 0.06580687830687831 0.06225198412698413
5 0.7648809523809523 0.33804563492063494 0.05886243386243386 0.06299603174603174
2 0.8376322751322751 0.4392361111111111 0.06547619047619048 0.04265873015873016
1 0.7298280423280423 0.6493055555555556 0.06746031746031746 0.03422619047619048
0 0.8062169312169312 0.47606646825396826 0.09325396825396826 0.045882936507936505
1 0.7281746031746031 0.5964781746031746 0.06812169312169312 0.032242063492063495
4 0.6119791666666666 0.447998046875 0.061482747395833336 0.0604248046875
4 0.4847005208333333 0.5185546875 0.068115234375 0.0616455078125
4 0.5208333333333334 0.4169921875 0.0633544921875 0.055816650390625
4 0.5364583333333334 0.53759765625 0.06648763020833333 0.06396484375
5 0.5751953125 0.346435546875 0.055379231770833336 0.059112548828125
5 0.5338541666666666 0.288818359375 0.048095703125 0.057586669921875
4 0.3922526041666667 0.4833984375 0.0682373046875 0.06097412109375
5 0.6500651041666666 0.3642578125 0.048014322916666664 0.053985595703125
5 0.4661458333333333 0.26806640625 0.045735677083333336 0.0552978515625
5 0.7350260416666666 0.38525390625 0.060791015625 0.063232421875