0 0.2902017195767196 0.3247073412698413 0.11865079365079366 0.08020089285714285
4 0.2666005291005291 0.41284226190476186 0.07413690476190476 0.07665922619047619
3 0.44498677248677254 0.5639657738095237 0.07238756613756614 0.08020089285714285
5 0.18440806878306878 0.46191468253968254 0.0949702380952381 0.10107390873015873
3 0.41471230158730155 0.46118055555555554 0.07214285714285715 0.08538938492063493
5 0.13810185185185186 0.578125 0.09773809523809524 0.10052579365079364
3 0.5091137566137566 0.7558606150793651 0.06266203703703704 0.0784920634920635
3 0.5973313492063492 0.42993055555555554 0.06575396825396826 0.0816641865079365
3 0.6263029100529101 0.5327157738095237 0.061279761904761906 0.07781994047619047
5 0.1928703703703704 0.6611334325396826 0.09716931216931216 0.10247767857142857
3 0.5634755291005291 0.6455084325396826 0.06416666666666666 0.07696428571428571
5 0.2399074074074074 0.5434573412698412 0.09456349206349206 0.1003422619047619
3 0.5908201058201058 0.7373040674603174 0.06079034391534392 0.07696428571428571
3 0.47819113756613757 0.66015625 0.06860449735449736 0.07922371031746032
3 0.5045568783068783 0.44555555555555554 0.06937499999999999 0.08135912698412699
1 0.47721230158730155 0.2990724206349206 0.07482804232804233 0.05398561507936508
3 0.5361342592592593 0.5463864087301588 0.06734126984126984 0.07781994047619047
4 0.8886706349206349 0.3979489087301587 0.12011574074074075 0.052519841269841265
3 0.6516931216931217 0.6293948412698412 0.06046626984126984 0.07421875
5 0.29003968253968254 0.6259771825396826 0.0899239417989418 0.10052579365079364
4 0.7408862433862434 0.5419915674603174 0.11083994708994709 0.0555109126984127
4 0.7089847883597883 0.43237351190476186 0.109864417989418 0.05706845238095238
4 0.7259126984126983 0.48803819444444446 0.11246693121693123 0.05520585317460318
5 0.07881613756613756 0.4938963293650794 0.10131944444444443 0.10467509920634921
4 0.8795568783068783 0.34277281746031746 0.11840939153439153 0.0528249007936508
4 0.7532539682539683 0.5947271825396826 0.10774801587301587 0.051941964285714286
5 0.3391931216931217 0.7094717261904763 0.08878637566137566 0.1019295634920635
4 0.9134126984126983 0.5014657738095238 0.11987433862433862 0.052519841269841265
5 0.12556878306878308 0.3754885912698413 0.08056547619047619 0.0972296626984127
4 0.9016931216931217 0.45019593253968254 0.11677910052910052 0.05099454365079365
1 0.3863921957671958 0.32959077380952384 0.0733234126984127 0.043854166666666666
4 0.6927083333333334 0.37573164682539684 0.10620039682539682 0.058013392857142854
2 0.46549603174603177 0.36328125 0.08601851851851852 0.05813492063492064
5 0.24218915343915343 0.7402356150793651 0.09204034391534391 0.10412698412698412
0 0.3417956349206349 0.17443948412698412 0.14680886243386243 0.05389384920634921
5 0.5351554232804233 0.32006944444444446 0.05061838624338624 0.09826636904761904
3 0.25352843915343914 0.3492881944444444 0.10141203703703704 0.0702703373015873