5 0.2025462962962963 0.3240327380952381 0.16633597883597884 0.10887896825396826
2 0.40790343915343913 0.7220982142857143 0.07308201058201058 0.09647817460317461
0 0.13194444444444445 0.6302083333333334 0.18915343915343916 0.06101190476190476
1 0.33118386243386244 0.5042162698412699 0.09755291005291006 0.06101190476190476
1 0.24107142857142858 0.41443452380952384 0.0958994708994709 0.05555555555555555
4 0.3523478835978836 0.5745287698412699 0.1412037037037037 0.06522817460317461
3 0.18701171875 0.462890625 0.16365559895833334 0.0830078125
3 0.3567708333333333 0.35791015625 0.12296549479166667 0.11517333984375
3 0.671875 0.5595703125 0.09822591145833333 0.092529296875
3 0.568359375 0.61328125 0.11385091145833333 0.10467529296875
3 0.7584635416666666 0.6728515625 0.09773763020833333 0.09466552734375
3 0.771484375 0.51123046875 0.09806315104166667 0.09283447265625
3 0.681640625 0.384765625 0.11637369791666667 0.11474609375
3 0.466796875 0.492431640625 0.119873046875 0.11456298828125
3 0.5751953125 0.437744140625 0.11971028645833333 0.11419677734375
3 0.5862630208333334 0.2509765625 0.124267578125 0.1260986328125
3 0.6643880208333334 0.7265625 0.10506184895833333 0.10211181640625
3 0.4694010416666667 0.3046875 0.12825520833333334 0.123779296875