4 0.3548280423280423 0.8411458333333334 0.05952380952380952 0.08705357142857142
3 0.7551256613756614 0.5762648809523809 0.05588624338624339 0.0642361111111111
3 0.6840277777777778 0.4150545634920635 0.049933862433862435 0.0597718253968254
3 0.7177579365079365 0.4930555555555556 0.05257936507936508 0.062003968253968256
3 0.892691798941799 0.5487351190476191 0.0625 0.06820436507936507
3 0.7473544973544973 0.4048859126984127 0.051587301587301584 0.05927579365079365
3 0.8544973544973545 0.46986607142857145 0.06018518518518518 0.06522817460317461
3 0.783068783068783 0.48288690476190477 0.056878306878306875 0.06349206349206349
3 0.8172949735449735 0.39285714285714285 0.0539021164021164 0.06101190476190476
3 0.8635912698412699 0.6476934523809523 0.06183862433862434 0.06969246031746032
3 0.8204365079365079 0.5636160714285714 0.0582010582010582 0.06572420634920635
4 0.4255952380952381 0.8334573412698413 0.05952380952380952 0.0835813492063492
3 0.7943121693121693 0.6644345238095238 0.0582010582010582 0.06944444444444445
3 0.9345238095238095 0.6339285714285714 0.06812169312169312 0.07142857142857142
4 0.49503968253968256 0.8253968253968254 0.057539682539682536 0.08432539682539683
1 0.39715608465608465 0.5094246031746031 0.041666666666666664 0.04265873015873016
2 0.5431547619047619 0.527405753968254 0.0763888888888889 0.03546626984126984
4 0.283234126984127 0.8473462301587301 0.05720899470899471 0.09151785714285714
4 0.33994708994708994 0.697296626984127 0.057539682539682536 0.07961309523809523
4 0.544808201058201 0.6790674603174603 0.05853174603174603 0.07886904761904762
4 0.47883597883597884 0.6848958333333334 0.05423280423280423 0.07762896825396826
0 0.5843253968253969 0.4117063492063492 0.09325396825396826 0.03819444444444445
4 0.271494708994709 0.7025049603174603 0.05357142857142857 0.08060515873015874
1 0.33217592592592593 0.4897073412698413 0.0419973544973545 0.04141865079365079
4 0.5679563492063492 0.8198164682539683 0.04861111111111111 0.08308531746031746
4 0.40988756613756616 0.6910962301587301 0.049933862433862435 0.07713293650793651
5 0.3639219576719577 0.26847718253968256 0.09027777777777778 0.03050595238095238
5 0.09507275132275132 0.46304563492063494 0.105489417989418 0.028273809523809524
0 0.5988756613756614 0.36160714285714285 0.09457671957671958 0.03521825396825397
5 0.42476851851851855 0.3055555555555556 0.09027777777777778 0.02976190476190476
5 0.3017526455026455 0.31547619047619047 0.09424603174603174 0.029265873015873016
5 0.16881613756613756 0.4154265873015873 0.10218253968253968 0.029265873015873016
5 0.2977843915343915 0.4011656746031746 0.09953703703703703 0.03050595238095238
5 0.3637566137566138 0.35478670634920634 0.09391534391534391 0.029513888888888888
5 0.23726851851851852 0.3658234126984127 0.09755291005291006 0.027777777777777776
5 0.1550925925925926 0.501984126984127 0.10515873015873016 0.02976190476190476
5 0.22883597883597884 0.45436507936507936 0.09722222222222222 0.029265873015873016