3 0.34375 0.5327157738095237 0.08862433862433862 0.05291666666666667
3 0.6077480158730159 0.5747073412698412 0.09057539682539682 0.055815972222222225
3 0.38671957671957674 0.48022569444444446 0.08976190476190476 0.05212301587301587
3 0.5374338624338625 0.47167906746031746 0.0913888888888889 0.05398561507936508
4 0.37109457671957674 0.6533209325396826 0.08585648148148148 0.07806299603174603
3 0.6487632275132275 0.5214856150793651 0.0925297619047619 0.053802083333333334
4 0.5416666666666666 0.7407217261904763 0.08447420634920634 0.08020089285714285
3 0.7239583333333334 0.6279290674603174 0.09375 0.05758680555555556
3 0.6790376984126983 0.6821279761904763 0.08976190476190476 0.0551140873015873
3 0.4973974867724868 0.5263665674603174 0.08976190476190476 0.053008432539682536
4 0.28108796296296296 0.7646478174603174 0.08174603174603175 0.0784920634920635
3 0.4541005291005291 0.5825198412698412 0.08618055555555557 0.05358878968253968
4 0.43033730158730155 0.6840823412698412 0.0851223544973545 0.07806299603174603
3 0.7682308201058201 0.5727529761904763 0.09846891534391534 0.05645833333333333
3 0.563151455026455 0.6308606150793651 0.08634589947089948 0.054290674603174605
1 0.7643220899470899 0.7861334325396826 0.07238756613756614 0.04370039682539682
3 0.42578042328042326 0.421875 0.08683201058201058 0.04949900793650794
4 0.22298280423280423 0.734375 0.08158399470899472 0.0738516865079365
4 0.33756613756613757 0.7934573412698412 0.08040343915343914 0.07751488095238096
0 0.22916666666666666 0.3847668650793651 0.07055555555555557 0.08374007936507936
4 0.39323082010582017 0.8261731150793651 0.08264219576719577 0.0816641865079365
0 0.15543650793650796 0.4057614087301587 0.07067791005291005 0.08227430555555557
4 0.3139649470899471 0.6254885912698412 0.0791005291005291 0.0686656746031746
4 0.4423842592592592 0.8627926587301588 0.06799272486772487 0.06536954365079364
1 0.7161474867724869 0.8364260912698412 0.062417328042328045 0.048859126984126984
5 0.5371097883597884 0.28369047619047616 0.08068783068783068 0.0925297619047619
5 0.43880291005291006 0.25878968253968254 0.0730787037037037 0.0875843253968254
5 0.4020171957671958 0.32348710317460316 0.07706679894179895 0.09136904761904761
5 0.5039054232804233 0.35131944444444446 0.07865410052910053 0.08868303571428571
5 0.3020833333333333 0.2934573412698413 0.08056547619047619 0.08898809523809524
5 0.6054695767195767 0.38012648809523814 0.08129960317460318 0.09057539682539682
5 0.7447916666666666 0.3354489087301587 0.06709656084656085 0.07739335317460318
5 0.641276455026455 0.3107911706349206 0.08028108465608466 0.09271329365079364
5 0.33789021164021166 0.22778273809523808 0.08068783068783068 0.0910639880952381
2 0.7122387566137566 0.48803819444444446 0.08219246031746032 0.043608630952380954
5 0.7093253968253969 0.404265873015873 0.07385251322751323 0.08101934523809524
4 0.4828042328042328 0.7184201388888889 0.06613756613756613 0.06613839285714286