2 0.5864748677248677 0.7434275793650794 0.06646825396825397 0.09647817460317461
4 0.43452380952380953 0.8034474206349206 0.15476190476190477 0.06969246031746032
4 0.17526455026455026 0.777405753968254 0.16071428571428573 0.07068452380952381
1 0.6635251322751323 0.5747767857142857 0.08564814814814815 0.047371031746031744
1 0.7640542328042328 0.6669146825396826 0.06580687830687831 0.07192460317460317
4 0.45337301587301587 0.7250744047619048 0.14682539682539683 0.06125992063492063
5 0.7445436507936508 0.5218253968253969 0.0882936507936508 0.09871031746031746
4 0.20750661375661375 0.7021329365079365 0.15443121693121692 0.06646825396825397
4 0.23561507936507936 0.6294642857142857 0.144510582010582 0.06498015873015874
4 0.26091269841269843 0.5654761904761905 0.1421957671957672 0.05952380952380952
4 0.5033068783068783 0.5218253968253969 0.1302910052910053 0.052083333333333336
4 0.47023809523809523 0.6536458333333334 0.1402116402116402 0.060267857142857144
0 0.7385912698412699 0.9317956349206349 0.17956349206349206 0.05555555555555555
4 0.7488425925925926 0.7643849206349206 0.11078042328042328 0.09821428571428571
4 0.48677248677248675 0.5828373015873016 0.1335978835978836 0.05555555555555555
3 0.6380208333333334 0.669921875 0.114501953125 0.080078125