5 0.4788411458333333 0.57958984375 0.09684244791666667 0.07080078125
3 0.765625 0.386474609375 0.042154947916666664 0.06292724609375
4 0.08976236979166667 0.5302734375 0.09822591145833333 0.03277587890625
5 0.404296875 0.49951171875 0.099853515625 0.06805419921875
3 0.615234375 0.375244140625 0.042643229166666664 0.061187744140625
3 0.666015625 0.55078125 0.046671549479166664 0.06903076171875
5 0.380859375 0.65185546875 0.10579427083333333 0.073974609375
3 0.6539713541666666 0.64306640625 0.056640625 0.07879638671875
5 0.3938802083333333 0.57470703125 0.10335286458333333 0.07171630859375
4 0.0947265625 0.485107421875 0.09407552083333333 0.029541015625
3 0.7389322916666666 0.650390625 0.05517578125 0.080078125
2 0.8372395833333334 0.5576171875 0.06937662760416667 0.0526123046875
3 0.689453125 0.3818359375 0.042073567708333336 0.06231689453125
0 0.9192708333333334 0.480224609375 0.09806315104166667 0.054107666015625
3 0.5875651041666666 0.5419921875 0.045125325520833336 0.06683349609375
5 0.4895833333333333 0.5048828125 0.0947265625 0.0640869140625
1 0.96875 0.63134765625 0.044637044270833336 0.047882080078125
3 0.7552083333333334 0.470458984375 0.045450846354166664 0.06756591796875
4 0.26123046875 0.44384765625 0.091064453125 0.031982421875
0 0.8704427083333334 0.431396484375 0.09611002604166667 0.054901123046875
3 0.7473958333333334 0.556640625 0.046346028645833336 0.06951904296875
3 0.5725911458333334 0.6357421875 0.0474853515625 0.07147216796875
4 0.23453776041666666 0.58154296875 0.08748372395833333 0.029876708984375
4 0.248046875 0.53564453125 0.09456380208333333 0.0325927734375
5 0.4723307291666667 0.65625 0.09285481770833333 0.06475830078125
5 0.4111328125 0.427734375 0.08732096354166667 0.058990478515625
4 0.058024088541666664 0.62353515625 0.08943684895833333 0.03216552734375
3 0.6015625 0.45751953125 0.0439453125 0.06451416015625
3 0.67578125 0.46435546875 0.043701171875 0.06439208984375
5 0.4931640625 0.431396484375 0.08992513020833333 0.06829833984375
5 0.3707682291666667 0.7314453125 0.101318359375 0.06903076171875
4 0.102783203125 0.439697265625 0.08308919270833333 0.0289306640625
4 0.22981770833333334 0.6328125 0.105224609375 0.0401611328125
5 0.4635416666666667 0.73828125 0.09635416666666667 0.0699462890625
4 0.07161458333333333 0.578125 0.089599609375 0.0310821533203125
1 0.8912760416666666 0.611328125 0.049397786458333336 0.0457763671875
4 0.2565104166666667 0.491943359375 0.10001627604166667 0.03656005859375