1 0.6920568783068783 0.5717782738095237 0.055380291005291 0.04742311507936508
3 0.17626984126984127 0.5815426587301588 0.09936507936507936 0.04138144841269841
3 0.5566402116402116 0.53125 0.09204034391534391 0.0390625
3 0.43131613756613757 0.5493154761904763 0.09391203703703704 0.03912450396825397
0 0.8619808201058201 0.5864260912698412 0.07527777777777778 0.08709821428571429
3 0.3046891534391534 0.6191418650793651 0.10188822751322751 0.041535218253968255
5 0.3346362433862434 0.34472718253968254 0.08158399470899472 0.0629265873015873
3 0.3053373015873016 0.5673834325396826 0.09806216931216932 0.041840277777777775
4 0.6861970899470899 0.44628968253968254 0.07763558201058202 0.05499255952380952
5 0.3238921957671958 0.4001463293650794 0.08374007936507936 0.0637202380952381
3 0.7552083333333334 0.4157713293650794 0.05497354497354498 0.06396577380952381
3 0.5690112433862434 0.5859375 0.09440145502645504 0.039947916666666666
3 0.29964285714285716 0.5126959325396826 0.09513227513227514 0.039947916666666666
5 0.43066468253968254 0.34301835317460316 0.07401455026455027 0.05920386904761905
2 0.7096362433862434 0.5239260912698412 0.048379629629629634 0.058013392857142854
3 0.1774074074074074 0.5268551587301588 0.09716931216931216 0.04138144841269841
5 0.1305324074074074 0.39526289682539684 0.07120701058201058 0.05835069444444445
5 0.15039021164021163 0.3415525793650794 0.06835978835978836 0.05728174603174603
3 0.4371759259259259 0.6020510912698412 0.09651785714285714 0.041535218253968255
3 0.5429695767195767 0.4809573412698413 0.09090277777777778 0.03775049603174603
5 0.24300264550264553 0.34399305555555554 0.07735119047619048 0.06359871031746032
5 0.2290046296296296 0.39770585317460316 0.07527777777777778 0.05966269841269841
4 0.7011706349206349 0.19982886904761907 0.041607142857142856 0.060302579365079365
5 0.514973544973545 0.39941468253968254 0.07238756613756614 0.059754464285714286
4 0.6409490740740741 0.19934027777777777 0.038125 0.06097470238095238
4 0.8815112433862434 0.30859375 0.048095238095238094 0.06793154761904761
5 0.4153637566137566 0.3989260912698413 0.07360780423280423 0.05987599206349206
4 0.7467460317460317 0.3063963293650794 0.04435185185185185 0.06634424603174603
5 0.9251289682539683 0.41479414682539684 0.07348544973544974 0.07134920634920636
4 0.6816402116402117 0.30371031746031746 0.043783068783068785 0.0637202380952381
4 0.6210945767195767 0.29834077380952384 0.04581679894179894 0.06222470238095238
4 0.765625 0.2027579365079365 0.043538359788359786 0.06188988095238095
4 0.8294279100529101 0.20336805555555557 0.04014219576719577 0.06256200396825397
1 0.6263029100529101 0.39331101190476186 0.055909391534391534 0.048583829365079365
0 0.6272784391534392 0.6977529761904763 0.13712632275132275 0.06622271825396825
4 0.8118485449735451 0.30712797619047616 0.05578703703703703 0.07342509920634921
3 0.42107473544973545 0.4935515873015873 0.09038690476190475 0.033067956349206354