3 0.4169907407407408 0.4865724206349206 0.07893849206349207 0.0823983134920635
3 0.4641931216931217 0.5800793650793651 0.0792228835978836 0.07751488095238096
3 0.593098544973545 0.6455084325396826 0.07092261904761905 0.07574404761904761
3 0.6783862433862434 0.6240228174603174 0.06661044973544973 0.07367063492063493
3 0.5901686507936508 0.4331051587301587 0.07108465608465608 0.07751488095238096
3 0.5016269841269841 0.45996031746031746 0.07413690476190476 0.07665922619047619
3 0.5507804232804233 0.5556646825396826 0.07214285714285715 0.0746453373015873
3 0.6354166666666666 0.5302728174603174 0.06966269841269841 0.07452380952380953
3 0.5146494708994709 0.6699231150793651 0.07373015873015873 0.07574404761904761
0 0.2680654761904762 0.36425843253968254 0.12247685185185185 0.06903025793650794
4 0.6953141534391535 0.42285218253968254 0.10465608465608466 0.06164434523809524
3 0.6389980158730159 0.7348635912698412 0.06648809523809524 0.07305803571428571
4 0.7226554232804233 0.47363343253968254 0.11043320105820105 0.0629265873015873
3 0.5621759259259259 0.7592782738095237 0.06539021164021164 0.07708829365079364
2 0.44987103174603177 0.3833010912698413 0.07853174603174602 0.06176835317460318
4 0.7526058201058201 0.5253918650793651 0.11108465608465609 0.05966269841269841
5 0.11865079365079366 0.43212797619047616 0.06734126984126984 0.0980828373015873
5 0.32584656084656083 0.6577157738095237 0.07881613756613756 0.09948660714285715
5 0.3863921957671958 0.7314459325396826 0.07568452380952381 0.10449156746031746
5 0.1679695767195767 0.6264657738095237 0.08569444444444443 0.1032093253968254
5 0.09684193121693123 0.5556646825396826 0.06685515873015872 0.09204117063492064
5 0.23779431216931218 0.7016592261904763 0.08390211640211641 0.10595734126984127
4 0.7727876984126983 0.5776364087301588 0.1057936507936508 0.05499255952380952
5 0.1928703703703704 0.5083010912698412 0.08357804232804233 0.10449156746031746
5 0.26025462962962964 0.5854489087301588 0.07995701058201057 0.10052579365079364
1 0.36523478835978834 0.35815476190476186 0.0730787037037037 0.040771329365079365
1 0.44987103174603177 0.31884672619047616 0.06563161375661376 0.054595734126984125
5 0.2985019841269841 0.7719717261904763 0.07706679894179895 0.1019295634920635
4 0.8951818783068783 0.42260664682539684 0.11970899470899471 0.0565500992063492
0 0.29182870370370373 0.2133779761904762 0.14729828042328041 0.06311011904761905
4 0.8522123015873017 0.3203125 0.11735119047619048 0.059754464285714286
5 0.5068353174603175 0.33447172619047616 0.04443452380952381 0.09466517857142857
3 0.24030092592592592 0.39186507936507936 0.10802579365079365 0.05952380952380952
4 0.8730456349206349 0.37182539682539684 0.11824404761904762 0.05706845238095238
4 0.9160152116402117 0.47265625 0.11906084656084656 0.056976686507936504
4 0.6796891534391535 0.37109375 0.10831679894179895 0.06304811507936509
4 0.2612433862433862 0.4538690476190476 0.07715939153439154 0.07275049603174603