4 0.6547619047619048 0.7389632936507936 0.0667989417989418 0.058779761904761904
4 0.6116071428571429 0.8253968253968254 0.04133597883597884 0.07688492063492064
3 0.9280753968253969 0.6097470238095238 0.08697089947089948 0.038938492063492064
4 0.3864087301587302 0.7368551587301587 0.09689153439153439 0.051587301587301584
3 0.72255291005291 0.7189980158730159 0.08465608465608465 0.03720238095238095
3 0.9123677248677249 0.6501736111111112 0.09259259259259259 0.04241071428571429
4 0.2294973544973545 0.8185763888888888 0.10846560846560846 0.05679563492063492
3 0.626818783068783 0.5360863095238095 0.07242063492063493 0.03447420634920635
4 0.21395502645502645 0.734375 0.09391534391534391 0.04712301587301587
3 0.7200727513227513 0.5590277777777778 0.0763888888888889 0.03521825396825397
3 0.6712962962962963 0.6302083333333334 0.082010582010582 0.03869047619047619
4 0.22054036458333334 0.77587890625 0.10026041666666667 0.049957275390625
4 0.23665364583333334 0.87158203125 0.10636393229166667 0.05291748046875
3 0.779296875 0.66015625 0.08463541666666667 0.0413818359375
3 0.8203125 0.58447265625 0.08101399739583333 0.037689208984375
3 0.80078125 0.62353515625 0.085693359375 0.039642333984375
3 0.697265625 0.59765625 0.0723876953125 0.03656005859375
3 0.611328125 0.66845703125 0.07853190104166667 0.03656005859375
4 0.3997395833333333 0.78271484375 0.09456380208333333 0.04913330078125
4 0.373046875 0.6982421875 0.090087890625 0.04248046875
3 0.8951822916666666 0.6923828125 0.09635416666666667 0.04595947265625
4 0.24039713541666666 0.92041015625 0.11385091145833333 0.059539794921875