2 0.6096230158730159 0.7405753968253969 0.1087962962962963 0.08333333333333333
5 0.7878637566137566 0.5239335317460317 0.09093915343915344 0.09399801587301587
1 0.763558201058201 0.6592261904761905 0.06415343915343916 0.07192460317460317
1 0.6919642857142857 0.5602678571428571 0.08961640211640212 0.04662698412698413
4 0.42857142857142855 0.7266865079365079 0.15013227513227514 0.07093253968253968
0 0.65625 0.9050099206349206 0.18287037037037038 0.06498015873015874
4 0.265707671957672 0.5143849206349206 0.12533068783068782 0.051587301587301584
4 0.4487433862433862 0.6548859126984127 0.13690476190476192 0.053323412698412696
4 0.48412698412698413 0.5286458333333334 0.12103174603174603 0.051835317460317464
4 0.24173280423280424 0.5710565476190477 0.1302910052910053 0.05679563492063492
4 0.466765873015873 0.5911458333333334 0.12996031746031747 0.05282738095238095
4 0.17642195767195767 0.7021329365079365 0.14715608465608465 0.05853174603174603
4 0.20833333333333334 0.634796626984127 0.13293650793650794 0.053323412698412696
4 0.4976851851851852 0.4739583333333333 0.12037037037037036 0.04513888888888889
4 0.7141931216931217 0.7490228174603174 0.06860449735449736 0.11456349206349206
3 0.6435548941798942 0.6450198412698412 0.11450066137566138 0.08691468253968254