4 0.7605820105820106 0.8575148809523809 0.09126984126984126 0.1331845238095238
0 0.2751322751322751 0.41790674603174605 0.13558201058201058 0.08581349206349206
4 0.49437830687830686 0.6037946428571429 0.08994708994708994 0.11433531746031746
4 0.548776455026455 0.824156746031746 0.09755291005291006 0.13442460317460317
4 0.39715608465608465 0.5861855158730159 0.0958994708994709 0.1148313492063492
2 0.7278439153439153 0.5218253968253969 0.10515873015873016 0.05505952380952381
4 0.3361441798941799 0.7958829365079365 0.1001984126984127 0.1349206349206349
4 0.6951058201058201 0.6378968253968254 0.08333333333333333 0.11061507936507936
4 0.4429563492063492 0.8107638888888888 0.09556878306878307 0.13293650793650794
4 0.5980489417989417 0.6217757936507936 0.08630952380952381 0.11011904761904762
4 0.49421296296296297 0.47842261904761907 0.10615079365079365 0.07886904761904762
4 0.6565806878306878 0.8411458333333334 0.09689153439153439 0.12872023809523808
1 0.3296957671957672 0.3349454365079365 0.09457671957671958 0.046875
1 0.21577380952380953 0.37797619047619047 0.08234126984126984 0.051587301587301584
0 0.7194113756613757 0.3148561507936508 0.11144179894179894 0.07316468253968254
5 0.4576719576719577 0.3599950396825397 0.14153439153439154 0.043402777777777776
3 0.5048842592592593 0.4235838293650794 0.10205026455026456 0.08508184523809524