3 0.3600260416666667 0.7314453125 0.072265625 0.049224853515625
3 0.53125 0.62939453125 0.052571614583333336 0.0318603515625
3 0.4466145833333333 0.6806640625 0.07132975260416667 0.048675537109375
3 0.5719401041666666 0.67333984375 0.07198079427083333 0.04931640625
3 0.3068033854166667 0.828125 0.07430013020833333 0.053192138671875
3 0.3984375 0.77490234375 0.07442220052083333 0.05242919921875
3 0.23014322916666666 0.73681640625 0.07307942708333333 0.04913330078125
3 0.26953125 0.78271484375 0.07401529947916667 0.051177978515625
3 0.4934895833333333 0.5908203125 0.07173665364583333 0.0457763671875
3 0.4075520833333333 0.6376953125 0.07173665364583333 0.047332763671875
3 0.4856770833333333 0.724609375 0.07279459635416667 0.05108642578125
4 0.3282877604166667 0.5849609375 0.063720703125 0.05194091796875
3 0.3203125 0.685546875 0.06888834635416667 0.048858642578125
5 0.5709635416666666 0.5048828125 0.048095703125 0.06536865234375
2 0.7154947916666666 0.68896484375 0.0478515625 0.0526123046875
5 0.5852864583333334 0.428955078125 0.0467529296875 0.0631103515625
4 0.423828125 0.53369140625 0.061971028645833336 0.0546875
5 0.5299479166666666 0.45458984375 0.041605631510416664 0.06097412109375
5 0.6331380208333334 0.4736328125 0.047037760416666664 0.06451416015625
5 0.6194661458333334 0.556640625 0.049845377604166664 0.07159423828125
1 0.6178385416666666 0.7490234375 0.052083333333333336 0.037689208984375
4 0.20882161458333334 0.5234375 0.06563313802083333 0.05560302734375
4 0.2571614583333333 0.5009765625 0.06266276041666667 0.0567626953125
5 0.48046875 0.409423828125 0.047403971354166664 0.06427001953125
4 0.3025716145833333 0.476318359375 0.06685384114583333 0.055938720703125
4 0.28076171875 0.603515625 0.061482747395833336 0.0537109375
4 0.34765625 0.457763671875 0.06888834635416667 0.055511474609375
1 0.66015625 0.70947265625 0.05224609375 0.033660888671875
5 0.685546875 0.5234375 0.046671549479166664 0.06890869140625
5 0.4375 0.359130859375 0.041361490885416664 0.0604248046875
4 0.4654947916666667 0.51416015625 0.06404622395833333 0.052703857421875
5 0.5380859375 0.381591796875 0.050333658854166664 0.06292724609375
4 0.38671875 0.43212890625 0.060343424479166664 0.0535888671875
4 0.3736979166666667 0.55810546875 0.06673177083333333 0.058013916015625
0 0.7486979166666666 0.609375 0.085693359375 0.03656005859375
5 0.4970703125 0.33642578125 0.050821940104166664 0.0615234375
0 0.77734375 0.66064453125 0.09025065104166667 0.036712646484375