4 0.3772786458333333 0.82666015625 0.11466471354166667 0.061431884765625
3 0.4290364583333333 0.310302734375 0.1220703125 0.050506591796875
1 0.3873697916666667 0.60888671875 0.06298828125 0.045013427734375
3 0.4475911458333333 0.457763671875 0.116943359375 0.043701171875
4 0.19938151041666666 0.8720703125 0.11588541666666667 0.060302734375
4 0.2649739583333333 0.619140625 0.115478515625 0.0618896484375
4 0.3505859375 0.7744140625 0.114501953125 0.059112548828125
4 0.2936197916666667 0.6708984375 0.11612955729166667 0.06304931640625
3 0.29150390625 0.39453125 0.1171875 0.045196533203125
3 0.73046875 0.3642578125 0.12312825520833333 0.048309326171875
5 0.8587239583333334 0.666015625 0.12272135416666667 0.034820556640625
5 0.5735677083333334 0.84033203125 0.11905924479166667 0.0460205078125
3 0.5849609375 0.375732421875 0.11490885416666667 0.047882080078125
4 0.17106119791666666 0.81884765625 0.12076822916666667 0.06231689453125
4 0.3232421875 0.72216796875 0.11572265625 0.06231689453125
5 0.93359375 0.59716796875 0.13028971354166666 0.03948974609375
3 0.576171875 0.2998046875 0.12052408854166667 0.052703857421875
5 0.63671875 0.767578125 0.12141927083333333 0.039276123046875
1 0.4449869791666667 0.56103515625 0.06648763020833333 0.040771484375
0 0.6158854166666666 0.6064453125 0.11067708333333333 0.06488037109375
3 0.4384765625 0.385498046875 0.115478515625 0.0472412109375
4 0.1142578125 0.7197265625 0.11971028645833333 0.06109619140625
4 0.08341471354166667 0.66796875 0.12166341145833333 0.06097412109375
3 0.27734375 0.320068359375 0.11531575520833333 0.047607421875
3 0.3030598958333333 0.46728515625 0.12052408854166667 0.045196533203125
5 0.7265625 0.81005859375 0.11865234375 0.044342041015625
5 0.7766927083333334 0.6240234375 0.12337239583333333 0.040618896484375
4 0.144775390625 0.76513671875 0.118408203125 0.060516357421875
3 0.728515625 0.28955078125 0.123779296875 0.049407958984375
3 0.7415364583333334 0.438720703125 0.12361653645833333 0.0455322265625
0 0.66796875 0.5498046875 0.11531575520833333 0.06549072265625
5 0.8522135416666666 0.55615234375 0.1298828125 0.04193115234375
5 0.7942708333333334 0.7353515625 0.12687174479166666 0.038543701171875
5 0.658203125 0.88330078125 0.11344401041666667 0.048126220703125
2 0.5514322916666666 0.69384765625 0.07625325520833333 0.0634765625
5 0.7057291666666666 0.69677734375 0.120361328125 0.040313720703125
3 0.5927734375 0.447021484375 0.11124674479166667 0.040985107421875