5 0.6412760416666666 0.75732421875 0.11002604166666667 0.0455322265625
5 0.8971354166666666 0.55908203125 0.12141927083333333 0.042816162109375
5 0.810546875 0.52490234375 0.11946614583333333 0.04510498046875
1 0.3028971354166667 0.68798828125 0.07666015625 0.035614013671875
3 0.3642578125 0.54345703125 0.08797200520833333 0.06890869140625
3 0.5934244791666666 0.54638671875 0.089111328125 0.07196044921875
3 0.4401041666666667 0.5830078125 0.086181640625 0.07159423828125
4 0.4420572916666667 0.35009765625 0.09456380208333333 0.06854248046875
3 0.4840494791666667 0.7890625 0.0447998046875 0.0869140625
0 0.439453125 0.78125 0.045979817708333336 0.0994873046875
3 0.6822916666666666 0.359375 0.078369140625 0.063720703125
4 0.2556966145833333 0.51513671875 0.097900390625 0.0706787109375
3 0.6018880208333334 0.432373046875 0.087158203125 0.06829833984375
3 0.5384114583333334 0.3896484375 0.079833984375 0.06561279296875
5 0.7005208333333334 0.67626953125 0.10791015625 0.046112060546875
5 0.7408854166666666 0.80126953125 0.134521484375 0.057373046875
3 0.7473958333333334 0.397216796875 0.08235677083333333 0.06756591796875
3 0.6725260416666666 0.472900390625 0.08650716145833333 0.071044921875
4 0.396484375 0.3935546875 0.0966796875 0.0704345703125
4 0.54296875 0.74365234375 0.07027180989583333 0.07452392578125
3 0.4475911458333333 0.46826171875 0.08463541666666667 0.0699462890625
2 0.375 0.65625 0.09025065104166667 0.040679931640625
5 0.8463541666666666 0.63525390625 0.11946614583333333 0.049041748046875
5 0.7903645833333334 0.71728515625 0.116943359375 0.044342041015625
5 0.5859375 0.84619140625 0.12687174479166666 0.055938720703125
4 0.11775716145833333 0.432861328125 0.10074869791666667 0.07080078125
4 0.3063151041666667 0.47412109375 0.10148111979166667 0.07183837890625
3 0.505859375 0.62841796875 0.08650716145833333 0.07305908203125
4 0.16748046875 0.39111328125 0.09611002604166667 0.06903076171875
5 0.7486979166666666 0.60107421875 0.1259765625 0.061981201171875
4 0.3515625 0.433349609375 0.0986328125 0.0706787109375
3 0.5257161458333334 0.50439453125 0.08280436197916667 0.0699462890625
0 0.2587890625 0.83984375 0.11466471354166667 0.09686279296875
4 0.21419270833333334 0.355712890625 0.09651692708333333 0.06781005859375
4 0.2607421875 0.31689453125 0.09684244791666667 0.06951904296875
5 0.2911783854166667 0.64208984375 0.11409505208333333 0.061767578125
1 0.3850911458333333 0.724609375 0.037272135416666664 0.0521240234375