3 0.13810221354166666 0.52490234375 0.0849609375 0.033660888671875
3 0.2626953125 0.4755859375 0.089111328125 0.03448486328125
3 0.4951171875 0.486328125 0.09358723958333333 0.035003662109375
3 0.3688151041666667 0.5380859375 0.09220377604166667 0.03424072265625
3 0.23453776041666666 0.5869140625 0.08943684895833333 0.033660888671875
3 0.4886067708333333 0.54248046875 0.09375 0.03424072265625
3 0.3541666666666667 0.5947265625 0.09220377604166667 0.0343017578125
3 0.3782552083333333 0.481201171875 0.09090169270833333 0.033477783203125
4 0.8294270833333334 0.73828125 0.12361653645833333 0.050048828125
3 0.15120442708333334 0.469970703125 0.08650716145833333 0.033782958984375
3 0.11930338541666667 0.57958984375 0.08650716145833333 0.034027099609375
3 0.2509765625 0.53271484375 0.08699544270833333 0.03436279296875
3 0.4772135416666667 0.6025390625 0.09423828125 0.03533935546875
4 0.6324869791666666 0.71923828125 0.10847981770833333 0.04779052734375
4 0.8424479166666666 0.56982421875 0.11181640625 0.04107666015625
4 0.833984375 0.681640625 0.12076822916666667 0.046295166015625
4 0.6611328125 0.505859375 0.10026041666666667 0.04052734375
4 0.65234375 0.55615234375 0.10148111979166667 0.03948974609375
4 0.6471354166666666 0.60791015625 0.103515625 0.041534423828125
4 0.845703125 0.52001953125 0.115478515625 0.04376220703125
5 0.5517578125 0.34228515625 0.07511393229166667 0.06695556640625
5 0.19417317708333334 0.31298828125 0.06734212239583333 0.0633544921875
5 0.3704427083333333 0.331787109375 0.07014973958333333 0.0615234375
4 0.6393229166666666 0.6611328125 0.10636393229166667 0.043701171875
4 0.8372395833333334 0.626953125 0.118408203125 0.04681396484375
5 0.5374348958333334 0.402099609375 0.0758056640625 0.06573486328125
5 0.4641927083333333 0.33740234375 0.07763671875 0.06890869140625
5 0.28369140625 0.320556640625 0.06278483072916667 0.061767578125
5 0.17301432291666666 0.36669921875 0.06787109375 0.0633544921875
5 0.3525390625 0.385986328125 0.0736083984375 0.063720703125
0 0.2745768229166667 0.76611328125 0.0596923828125 0.0867919921875
0 0.3538411458333333 0.78466796875 0.0631103515625 0.093017578125
1 0.19514973958333334 0.65576171875 0.052571614583333336 0.04840087890625
1 0.126220703125 0.673828125 0.053955078125 0.04443359375
5 0.259765625 0.378173828125 0.0684814453125 0.0631103515625
5 0.4446614583333333 0.394287109375 0.07185872395833333 0.06585693359375
2 0.4010416666666667 0.69921875 0.06925455729166667 0.05975341796875