3 0.7275132275132276 0.6223958333333334 0.062169312169312166 0.08209325396825397
4 0.26686507936507936 0.5863095238095238 0.0582010582010582 0.08134920634920635
4 0.21494708994708994 0.7430555555555556 0.05952380952380952 0.08878968253968254
4 0.4169973544973545 0.5679563492063492 0.05952380952380952 0.08531746031746032
4 0.5168650793650794 0.7142857142857143 0.06349206349206349 0.09077380952380952
4 0.3445767195767196 0.5778769841269841 0.05952380952380952 0.08134920634920635
4 0.4398148148148148 0.7204861111111112 0.057539682539682536 0.08581349206349206
4 0.28918650793650796 0.7359871031746031 0.05919312169312169 0.08953373015873016
4 0.1909722222222222 0.5936259920634921 0.05588624338624339 0.08110119047619048
5 0.5289351851851852 0.39211309523809523 0.11541005291005291 0.061507936507936505
5 0.6430224867724867 0.1579861111111111 0.11342592592592593 0.06349206349206349
4 0.3642526455026455 0.7291666666666666 0.054563492063492064 0.08680555555555555
5 0.5128968253968254 0.2140376984126984 0.10978835978835978 0.06101190476190476
5 0.4748677248677249 0.2906746031746032 0.10912698412698413 0.0625
5 0.39269179894179895 0.4445684523809524 0.11474867724867725 0.057787698412698416
5 0.4322089947089947 0.36743551587301587 0.1111111111111111 0.05927579365079365
3 0.8463541666666666 0.716796875 0.067626953125 0.08770751953125
3 0.78515625 0.50537109375 0.063720703125 0.08209228515625
3 0.9108072916666666 0.59619140625 0.0679931640625 0.08343505859375
5 0.548828125 0.136962890625 0.10970052083333333 0.0537109375
3 0.6998697916666666 0.51806640625 0.056233723958333336 0.0782470703125
3 0.8795572916666666 0.49072265625 0.06734212239583333 0.08197021484375
3 0.7584635416666666 0.732421875 0.06103515625 0.08465576171875
3 0.9446614583333334 0.70654296875 0.06722005208333333 0.08587646484375
5 0.6012369791666666 0.23388671875 0.11181640625 0.05718994140625
3 0.8151041666666666 0.609375 0.06477864583333333 0.08343505859375
5 0.5657552083333334 0.312255859375 0.11905924479166667 0.060638427734375
3 0.8483072916666666 0.389892578125 0.06636555989583333 0.08197021484375
3 0.7584635416666666 0.40234375 0.058268229166666664 0.0755615234375