1 0.609375 0.6469717261904763 0.06298941798941798 0.05032242063492064
3 0.4521494708994709 0.3652356150793651 0.08146164021164021 0.06768849206349206
3 0.24007275132275133 0.36010664682539684 0.08666997354497354 0.06500248015873016
3 0.2797850529100529 0.5131845238095237 0.08325066137566138 0.06561259920634921
3 0.2184259259259259 0.47387648809523814 0.08748346560846561 0.06622271825396825
5 0.7506514550264549 0.5629885912698412 0.0742989417989418 0.10229414682539682
3 0.390625 0.3286135912698413 0.0851223544973545 0.06744295634920636
5 0.593098544973545 0.23840277777777777 0.07027116402116403 0.09448164682539682
4 0.5771494708994709 0.5327157738095237 0.09578373015873015 0.04037450396825397
0 0.5009755291005291 0.6665029761904763 0.10905092592592593 0.054595734126984125
3 0.3053373015873016 0.40136656746031746 0.08699404761904762 0.06622271825396825
5 0.6494146825396825 0.30883680555555554 0.07291666666666667 0.09271329365079364
5 0.7050793650793651 0.37597718253968254 0.07279431216931216 0.09667906746031746
3 0.1915674603174603 0.5913095238095237 0.08666997354497354 0.06732142857142857
5 0.6835945767195767 0.48754960317460316 0.07482804232804233 0.09826636904761904
4 0.7623710317460317 0.7646478174603174 0.06453373015873017 0.10284474206349206
5 0.5699867724867725 0.3454588293650794 0.07267195767195767 0.0910639880952381
4 0.6018882275132275 0.7602529761904763 0.06428902116402116 0.0980828373015873
4 0.8574206349206349 0.9350595238095237 0.07055555555555557 0.10876488095238096
2 0.3544907407407408 0.6396478174603174 0.07893849206349207 0.0606374007936508
3 0.36751322751322746 0.4392088293650794 0.08190806878306878 0.06634424603174603
3 0.13305555555555557 0.5488293650793651 0.08732142857142858 0.06658978174603175
0 0.4479166666666667 0.59765625 0.1057936507936508 0.08105406746031746
4 0.6888029100529101 0.7666021825396826 0.04488095238095238 0.08447172619047619
3 0.15625 0.4331051587301587 0.08219246031746032 0.06463541666666667
3 0.06823743386243386 0.5073239087301588 0.08544973544973544 0.06573412698412699
5 0.7714847883597883 0.4487301587301587 0.07780092592592593 0.0993030753968254
4 0.6048181216931217 0.9301760912698412 0.04919312169312169 0.09124751984126984
4 0.5250661375661375 0.7631845238095237 0.047648809523809524 0.08178819444444443
5 0.6233730158730159 0.4160168650793651 0.07678240740740741 0.09515376984126984
4 0.7708333333333334 0.9306646825396826 0.06848214285714285 0.1116344246031746
4 0.5240873015873015 0.9238293650793651 0.06229497354497354 0.10797123015873016
5 0.8424470899470899 0.5214856150793651 0.07735119047619048 0.10430803571428571
5 0.5201818783068783 0.625 0.11677910052910052 0.03698660714285714
3 0.5429695767195767 0.5698239087301588 0.07967261904761905 0.06658978174603175
1 0.41959656084656083 0.5190426587301588 0.06661044973544973 0.04724206349206349
4 0.6846362433862434 0.9319320436507937 0.056441798941798946 0.08972470238095237