3 0.3385416666666667 0.63427734375 0.057373046875 0.06256103515625
0 0.30078125 0.84423828125 0.10774739583333333 0.057373046875
5 0.5807291666666666 0.50244140625 0.083740234375 0.0723876953125
3 0.19026692708333334 0.49072265625 0.055379231770833336 0.0640869140625
5 0.5126953125 0.57373046875 0.085693359375 0.06585693359375
1 0.2985026041666667 0.7314453125 0.058797200520833336 0.036834716796875
5 0.4895833333333333 0.4423828125 0.08447265625 0.07183837890625
5 0.5322265625 0.88037109375 0.09716796875 0.050994873046875
4 0.8541666666666666 0.787109375 0.11027018229166667 0.038818359375
4 0.6770833333333334 0.64111328125 0.083251953125 0.025421142578125
4 0.681640625 0.7861328125 0.10335286458333333 0.040008544921875
5 0.5009765625 0.51123046875 0.08797200520833333 0.07208251953125
3 0.4098307291666667 0.615234375 0.057088216145833336 0.062225341796875
3 0.2275390625 0.57275390625 0.055379231770833336 0.06512451171875
3 0.3727213541666667 0.53515625 0.054768880208333336 0.0618896484375
3 0.5208333333333334 0.7548828125 0.08040364583333333 0.036285400390625
4 0.845703125 0.68603515625 0.10538736979166667 0.03662109375
3 0.22932942708333334 0.39453125 0.053751627604166664 0.060211181640625
3 0.3020833333333333 0.55419921875 0.0567626953125 0.0638427734375
5 0.4833984375 0.37353515625 0.086669921875 0.07366943359375
3 0.26416015625 0.47509765625 0.057291666666666664 0.06268310546875
3 0.263671875 0.6552734375 0.056111653645833336 0.06463623046875
3 0.3362630208333333 0.457763671875 0.0565185546875 0.06268310546875
3 0.29736328125 0.379638671875 0.05126953125 0.05987548828125
5 0.5608723958333334 0.3662109375 0.08203125 0.07196044921875
5 0.5709635416666666 0.436279296875 0.07373046875 0.06488037109375
2 0.3694661458333333 0.7373046875 0.07954915364583333 0.0303802490234375
5 0.5491536458333334 0.298583984375 0.0748291015625 0.06097412109375
4 0.8489583333333334 0.73583984375 0.10652669270833333 0.0386962890625
4 0.4723307291666667 0.712890625 0.06901041666666667 0.0509033203125
4 0.841796875 0.6396484375 0.09578450520833333 0.027740478515625
4 0.677734375 0.73388671875 0.1005859375 0.040252685546875
1 0.5413411458333334 0.65966796875 0.047770182291666664 0.03594970703125
4 0.6842447916666666 0.8408203125 0.092529296875 0.0304412841796875
0 0.14396158854166666 0.70654296875 0.0709228515625 0.08477783203125
5 0.4716796875 0.302490234375 0.06966145833333333 0.05975341796875
4 0.677734375 0.6865234375 0.09651692708333333 0.0345458984375