4 0.22321428571428573 0.722718253968254 0.16137566137566137 0.07837301587301587
2 0.6359126984126984 0.6449652777777778 0.0787037037037037 0.0900297619047619
4 0.4252645502645503 0.5834573412698413 0.14087301587301587 0.07316468253968254
0 0.7554563492063492 0.8098958333333334 0.14384920634920634 0.09399801587301587
4 0.39302248677248675 0.5172371031746031 0.1378968253968254 0.06820436507936507
1 0.6304563492063492 0.4599454365079365 0.0916005291005291 0.04092261904761905
4 0.45866402116402116 0.6499255952380952 0.1421957671957672 0.07713293650793651
5 0.7804232804232805 0.42224702380952384 0.08796296296296297 0.10243055555555555
4 0.90244708994709 0.6478174603174603 0.12896825396825398 0.07242063492063493
4 0.36061507936507936 0.45498511904761907 0.13525132275132276 0.07068452380952381
4 0.19758597883597884 0.652405753968254 0.15707671957671956 0.07663690476190477
4 0.16666666666666666 0.5802331349206349 0.14153439153439154 0.06473214285714286
4 0.14186507936507936 0.5168650793650794 0.13425925925925927 0.061507936507936505
4 0.3349867724867725 0.39248511904761907 0.12632275132275134 0.05927579365079365
1 0.9457671957671958 0.5208333333333334 0.07208994708994709 0.06646825396825397
3 0.7467447916666666 0.52392578125 0.13191731770833334 0.0531005859375