5 0.6881514550264549 0.8422842261904763 0.10807208994708994 0.041840277777777775
0 0.5644543650793651 0.7104489087301588 0.09220238095238095 0.05310019841269841
1 0.7265641534391535 0.5581051587301588 0.0569675925925926 0.028060515873015873
5 0.7623710317460317 0.7900396825396826 0.11067791005291006 0.039947916666666666
5 0.5592460317460318 0.8413095238095237 0.1120601851851852 0.04534970238095238
5 0.6285813492063492 0.7885739087301588 0.11043320105820105 0.040984623015873016
5 0.6123048941798942 0.8964856150793651 0.11840939153439153 0.044585813492063496
5 0.7057308201058201 0.73828125 0.10148148148148148 0.03747519841269841
3 0.8248710317460317 0.5727529761904763 0.06298941798941798 0.057373511904761906
5 0.7786474867724869 0.6899404761904763 0.10774801587301587 0.03594990079365079
5 0.8372387566137566 0.7397470238095237 0.11775793650793652 0.03927579365079365
3 0.8828141534391535 0.5478521825396826 0.06648809523809524 0.056855158730158735
3 0.765625 0.5014657738095238 0.061279761904761906 0.05706845238095238
2 0.4440112433862434 0.7006845238095237 0.05891865079365079 0.051361607142857146
4 0.30305886243386243 0.5615228174603174 0.07808531746031745 0.05099454365079365
4 0.7227083333333333 0.5834970238095237 0.08396494708994709 0.026458333333333334
3 0.9407539682539683 0.5244146825396826 0.06734126984126984 0.05706845238095238
4 0.3815112433862434 0.49511656746031746 0.07580687830687831 0.048859126984126984
4 0.45540343915343917 0.5971676587301588 0.07649801587301587 0.05291666666666667
3 0.765625 0.41284226190476186 0.05794312169312169 0.05349702380952381
4 0.4166666666666667 0.6347668650793651 0.07706679894179895 0.05185019841269841
3 0.7083333333333334 0.43261656746031746 0.05631613756613757 0.05261160714285714
3 0.7669279100529101 0.32959077380952384 0.05651785714285714 0.05261160714285714
4 0.2596031746031746 0.59765625 0.07625330687830688 0.051178075396825395
3 0.8795568783068783 0.45605406746031746 0.06323082010582011 0.05419890873015873
0 0.6790376984126983 0.6464856150793651 0.0841468253968254 0.05822668650793651
3 0.8235681216931217 0.4785168650793651 0.0634755291005291 0.05602926587301587
5 0.609375 0.6284176587301588 0.06311177248677248 0.06817708333333333
4 0.49055886243386243 0.5629885912698412 0.07511243386243385 0.05050595238095238
4 0.34375 0.5283209325396826 0.07780092592592593 0.05175843253968254
3 0.7102876984126983 0.35034226190476186 0.05456679894179894 0.05212301587301587
4 0.37760582010582017 0.6694345238095237 0.08101521164021164 0.0546875
3 0.8229166666666666 0.39209077380952384 0.061970899470899475 0.05371031746031746
4 0.53125 0.5292981150793651 0.07413690476190476 0.048308531746031745
3 0.6158862433862434 0.5375967261904763 0.03989748677248677 0.05706845238095238
1 0.5611970899470899 0.42163194444444446 0.03900132275132275 0.03436259920634921
5 0.9134126984126983 0.6879885912698412 0.12182539682539682 0.03869543650793651