3 0.5849609375 0.69921875 0.054239908854166664 0.08123779296875
3 0.36328125 0.8876953125 0.054158528645833336 0.08331298828125
3 0.4264322916666667 0.5732421875 0.0552978515625 0.07965087890625
3 0.5426432291666666 0.912109375 0.055704752604166664 0.08538818359375
3 0.5628255208333334 0.80517578125 0.0552978515625 0.08209228515625
3 0.4514973958333333 0.8974609375 0.0557861328125 0.08343505859375
3 0.5146484375 0.58251953125 0.057373046875 0.07879638671875
3 0.4944661458333333 0.6875 0.056233723958333336 0.0802001953125
3 0.3857421875 0.78125 0.054361979166666664 0.081787109375
3 0.6048177083333334 0.59326171875 0.055704752604166664 0.07977294921875
4 0.40625 0.406005859375 0.06673177083333333 0.08740234375
4 0.6259765625 0.37353515625 0.062418619791666664 0.086181640625
3 0.4055989583333333 0.6767578125 0.05517578125 0.082275390625
4 0.4788411458333333 0.396728515625 0.06709798177083333 0.087890625
4 0.552734375 0.38427734375 0.06636555989583333 0.08709716796875
3 0.4749348958333333 0.791015625 0.056315104166666664 0.082275390625
4 0.3346354166666667 0.4130859375 0.06709798177083333 0.08465576171875
2 0.7291666666666666 0.59521484375 0.08748372395833333 0.040374755859375
5 0.2451171875 0.78466796875 0.10929361979166667 0.07708740234375
4 0.4456380208333333 0.254150390625 0.0677490234375 0.091064453125
5 0.13639322916666666 0.86865234375 0.11637369791666667 0.0782470703125
4 0.2986653645833333 0.2744140625 0.06575520833333333 0.0894775390625
4 0.5179036458333334 0.24365234375 0.06660970052083333 0.09027099609375
4 0.5901692708333334 0.230712890625 0.06404622395833333 0.09039306640625
5 0.159912109375 0.69287109375 0.10970052083333333 0.075439453125
5 0.23063151041666666 0.876953125 0.114501953125 0.07891845703125
5 0.14754231770833334 0.77880859375 0.12467447916666667 0.08270263671875
4 0.3704427083333333 0.26611328125 0.06514485677083333 0.0885009765625
1 0.892578125 0.87841796875 0.07332356770833333 0.046905517578125
5 0.17057291666666666 0.60595703125 0.1201171875 0.08062744140625
5 0.17333984375 0.52294921875 0.1044921875 0.06951904296875
5 0.2513020833333333 0.69873046875 0.11002604166666667 0.07861328125
5 0.2630208333333333 0.61376953125 0.103759765625 0.06463623046875
5 0.2688802083333333 0.52783203125 0.10001627604166667 0.06781005859375
1 0.8665364583333334 0.81591796875 0.07694498697916667 0.044769287109375
0 0.8040364583333334 0.66162109375 0.11531575520833333 0.04083251953125
0 0.8274739583333334 0.732421875 0.12312825520833333 0.044189453125