4 0.5229828042328042 0.6964285714285714 0.0916005291005291 0.07886904761904762
1 0.4138558201058201 0.6648065476190477 0.05257936507936508 0.04538690476190476
4 0.33779761904761907 0.7999751984126984 0.08167989417989419 0.07911706349206349
0 0.3151455026455027 0.7204861111111112 0.10648148148148148 0.06547619047619048
2 0.4029431216931217 0.5632440476190477 0.05125661375661376 0.05704365079365079
5 0.9184854497354498 0.5048363095238095 0.10152116402116403 0.06076388888888889
5 0.4930555555555556 0.5091765873015873 0.08267195767195767 0.05803571428571429
1 0.11805555555555555 0.6372767857142857 0.0701058201058201 0.03695436507936508
5 0.5945767195767195 0.5756448412698413 0.08928571428571429 0.06498015873015874
5 0.17824074074074073 0.7434275793650794 0.052248677248677246 0.08705357142857142
5 0.7043650793650794 0.5768849206349206 0.09126984126984126 0.06349206349206349
5 0.5945205026455026 0.5083506944444445 0.08741071428571429 0.060682043650793646
5 0.8065476190476191 0.5100446428571429 0.09722222222222222 0.06076388888888889
0 0.21494708994708994 0.5602678571428571 0.10515873015873016 0.03720238095238095
5 0.6978604497354497 0.5102108134920635 0.09700066137566137 0.0648983134920635
5 0.8138227513227513 0.574156746031746 0.0992063492063492 0.07242063492063493
4 0.6430224867724867 0.8160962301587301 0.09358465608465609 0.08655753968253968
5 0.9302248677248677 0.572296626984127 0.11044973544973545 0.06919642857142858
4 0.44659391534391535 0.9358878968253969 0.10085978835978836 0.09300595238095238
4 0.29993386243386244 0.6068948412698413 0.061507936507936505 0.06349206349206349
3 0.33398478835978834 0.51171875 0.06148148148148148 0.05813492063492064
3 0.46582010582010586 0.3510739087301587 0.07735119047619048 0.03314236111111111
3 0.578125 0.33740327380952384 0.08496031746031747 0.032958829365079365
3 0.6875 0.32421875 0.08280423280423281 0.03259176587301587
3 0.4791666666666667 0.39697172619047616 0.08158399470899472 0.03198164682539682
4 0.4016931216931217 0.7666021825396826 0.08845899470899471 0.08251984126984127
3 0.8177083333333334 0.35644593253968254 0.08813492063492064 0.03228670634920635
3 0.7037764550264549 0.3691418650793651 0.08528769841269843 0.03283730158730159
3 0.5908201058201058 0.3823239087301587 0.08341600529100529 0.032470238095238094
4 0.516276455026455 0.8974603174603174 0.08325066137566138 0.08740327380952381
3 0.8378902116402117 0.39916914682539684 0.09025132275132276 0.033539186507936504
4 0.578776455026455 0.8564459325396826 0.10042328042328043 0.09320188492063493
3 0.7220039682539683 0.4140625 0.08911044973544975 0.032715773809523806
3 0.4895833333333333 0.4431150793650794 0.08406415343915344 0.03125
3 0.6051421957671957 0.42895585317460316 0.08764550264550265 0.032896825396825397
4 0.7070304232804233 0.7797842261904763 0.09822751322751323 0.08880704365079364
4 0.46582010582010586 0.7265625 0.07320105820105821 0.06756696428571429