5 0.5472005208333334 0.77490234375 0.11881510416666667 0.076416015625
4 0.4593098958333333 0.188232421875 0.060709635416666664 0.0894775390625
0 0.24104817708333334 0.60693359375 0.12272135416666667 0.0765380859375
3 0.26416015625 0.64111328125 0.1044921875 0.06231689453125
5 0.2737630208333333 0.73828125 0.12247721354166667 0.07196044921875
5 0.6396484375 0.671875 0.11368815104166667 0.06903076171875
3 0.8385416666666666 0.541015625 0.10432942708333333 0.038970947265625
4 0.4684244791666667 0.32177734375 0.0634765625 0.0850830078125
5 0.5201822916666666 0.69677734375 0.11531575520833333 0.06573486328125
4 0.3919270833333333 0.3203125 0.06441243489583333 0.08599853515625
3 0.4417317708333333 0.54833984375 0.11165364583333333 0.0439453125
3 0.5777994791666666 0.4775390625 0.10538736979166667 0.042236328125
3 0.5768229166666666 0.40625 0.107177734375 0.04217529296875
5 0.4000651041666667 0.71435546875 0.11588541666666667 0.07208251953125
4 0.6012369791666666 0.1934814453125 0.061360677083333336 0.0880126953125
4 0.384765625 0.1826171875 0.059122721354166664 0.08831787109375
4 0.5302734375 0.191650390625 0.059122721354166664 0.08880615234375
4 0.3499348958333333 0.64306640625 0.10774739583333333 0.044921875
5 0.4225260416666667 0.79931640625 0.119873046875 0.07122802734375
3 0.5833333333333334 0.54638671875 0.10945638020833333 0.045013427734375
3 0.7063802083333334 0.408935546875 0.097412109375 0.037261962890625
5 0.75 0.65625 0.11067708333333333 0.06695556640625
0 0.0523681640625 0.53759765625 0.07161458333333333 0.1083984375
1 0.24690755208333334 0.463134765625 0.06673177083333333 0.05645751953125
3 0.708984375 0.476806640625 0.10026041666666667 0.04046630859375
5 0.76953125 0.732421875 0.10945638020833333 0.06683349609375
4 0.5403645833333334 0.3232421875 0.06477864583333333 0.08331298828125
5 0.6611328125 0.75390625 0.11027018229166667 0.07354736328125
3 0.7135416666666666 0.54443359375 0.10392252604166667 0.041839599609375
2 0.3258463541666667 0.486572265625 0.068359375 0.06658935546875
4 0.6145833333333334 0.32470703125 0.06599934895833333 0.08416748046875
3 0.833984375 0.476318359375 0.10221354166666667 0.037384033203125
3 0.4388020833333333 0.406494140625 0.10904947916666667 0.043121337890625
3 0.4388020833333333 0.4775390625 0.10929361979166667 0.044342041015625
4 0.6809895833333334 0.3251953125 0.060465494791666664 0.0831298828125
5 0.2859700520833333 0.4287109375 0.126708984375 0.054107666015625
1 0.26611328125 0.53759765625 0.06563313802083333 0.04876708984375