3 0.312989417989418 0.5136731150793651 0.06734126984126984 0.06756696428571429
3 0.2882473544973545 0.4001463293650794 0.06978505291005291 0.06964037698412699
3 0.2615575396825397 0.5957043650793651 0.06526785714285714 0.06536954365079364
3 0.2081712962962963 0.3730481150793651 0.06888888888888889 0.07134920634920636
3 0.3395171957671958 0.30957093253968254 0.06925595238095238 0.07134920634920636
3 0.2384424603174603 0.4860838293650794 0.06685515873015872 0.06817708333333333
3 0.3649074074074074 0.42724702380952384 0.06787037037037037 0.06878720238095239
3 0.18766203703703704 0.5688467261904763 0.06721891534391534 0.06549107142857143
3 0.26057870370370373 0.28100694444444446 0.06913359788359788 0.07287698412698412
3 0.15950396825396826 0.46020585317460316 0.06734126984126984 0.07019097222222222
3 0.1120601851851852 0.5444345238095237 0.06526785714285714 0.06671130952380953
3 0.41796957671957674 0.33715773809523814 0.06901124338624338 0.07263144841269842
5 0.8007804232804233 0.5390625 0.0851223544973545 0.07183779761904761
5 0.765625 0.38818452380952384 0.08174603174603175 0.0746453373015873
5 0.8203141534391535 0.6123040674603174 0.07780092592592593 0.07122767857142857
5 0.9088558201058201 0.5991220238095237 0.07666005291005291 0.06793154761904761
5 0.8899735449735451 0.5239260912698412 0.08028108465608466 0.06695436507936507
2 0.6835945767195767 0.5249032738095237 0.053832671957671954 0.05529761904761905
4 0.6171891534391535 0.63671875 0.08634589947089948 0.034241071428571426
1 0.5970039682539682 0.30395585317460316 0.059447751322751326 0.03533978174603175
4 0.6855456349206349 0.80859375 0.08235780423280424 0.03933779761904762
5 0.8430985449735451 0.29443452380952384 0.07808531746031745 0.07159474206349206
5 0.7545568783068783 0.30932539682539684 0.07389219576719576 0.07342509920634921
4 0.5159490740740741 0.8046875 0.08829695767195767 0.04510416666666667
4 0.47591269841269845 0.7182614087301588 0.08634589947089948 0.04476934523809523
0 0.2298181216931217 0.7197271825396826 0.11531415343915344 0.04681299603174603
4 0.45475198412698414 0.6762698412698412 0.08296626984126984 0.036773313492063496
4 0.6699206349206349 0.7602529761904763 0.09741071428571428 0.05108630952380952
0 0.2137037037037037 0.7763665674603174 0.11262896825396825 0.042571924603174605
4 0.6529960317460318 0.7172842261904763 0.09773809523809524 0.052703373015873016
5 0.8561210317460317 0.37426835317460316 0.08894841269841271 0.07263144841269842
4 0.530598544973545 0.8466790674603174 0.07983465608465608 0.03927579365079365
4 0.49707010582010586 0.7558606150793651 0.09236772486772486 0.05108630952380952
4 0.6350925925925925 0.6743154761904763 0.09936507936507936 0.05050595238095238
5 0.8745436507936507 0.45061259920634916 0.08225529100529101 0.07054811507936508
1 0.5498048941798942 0.3532713293650794 0.05676256613756614 0.03671378968253968
5 0.7914517195767196 0.46251240079365075 0.07340608465608466 0.06972470238095238