3 0.8040376984126983 0.33447172619047616 0.06913359788359788 0.060302579365079365
3 0.6217460317460318 0.31787202380952384 0.06811507936507936 0.05987599206349206
3 0.5465509259259259 0.1566170634920635 0.06575396825396826 0.06097470238095238
3 0.6705720899470899 0.19702132936507935 0.06624338624338624 0.060853174603174603
3 0.6796891534391535 0.2934573412698413 0.06966269841269841 0.05911210317460318
3 0.7473974867724869 0.36230406746031746 0.06913359788359788 0.05987599206349206
3 0.48567791005291006 0.17871031746031746 0.06404761904761905 0.06222470238095238
4 0.28190145502645503 0.3208010912698413 0.08959986772486772 0.05529761904761905
3 0.5550132275132275 0.24902281746031746 0.06746362433862434 0.06130952380952381
4 0.35058531746031746 0.39990327380952384 0.0899239417989418 0.05780009920634921
4 0.49121031746031746 0.34057539682539684 0.07983465608465608 0.05780009920634921
4 0.45637896825396823 0.29711805555555554 0.08068783068783068 0.05822668650793651
3 0.7369808201058201 0.26464781746031746 0.06721891534391534 0.059754464285714286
4 0.3157539682539683 0.36254960317460316 0.08878637566137566 0.05450396825396825
3 0.6067724867724869 0.12829613095238093 0.06441137566137566 0.06304811507936509
3 0.6894543650793651 0.39135664682539684 0.06762566137566138 0.060302579365079365
0 0.10188822751322751 0.4860838293650794 0.06913359788359788 0.09320188492063493
2 0.32242724867724865 0.22326636904761907 0.07983465608465608 0.031021825396825395
3 0.6123048941798942 0.22485367063492065 0.06624338624338624 0.060515873015873016
4 0.561848544973545 0.41821180555555554 0.08264219576719577 0.05450396825396825
4 0.3863921957671958 0.44116319444444446 0.08748346560846561 0.057921626984126985
0 0.18831349206349207 0.47363343253968254 0.06599867724867725 0.08960069444444443
4 0.42350198412698414 0.4848635912698413 0.08666997354497354 0.0555109126984127
5 0.7636706349206349 0.50390625 0.10375992063492064 0.027008928571428573
5 0.6979166666666666 0.55859375 0.12011574074074075 0.03643849206349206
5 0.8990873015873017 0.4978025793650794 0.1211739417989418 0.035828373015873015
1 0.35546957671957674 0.6357415674603174 0.05334325396825397 0.04949900793650794
4 0.42350198412698414 0.26049851190476186 0.07649801587301587 0.051361607142857146
5 0.6933597883597883 0.6635739087301588 0.10734126984126985 0.030791170634920637
5 0.8346362433862434 0.45239335317460316 0.11824404761904762 0.035553075396825395
5 0.5501289682539682 0.671875 0.11027116402116402 0.032715773809523806
5 0.7604166666666666 0.6069345238095237 0.11067791005291006 0.02992311507936508
5 0.8294279100529101 0.5527356150793651 0.12182539682539682 0.036773313492063496
5 0.6197916666666666 0.7221676587301588 0.11222222222222222 0.031922123015873015
5 0.6233730158730159 0.6123040674603174 0.10693452380952381 0.026458333333333334
1 0.2890641534391534 0.6708978174603174 0.05517526455026455 0.04876736111111111
4 0.5279993386243387 0.3728497023809524 0.0815707671957672 0.04794890873015873