4 0.6197916666666666 0.42919921875 0.0721435546875 0.04949951171875
4 0.4664713541666667 0.4462890625 0.07539876302083333 0.049774169921875
3 0.6145833333333334 0.8037109375 0.10245768229166667 0.047515869140625
4 0.4928385416666667 0.4775390625 0.0767822265625 0.05419921875
4 0.552734375 0.5439453125 0.08158365885416667 0.055206298828125
3 0.486328125 0.78076171875 0.0986328125 0.04595947265625
4 0.5257161458333334 0.5146484375 0.07637532552083333 0.0509033203125
3 0.3362630208333333 0.82666015625 0.09847005208333333 0.049591064453125
4 0.5865885416666666 0.39599609375 0.06966145833333333 0.048309326171875
3 0.3642578125 0.76123046875 0.09969075520833333 0.0469970703125
3 0.595703125 0.87451171875 0.10693359375 0.0531005859375
4 0.6842447916666666 0.48779296875 0.08056640625 0.054107666015625
3 0.6282552083333334 0.7392578125 0.099853515625 0.0439453125
4 0.4361979166666667 0.416748046875 0.07666015625 0.048492431640625
3 0.7454427083333334 0.828125 0.10986328125 0.051544189453125
3 0.3850911458333333 0.69775390625 0.0966796875 0.044189453125
3 0.462890625 0.849609375 0.09969075520833333 0.05126953125
2 0.5777994791666666 0.6640625 0.07666015625 0.0369873046875
3 0.736328125 0.900390625 0.11149088541666667 0.054290771484375
4 0.6471354166666666 0.455322265625 0.07108561197916667 0.0504150390625
3 0.7565104166666666 0.76025390625 0.10750325520833333 0.047943115234375
5 0.22216796875 0.435546875 0.07255045572916667 0.06768798828125
3 0.50390625 0.71728515625 0.09651692708333333 0.044189453125
4 0.5589192708333334 0.365478515625 0.0709228515625 0.047088623046875
0 0.7428385416666666 0.64990234375 0.0631103515625 0.08868408203125
5 0.20345052083333334 0.38232421875 0.07132975260416667 0.06475830078125
5 0.3681640625 0.5849609375 0.07637532552083333 0.072509765625
5 0.341796875 0.52392578125 0.07694498697916667 0.0740966796875
0 0.6627604166666666 0.66015625 0.058919270833333336 0.08880615234375
5 0.2703450520833333 0.3662109375 0.0611572265625 0.059967041015625
5 0.3209635416666667 0.471923828125 0.07735188802083333 0.07122802734375
5 0.2501627604166667 0.48876953125 0.07373046875 0.06915283203125
5 0.2950846354166667 0.417236328125 0.07173665364583333 0.06658935546875
5 0.26953125 0.546875 0.079833984375 0.0726318359375
5 0.2853190104166667 0.6044921875 0.085693359375 0.0743408203125
1 0.23893229166666666 0.775390625 0.0631103515625 0.045013427734375
1 0.21240234375 0.7275390625 0.062296549479166664 0.036285400390625