3 0.24918650793650793 0.5556646825396826 0.09122685185185185 0.08465525793650794
3 0.2701818783068783 0.6889657738095237 0.08927248677248677 0.08251984126984127
4 0.4990244708994709 0.8203125 0.10872354497354496 0.06384176587301588
4 0.5214847883597884 0.8740228174603174 0.11043320105820105 0.0659796626984127
0 0.21110119047619047 0.84375 0.14298611111111112 0.05645833333333333
4 0.7005224867724869 0.8642584325396826 0.10172619047619048 0.06130952380952381
3 0.4684259259259259 0.3962400793650794 0.08203042328042329 0.08123759920634921
3 0.17952380952380953 0.6552728174603174 0.09513227513227514 0.08465525793650794
4 0.6653637566137566 0.7685540674603174 0.10319113756613757 0.058013392857142854
3 0.33789021164021166 0.5874032738095237 0.08813492063492064 0.08050595238095239
4 0.6835945767195767 0.8154290674603174 0.10205026455026456 0.059538690476190474
4 0.5432936507936508 0.9311532738095237 0.09985449735449735 0.059754464285714286
3 0.40494708994708994 0.49072172619047616 0.08544973544973544 0.0803844246031746
3 0.29915343915343917 0.32446180555555554 0.08634589947089948 0.08331349206349206
5 0.9316402116402117 0.6762698412698412 0.07482804232804233 0.07305803571428571
3 0.38476521164021166 0.3610838293650794 0.08390211640211641 0.08154265873015873
4 0.7239583333333334 0.9184573412698412 0.08447420634920634 0.049315476190476194
4 0.6582043650793651 0.7255853174603174 0.0899239417989418 0.04083333333333333
3 0.15673941798941798 0.5229489087301588 0.09309854497354496 0.08727926587301588
5 0.7942724867724869 0.3823239087301587 0.07540013227513227 0.07611111111111112
5 0.8046891534391535 0.4631349206349206 0.07678240740740741 0.07696428571428571
5 0.8964847883597883 0.5278323412698412 0.08129960317460318 0.07208333333333333
2 0.7226554232804233 0.6010739087301588 0.05403769841269841 0.060761408730158735
3 0.22802579365079365 0.42334077380952384 0.09269179894179895 0.08538938492063493
3 0.08308862433862434 0.6279290674603174 0.09806216931216932 0.08880704365079364
3 0.32014880952380953 0.45825148809523814 0.09090277777777778 0.08386160714285715
5 0.8489583333333334 0.6938467261904763 0.07596891534391534 0.07574404761904761
5 0.8352876984126983 0.6186532738095237 0.07540013227513227 0.06915178571428571
5 0.8229166666666666 0.5400396825396826 0.07291666666666667 0.07171626984126984
4 0.47721230158730155 0.7661135912698412 0.10791005291005291 0.06143105158730159
1 0.5973313492063492 0.41650297619047616 0.06490079365079365 0.040771329365079365
0 0.18668650793650793 0.91796875 0.14371693121693122 0.05602926587301587
5 0.8828141534391535 0.45043898809523814 0.07865410052910053 0.06829861111111112
5 0.8730456349206349 0.37255952380952384 0.06860449735449736 0.06536954365079364
5 0.9114583333333334 0.5996106150793651 0.07820767195767196 0.07318204365079364
1 0.6445304232804233 0.3676760912698413 0.06787037037037037 0.0394890873015873