4 0.5251322751322751 0.5400545634920635 0.11574074074074074 0.05431547619047619
4 0.3134920634920635 0.5623759920634921 0.11375661375661375 0.05381944444444445
4 0.33779761904761907 0.5119047619047619 0.11276455026455026 0.051587301587301584
4 0.5415013227513228 0.48747519841269843 0.11144179894179894 0.05233134920634921
4 0.5009920634920635 0.5942460317460317 0.11574074074074074 0.05853174603174603
4 0.35896164021164023 0.46403769841269843 0.10416666666666667 0.04712301587301587
3 0.7412367724867724 0.6728670634920635 0.05720899470899471 0.08680555555555555
4 0.2853835978835979 0.6144593253968254 0.11441798941798942 0.05133928571428571
4 0.6861979166666666 0.6123046875 0.107177734375 0.044586181640625
3 0.751953125 0.55517578125 0.06636555989583333 0.07574462890625
4 0.673828125 0.7451171875 0.07596842447916667 0.0880126953125
4 0.2470703125 0.66796875 0.10465494791666667 0.044525146484375