3 0.6665013227513228 0.6350446428571429 0.06183862433862434 0.06870039682539683
3 0.7106481481481481 0.45027281746031744 0.0582010582010582 0.06125992063492063
3 0.6866732804232805 0.5403025793650794 0.0625 0.06374007936507936
3 0.8060515873015873 0.5983382936507936 0.07043650793650794 0.07118055555555555
3 0.6205357142857143 0.5540674603174603 0.05787037037037037 0.062003968253968256
3 0.7566137566137566 0.521453373015873 0.06349206349206349 0.06721230158730158
3 0.7357804232804233 0.6190476190476191 0.06812169312169312 0.0679563492063492
3 0.7876984126984127 0.7025049603174603 0.07208994708994709 0.07465277777777778
3 0.7156084656084656 0.722718253968254 0.06746031746031746 0.07291666666666667
3 0.8596230158730159 0.6817956349206349 0.0744047619047619 0.0744047619047619
4 0.14434523809523808 0.4837549603174603 0.08763227513227513 0.050347222222222224
4 0.33978174603174605 0.4574652777777778 0.0882936507936508 0.04935515873015873
3 0.5545634920634921 0.6470734126984127 0.0787037037037037 0.05009920634920635
4 0.07390873015873016 0.5595238095238095 0.08630952380952381 0.05109126984126984
4 0.2804232804232804 0.5339781746031746 0.09060846560846561 0.0496031746031746
4 0.20618386243386244 0.41418650793650796 0.08167989417989419 0.046130952380952384
3 0.5353835978835979 0.5520833333333334 0.07671957671957672 0.04513888888888889
4 0.18033854166666666 0.44970703125 0.088134765625 0.04559326171875
4 0.3118489583333333 0.4931640625 0.08601888020833333 0.04803466796875
4 0.3668619791666667 0.66357421875 0.07625325520833333 0.0560302734375
4 0.10970052083333333 0.52294921875 0.08797200520833333 0.047882080078125
4 0.4840494791666667 0.62646484375 0.045206705729166664 0.06396484375