5 0.2647156084656085 0.38938492063492064 0.13921957671957672 0.09226190476190477
2 0.42493386243386244 0.7900545634920635 0.0787037037037037 0.10491071428571429
0 0.16104497354497355 0.6685267857142857 0.1779100529100529 0.07068452380952381
1 0.28951719576719576 0.466765873015873 0.08697089947089948 0.056051587301587304
1 0.36491402116402116 0.5546875 0.09027777777777778 0.06324404761904762
4 0.37781084656084657 0.6242559523809523 0.13921957671957672 0.06001984126984127
3 0.23535052910052912 0.5122073412698412 0.14526455026455026 0.08154265873015873
3 0.6129563492063492 0.33862351190476186 0.109864417989418 0.10559027777777778
3 0.39908730158730155 0.4238293650793651 0.10929232804232804 0.10614087301587301
3 0.5081382275132275 0.38159226190476186 0.10929232804232804 0.10858134920634921
3 0.8111970899470899 0.5839856150793651 0.11027116402116402 0.10266121031746032
3 0.8085945767195767 0.7641592261904763 0.11043320105820105 0.10797123015873016
3 0.49934854497354497 0.5512698412698412 0.10294642857142858 0.10339285714285715
3 0.6005853174603175 0.6821279761904763 0.11490740740740742 0.11242559523809524
3 0.7141931216931217 0.46020585317460316 0.09171626984126985 0.08978174603174603
3 0.7011706349206349 0.6308606150793651 0.12052248677248677 0.11376984126984127
3 0.6070965608465608 0.5043948412698412 0.10563161375661376 0.10339285714285715
3 0.7024735449735451 0.81640625 0.11946759259259258 0.11999503968253968