0 0.23462301587301587 0.4255952380952381 0.0882936507936508 0.07192460317460317
4 0.10433201058201058 0.6910962301587301 0.07374338624338625 0.08655753968253968
2 0.4366732804232804 0.4269593253968254 0.06382275132275132 0.056299603174603176
4 0.17642195767195767 0.7003968253968254 0.07175925925925926 0.08630952380952381
4 0.35813492063492064 0.5880456349206349 0.06415343915343916 0.07787698412698413
0 0.2959656084656085 0.32068452380952384 0.09325396825396826 0.06547619047619048
4 0.38326719576719576 0.7380952380952381 0.0701058201058201 0.08581349206349206
5 0.7486772486772487 0.7434275793650794 0.05555555555555555 0.09945436507936507
4 0.14831349206349206 0.5543154761904762 0.06845238095238096 0.07787698412698413
4 0.2175925925925926 0.5660962301587301 0.06415343915343916 0.07514880952380952
5 0.6714616402116402 0.6768353174603174 0.05853174603174603 0.09672619047619048
4 0.2447089947089947 0.7134176587301587 0.07142857142857142 0.08705357142857142
5 0.12351190476190477 0.42212301587301587 0.105489417989418 0.05009920634920635
5 0.5960648148148148 0.5029761904761905 0.05257936507936508 0.08432539682539683
1 0.34226190476190477 0.48127480158730157 0.05291005291005291 0.047867063492063495
5 0.7415674603174603 0.6272321428571429 0.05853174603174603 0.09126984126984126
5 0.6688161375661376 0.5638640873015873 0.05257936507936508 0.08754960317460317
1 0.1572420634920635 0.32601686507936506 0.05787037037037037 0.03298611111111111
4 0.36491402116402116 0.40302579365079366 0.08697089947089948 0.034722222222222224
5 0.5985449735449735 0.6097470238095238 0.05291005291005291 0.08606150793650794
5 0.5289351851851852 0.5481150793650794 0.049933862433862435 0.0873015873015873
4 0.31630291005291006 0.7229662698412699 0.07374338624338625 0.08680555555555555
4 0.2924933862433862 0.5775049603174603 0.06117724867724868 0.07415674603174603
5 0.8201058201058201 0.6950644841269841 0.04497354497354497 0.08556547619047619
5 0.53125 0.4439484126984127 0.04332010582010582 0.07886904761904762
3 0.4222005208333333 0.349609375 0.057820638020833336 0.06695556640625
3 0.955078125 0.5205078125 0.089599609375 0.058441162109375
3 0.9075520833333334 0.5625 0.09090169270833333 0.05780029296875
3 0.8502604166666666 0.4609375 0.08976236979166667 0.059417724609375
3 0.9010416666666666 0.41162109375 0.09269205729166667 0.059417724609375
3 0.8001302083333334 0.50439453125 0.09025065104166667 0.057586669921875
3 0.6041666666666666 0.389892578125 0.08203125 0.055816650390625
3 0.75390625 0.402099609375 0.08797200520833333 0.0574951171875
3 0.6520182291666666 0.345947265625 0.08251953125 0.057281494140625
3 0.7037760416666666 0.2978515625 0.08479817708333333 0.05780029296875
3 0.701171875 0.449462890625 0.086669921875 0.059112548828125
3 0.8014322916666666 0.356201171875 0.090576171875 0.059539794921875