3 0.7083333333333334 0.38070436507936506 0.11441798941798942 0.041666666666666664
4 0.72255291005291 0.6710069444444444 0.07407407407407407 0.10441468253968254
4 0.6331018518518519 0.6700148809523809 0.07175925925925926 0.10193452380952381
5 0.656415343915344 0.9057539682539683 0.11904761904761904 0.09871031746031746
4 0.4618055555555556 0.5079365079365079 0.06382275132275132 0.09027777777777778
5 0.3748346560846561 0.8999255952380952 0.11342592592592593 0.09796626984126984
4 0.37334656084656087 0.6706349206349206 0.0701058201058201 0.09970238095238096
4 0.5471230158730159 0.6712549603174603 0.06911375661375661 0.09796626984126984
5 0.5148809523809523 0.9011656746031746 0.1164021164021164 0.09895833333333333
4 0.46048280423280424 0.6712549603174603 0.06911375661375661 0.09846230158730158
5 0.8009259259259259 0.8190724206349206 0.12367724867724868 0.0974702380952381
5 0.8017526455026455 0.9154265873015873 0.12665343915343916 0.09970238095238096
5 0.6557539682539683 0.808655753968254 0.12169312169312169 0.09697420634920635
4 0.3791335978835979 0.5075644841269841 0.0625 0.08754960317460317
4 0.5461309523809523 0.5079365079365079 0.06382275132275132 0.08978174603174603
5 0.24338624338624337 0.7978670634920635 0.11044973544973545 0.08928571428571429
4 0.6274801587301587 0.5063244047619048 0.06779100529100529 0.09102182539682539
5 0.3801256613756614 0.7991071428571429 0.11276455026455026 0.09573412698412699
5 0.5183531746031746 0.8046875 0.11673280423280423 0.09697420634920635
3 0.4029947916666667 0.338134765625 0.10636393229166667 0.04168701171875
3 0.4095052083333333 0.399658203125 0.10945638020833333 0.03985595703125
3 0.5494791666666666 0.330078125 0.10904947916666667 0.04052734375
3 0.55859375 0.39013671875 0.10970052083333333 0.04107666015625
3 0.2571614583333333 0.3447265625 0.10579427083333333 0.041534423828125
3 0.693359375 0.318359375 0.10888671875 0.04052734375
3 0.3990885416666667 0.271240234375 0.10693359375 0.043853759765625
3 0.2548828125 0.28076171875 0.10506184895833333 0.042083740234375
3 0.5400390625 0.26220703125 0.10831705729166667 0.041839599609375
3 0.6829427083333334 0.251953125 0.10807291666666667 0.04132080078125