0 0.40625 0.73681640625 0.0806884765625 0.08819580078125
3 0.4326171875 0.7734375 0.07080078125 0.080810546875
2 0.3069661458333333 0.66650390625 0.061848958333333336 0.062103271484375
3 0.4459635416666667 0.58544921875 0.08650716145833333 0.06695556640625
5 0.6868489583333334 0.6611328125 0.10392252604166667 0.050323486328125
3 0.5537109375 0.4140625 0.0745849609375 0.057373046875
3 0.5950520833333334 0.55859375 0.08406575520833333 0.06536865234375
3 0.6881510416666666 0.395751953125 0.07499186197916667 0.054412841796875
4 0.5576171875 0.68408203125 0.051961263020833336 0.07135009765625
3 0.7473958333333334 0.431640625 0.08101399739583333 0.05633544921875
0 0.24072265625 0.7978515625 0.11246744791666667 0.09552001953125
3 0.4716796875 0.4775390625 0.081298828125 0.061309814453125
1 0.2561848958333333 0.72607421875 0.07552083333333333 0.049407958984375
3 0.5068359375 0.62890625 0.086669921875 0.06695556640625
3 0.6136067708333334 0.45654296875 0.07865397135416667 0.060089111328125
3 0.6725260416666666 0.4912109375 0.07694498697916667 0.05877685546875
5 0.7721354166666666 0.5166015625 0.10693359375 0.042572021484375
4 0.14990234375 0.404541015625 0.087646484375 0.063232421875
3 0.3795572916666667 0.54248046875 0.088623046875 0.06280517578125
5 0.8528645833333334 0.54736328125 0.102783203125 0.042236328125
4 0.4098307291666667 0.390869140625 0.0819091796875 0.06658935546875
5 0.5091145833333334 0.70068359375 0.06648763020833333 0.083740234375
5 0.7265625 0.587890625 0.10506184895833333 0.047332763671875
5 0.8131510416666666 0.61865234375 0.10831705729166667 0.049224853515625
4 0.20166015625 0.3740234375 0.085693359375 0.06597900390625
4 0.2978515625 0.314697265625 0.0849609375 0.06524658203125
5 0.6438802083333334 0.7373046875 0.10888671875 0.048492431640625
4 0.26513671875 0.48876953125 0.090576171875 0.06903076171875
4 0.24983723958333334 0.34521484375 0.08463541666666667 0.06500244140625
3 0.5319010416666666 0.51611328125 0.0819091796875 0.0634765625
4 0.3616536458333333 0.42333984375 0.08650716145833333 0.06744384765625
5 0.7786458333333334 0.6953125 0.11124674479166667 0.0489501953125
5 0.7376302083333334 0.7744140625 0.11637369791666667 0.053314208984375
4 0.3167317708333333 0.45751953125 0.087158203125 0.06683349609375
4 0.4560546875 0.35888671875 0.0806884765625 0.06109619140625
5 0.5953776041666666 0.82421875 0.119873046875 0.05633544921875
1 0.3299153645833333 0.71728515625 0.0518798828125 0.053009033203125