4 0.4612630208333333 0.3583984375 0.08251953125 0.035400390625
4 0.4541015625 0.390625 0.08430989583333333 0.03753662109375
4 0.2698567708333333 0.448974609375 0.09285481770833333 0.039703369140625
5 0.6725260416666666 0.45654296875 0.08699544270833333 0.057586669921875
4 0.29736328125 0.377197265625 0.08544921875 0.036346435546875
4 0.2874348958333333 0.412353515625 0.09073893229166667 0.038604736328125
4 0.3201497395833333 0.63818359375 0.057169596354166664 0.06951904296875
4 0.4456380208333333 0.427490234375 0.08683268229166667 0.0360107421875
0 0.11824544270833333 0.638671875 0.120361328125 0.04302978515625
3 0.4072265625 0.810546875 0.11083984375 0.07794189453125
3 0.3727213541666667 0.7177734375 0.07609049479166667 0.071044921875
4 0.4368489583333333 0.4619140625 0.08846028645833333 0.0379638671875
0 0.081298828125 0.55029296875 0.08056640625 0.08062744140625
3 0.6051432291666666 0.79638671875 0.10904947916666667 0.07989501953125
3 0.6796875 0.8603515625 0.11612955729166667 0.08978271484375
2 0.23942057291666666 0.72021484375 0.09513346354166667 0.056976318359375
4 0.2556966145833333 0.48388671875 0.09806315104166667 0.04046630859375
3 0.4677734375 0.87841796875 0.11531575520833333 0.086181640625
4 0.30908203125 0.346435546875 0.08158365885416667 0.037109375
5 0.5817057291666666 0.459228515625 0.08235677083333333 0.057586669921875
3 0.6569010416666666 0.66552734375 0.09456380208333333 0.06597900390625
5 0.5813802083333334 0.4033203125 0.08028157552083333 0.0552978515625
1 0.2679036458333333 0.56591796875 0.045979817708333336 0.050994873046875
3 0.8053385416666666 0.77685546875 0.10595703125 0.0823974609375
3 0.9212239583333334 0.70166015625 0.1044921875 0.073974609375
3 0.8352864583333334 0.65087890625 0.09651692708333333 0.06695556640625
3 0.7623697916666666 0.6015625 0.090576171875 0.061431884765625
5 0.5813802083333334 0.350830078125 0.07307942708333333 0.05450439453125
5 0.5804036458333334 0.5849609375 0.095458984375 0.06756591796875
3 0.5374348958333334 0.73388671875 0.10481770833333333 0.0738525390625
3 0.724609375 0.71875 0.09757486979166667 0.07208251953125
5 0.337890625 0.59521484375 0.10262044270833333 0.05059814453125
5 0.6630859375 0.35107421875 0.0748291015625 0.0548095703125
1 0.4420572916666667 0.640625 0.056315104166666664 0.05780029296875
5 0.6783854166666666 0.51953125 0.088623046875 0.0701904296875
5 0.583984375 0.5224609375 0.089111328125 0.06817626953125
5 0.6692708333333334 0.405029296875 0.08296712239583333 0.05889892578125