4 0.6077236378685703 0.1821845441006989 0.0790676982211928 0.05058734992014783
3 0.5325520833333334 0.751953125 0.10319010416666667 0.052337646484375
3 0.6614583333333334 0.71923828125 0.10115559895833333 0.04986572265625
4 0.5149739583333334 0.58984375 0.0560302734375 0.06756591796875
3 0.6389973958333334 0.65380859375 0.09879557291666667 0.048309326171875
0 0.4290364583333333 0.5283203125 0.08113606770833333 0.0894775390625
3 0.5576171875 0.81787109375 0.107177734375 0.0567626953125
3 0.69140625 0.7841796875 0.102783203125 0.053497314453125
3 0.7669270833333334 0.62451171875 0.10042317708333333 0.0457763671875
3 0.5055338541666666 0.68359375 0.10221354166666667 0.0517578125
3 0.7890625 0.68701171875 0.10042317708333333 0.047943115234375
5 0.3307291666666667 0.60546875 0.085693359375 0.09979248046875
4 0.5543619791666666 0.349365234375 0.094970703125 0.06982421875
5 0.23453776041666666 0.640625 0.09090169270833333 0.10052490234375
4 0.6481119791666666 0.228515625 0.08512369791666667 0.060516357421875
3 0.81640625 0.7529296875 0.10595703125 0.052032470703125
3 0.9407552083333334 0.72021484375 0.10408528645833333 0.04931640625
5 0.18001302083333334 0.56494140625 0.08732096354166667 0.0982666015625
3 0.6103515625 0.50634765625 0.095947265625 0.0482177734375
3 0.9140625 0.658203125 0.09912109375 0.046539306640625
0 0.3642578125 0.41064453125 0.10001627604166667 0.07318115234375
5 0.4742838541666667 0.474853515625 0.095947265625 0.06744384765625
5 0.126708984375 0.484619140625 0.089111328125 0.0970458984375
5 0.22249348958333334 0.4501953125 0.08341471354166667 0.09417724609375
5 0.16910807291666666 0.371337890625 0.08447265625 0.09552001953125
5 0.275390625 0.52783203125 0.08235677083333333 0.09466552734375
5 0.2900390625 0.7255859375 0.08797200520833333 0.10687255859375
4 0.5065104166666666 0.309326171875 0.09440104166666667 0.0699462890625
4 0.5983072916666666 0.39111328125 0.09822591145833333 0.06805419921875
4 0.4622395833333333 0.268310546875 0.09440104166666667 0.06982421875
1 0.5550130208333334 0.59765625 0.051676432291666664 0.049957275390625
4 0.7337239583333334 0.30859375 0.09375 0.06805419921875
2 0.4049479166666667 0.313232421875 0.07499186197916667 0.0582275390625
4 0.6484375 0.43115234375 0.09611002604166667 0.06585693359375
5 0.0709228515625 0.402099609375 0.08699544270833333 0.09808349609375
4 0.6946614583333334 0.27001953125 0.08447265625 0.062225341796875
1 0.8203125 0.4912109375 0.061848958333333336 0.0411376953125