4 0.23876984126984127 0.6591790674603174 0.05529761904761905 0.07574404761904761
4 0.4378240740740741 0.62109375 0.06148148148148148 0.07861359126984127
5 0.4166666666666667 0.48364335317460316 0.0947255291005291 0.04147321428571429
4 0.3046891534391534 0.6474603174603174 0.061970899470899475 0.07922371031746032
4 0.37141865079365083 0.6352529761904763 0.05834986772486772 0.07794146825396825
3 0.5013029100529101 0.2912599206349206 0.08235780423280424 0.04492311507936508
4 0.47493386243386243 0.7597668650793651 0.06913359788359788 0.09301835317460318
4 0.5442724867724869 0.7495114087301588 0.07413690476190476 0.09320188492063493
3 0.7298181216931217 0.34887648809523814 0.0899239417989418 0.046294642857142854
5 0.29606150793650793 0.46069444444444446 0.0959457671957672 0.044434523809523806
3 0.6438789682539682 0.2639161706349206 0.08813492063492064 0.04577628968253968
4 0.2615575396825397 0.8012698412698412 0.06811507936507936 0.09075892857142857
3 0.5332043650793651 0.2368154761904762 0.08479828042328043 0.04434275793650794
4 0.3323578042328042 0.7866220238095237 0.06872685185185186 0.09075892857142857
3 0.7617195767195767 0.2924801587301587 0.09440145502645504 0.04733382936507936
4 0.40234457671957674 0.7729489087301588 0.06787037037037037 0.09088045634920636
5 0.23274801587301588 0.5537103174603174 0.09952711640211641 0.04351686507936508
3 0.6123048941798942 0.31909226190476186 0.08683201058201058 0.04568452380952381
3 0.8528637566137566 0.38305555555555554 0.09578373015873015 0.048035714285714286
3 0.5810548941798942 0.37085069444444446 0.08569444444444443 0.04400545634920635
5 0.2086574074074074 0.49585069444444446 0.09952711640211641 0.04742311507936508
3 0.4690740740740741 0.34082093253968254 0.08101521164021164 0.043122519841269843
2 0.6451818783068783 0.6440426587301588 0.055502645502645505 0.06561259920634921
5 0.32747354497354497 0.5205084325396826 0.0987962962962963 0.04345734126984127
5 0.3841137566137566 0.42871031746031746 0.0959457671957672 0.037323908730158735
5 0.5110681216931217 0.45288194444444446 0.09358796296296296 0.04272569444444445
3 0.6992195767195767 0.40210069444444446 0.09073743386243385 0.04394593253968254
5 0.11344246031746032 0.5268551587301588 0.10131944444444443 0.04553323412698413
0 0.7018220899470899 0.8071279761904763 0.09741071428571428 0.09893849206349206
3 0.8229166666666666 0.4353025793650794 0.09700396825396825 0.04568452380952381
5 0.14054232804232805 0.5874032738095237 0.1057936507936508 0.04351686507936508
3 0.7473974867724869 0.5053720238095238 0.06835978835978836 0.0647594246031746
0 0.8111970899470899 0.7006845238095237 0.0733234126984127 0.0960094246031746
4 0.7063789682539683 0.5673834325396826 0.07161375661375662 0.06549107142857143
5 0.8925793650793651 0.5283209325396826 0.055095899470899476 0.08135912698412699
1 0.6660152116402116 0.6865228174603174 0.05517526455026455 0.05718998015873016
1 0.6387797619047619 0.5109126984126984 0.05180886243386243 0.03968253968253968