0 0.48209656084656083 0.4982911706349206 0.11067791005291006 0.05349702380952381
3 0.7239583333333334 0.38745039682539684 0.059570105820105815 0.06536954365079364
4 0.6422519841269841 0.640625 0.08374007936507936 0.04321180555555555
2 0.30419973544973544 0.4865724206349206 0.07649801587301587 0.040984623015873016
5 0.17496693121693122 0.62890625 0.05090277777777778 0.08251984126984127
3 0.7643220899470899 0.46752976190476186 0.06636574074074074 0.06793154761904761
3 0.8059887566137566 0.5532217261904763 0.07214285714285715 0.07287698412698412
3 0.8834623015873017 0.5327157738095237 0.07482804232804233 0.07226686507936508
3 0.6888029100529101 0.4821775793650794 0.057374338624338626 0.06756696428571429
3 0.8007804232804233 0.36816468253968254 0.062417328042328045 0.06359871031746032
4 0.3209623015873016 0.28369047619047616 0.06787037037037037 0.06817708333333333
3 0.7708333333333334 0.6596676587301588 0.07067791005291005 0.07806299603174603
3 0.8483068783068783 0.6425793650793651 0.07751322751322752 0.07946676587301588
5 0.45637896825396823 0.5493154761904763 0.04313161375661376 0.07397569444444443
3 0.5793518518518519 0.5659176587301588 0.0909160052910053 0.02893105158730159
0 0.3395171957671958 0.5410168650793651 0.07527777777777778 0.06793154761904761
4 0.39778769841269845 0.3767088293650794 0.07401455026455027 0.07006944444444443
3 0.7298181216931217 0.5698239087301588 0.06799272486772487 0.07409722222222222
4 0.45442791005291006 0.35571180555555554 0.07291666666666667 0.06781001984126984
4 0.34147156084656083 0.40087797619047616 0.07214285714285715 0.06927579365079364
5 0.24983796296296296 0.5825198412698412 0.046507936507936505 0.07641617063492064
4 0.3730456349206349 0.2622073412698413 0.06787037037037037 0.06671130952380953
5 0.24658068783068782 0.6928720238095237 0.05273478835978836 0.08526537698412699
5 0.46582010582010586 0.8959970238095237 0.04801587301587301 0.10302827380952381
3 0.8424470899470899 0.44897569444444446 0.06539021164021164 0.06732142857142857
5 0.32014880952380953 0.6435540674603174 0.0508234126984127 0.08050595238095239
5 0.3909490740740741 0.8251959325396826 0.052083333333333336 0.10070684523809524
3 0.6523445767195767 0.40087797619047616 0.05423941798941799 0.06335565476190476
5 0.4641931216931217 0.7675793650793651 0.04801587301587301 0.09320188492063493
4 0.2659490740740741 0.3046875 0.06673280423280424 0.06793154761904761
5 0.38997354497354497 0.7055654761904763 0.04931547619047619 0.08496031746031746
5 0.31721891534391533 0.7558606150793651 0.048379629629629634 0.08911210317460318
1 0.41015542328042326 0.5844717261904763 0.05847222222222222 0.034241071428571426
4 0.21126322751322751 0.32446180555555554 0.06888888888888889 0.07330357142857143
1 0.5247387566137566 0.44897569444444446 0.06721891534391534 0.03979414682539682
4 0.28303902116402113 0.4201661706349206 0.07279431216931216 0.07006944444444443
4 0.15299603174603174 0.34399305555555554 0.0733234126984127 0.07208333333333333