3 0.7711640211640212 0.4973958333333333 0.06415343915343916 0.06473214285714286
3 0.7334656084656085 0.4243551587301587 0.05886243386243386 0.06001984126984127
3 0.6608796296296297 0.435515873015873 0.05324074074074074 0.05853174603174603
3 0.7693452380952381 0.3427579365079365 0.05588624338624339 0.05704365079365079
3 0.8138227513227513 0.5777529761904762 0.07142857142857142 0.07118055555555555
3 0.8500330687830688 0.4801587301587302 0.06779100529100529 0.06845238095238096
3 0.6951058201058201 0.509796626984127 0.056878306878306875 0.06374007936507936
3 0.8955026455026455 0.5611359126984127 0.07407407407407407 0.07415674603174603
3 0.732308201058201 0.5923859126984127 0.06382275132275132 0.07068452380952381
3 0.6985780423280423 0.35813492063492064 0.05257936507936508 0.05555555555555555
4 0.5940806878306878 0.6150793650793651 0.08564814814814815 0.046130952380952384
3 0.8077050264550265 0.4079861111111111 0.06117724867724868 0.06299603174603174
0 0.48032407407407407 0.640625 0.09689153439153439 0.04563492063492063
0 0.45436507936507936 0.7523561507936508 0.057539682539682536 0.09796626984126984
5 0.6283068783068783 0.6941964285714286 0.04034391534391534 0.08581349206349206
1 0.5211640211640212 0.6902281746031746 0.042328042328042326 0.04861111111111111
4 0.34937169312169314 0.5193452380952381 0.08961640211640212 0.037698412698412696
4 0.3541666666666667 0.6106150793650794 0.09457671957671958 0.034722222222222224
2 0.45205026455026454 0.6081349206349206 0.052248677248677246 0.05555555555555555
4 0.19659391534391535 0.5400545634920635 0.09292328042328042 0.03546626984126984
4 0.35367063492063494 0.6557539682539683 0.09093915343915344 0.034722222222222224
4 0.19411375661375663 0.6267361111111112 0.09788359788359788 0.03670634920634921
3 0.5504563492063492 0.53125 0.08129960317460318 0.031205357142857142
4 0.3551421957671958 0.5639657738095237 0.09806216931216932 0.037901785714285714
4 0.1966137566137566 0.5815426587301588 0.10042328042328043 0.037596726190476194
4 0.19026785714285716 0.6762698412698412 0.10750330687830686 0.0394890873015873
1 0.45247354497354497 0.5346676587301588 0.0362962962962963 0.03942956349206349
4 0.18082671957671959 0.7246106150793651 0.10636243386243385 0.04428075396825397