4 0.12361653645833333 0.466064453125 0.10538736979166667 0.03460693359375
4 0.24755859375 0.62451171875 0.10026041666666667 0.035614013671875
3 0.4856770833333333 0.333740234375 0.08414713541666667 0.042877197265625
3 0.4593098958333333 0.38427734375 0.08430989583333333 0.042816162109375
3 0.5133463541666666 0.278564453125 0.08463541666666667 0.044097900390625
0 0.4215494791666667 0.662109375 0.10888671875 0.033477783203125
3 0.6875 0.44189453125 0.09375 0.044189453125
5 0.5266927083333334 0.734375 0.09326171875 0.06903076171875
3 0.5716145833333334 0.4130859375 0.08829752604166667 0.044769287109375
0 0.4645182291666667 0.5458984375 0.101318359375 0.060760498046875
5 0.6435546875 0.80224609375 0.10579427083333333 0.07305908203125
3 0.5983072916666666 0.3603515625 0.08992513020833333 0.044097900390625
5 0.421875 0.8203125 0.09716796875 0.06951904296875
3 0.7141927083333334 0.3876953125 0.09407552083333333 0.045013427734375
3 0.8346354166666666 0.418212890625 0.10148111979166667 0.046905517578125
5 0.6409505208333334 0.7294921875 0.1005859375 0.06793212890625
5 0.759765625 0.79931640625 0.11124674479166667 0.0738525390625
5 0.880859375 0.79541015625 0.10970052083333333 0.07501220703125
5 0.5042317708333334 0.59521484375 0.08829752604166667 0.06500244140625
5 0.4153645833333333 0.74365234375 0.095947265625 0.06903076171875
3 0.810546875 0.471435546875 0.09757486979166667 0.044342041015625
1 0.5172526041666666 0.6455078125 0.06416829427083333 0.039947509765625
5 0.7447916666666666 0.7197265625 0.09684244791666667 0.06634521484375
3 0.5979817708333334 0.5302734375 0.07132975260416667 0.060302734375
4 0.08699544270833333 0.6083984375 0.10791015625 0.040252685546875
5 0.5361328125 0.81298828125 0.11043294270833333 0.07989501953125
4 0.2814127604166667 0.476806640625 0.10115559895833333 0.037689208984375
3 0.6256510416666666 0.304931640625 0.091552734375 0.0472412109375
4 0.2722981770833333 0.5234375 0.10188802083333333 0.03607177734375
1 0.431640625 0.49072265625 0.060791015625 0.036346435546875
4 0.06949869791666667 0.65869140625 0.11002604166666667 0.041473388671875
4 0.113037109375 0.51318359375 0.10465494791666667 0.03515625
2 0.3450520833333333 0.65234375 0.044108072916666664 0.06292724609375
4 0.099853515625 0.56103515625 0.10465494791666667 0.0384521484375
3 0.7408854166666666 0.331787109375 0.097412109375 0.047882080078125
4 0.2599283854166667 0.57470703125 0.095947265625 0.0323486328125
4 0.7154947916666666 0.53857421875 0.053466796875 0.06536865234375