4 0.3084309895833333 0.6748046875 0.07706705729166667 0.06085205078125
1 0.447265625 0.626953125 0.043782552083333336 0.048309326171875
3 0.23046875 0.326171875 0.08512369791666667 0.042816162109375
3 0.3694661458333333 0.35009765625 0.08544921875 0.043212890625
3 0.4658203125 0.5419921875 0.0482177734375 0.06610107421875
2 0.2679036458333333 0.52392578125 0.044962565104166664 0.05633544921875
3 0.14656575520833334 0.409423828125 0.09090169270833333 0.04351806640625
3 0.3414713541666667 0.296875 0.08601888020833333 0.042877197265625
3 0.1201171875 0.355224609375 0.08894856770833333 0.044189453125
0 0.3551432291666667 0.59765625 0.07413736979166667 0.0703125
3 0.16829427083333334 0.4599609375 0.091064453125 0.043701171875
5 0.3977864583333333 0.57763671875 0.09285481770833333 0.06427001953125
3 0.2810872395833333 0.43017578125 0.087158203125 0.04248046875
4 0.5387369791666666 0.51123046875 0.079833984375 0.045196533203125
4 0.4228515625 0.9326171875 0.07722981770833333 0.07080078125
3 0.25732421875 0.37890625 0.088623046875 0.042083740234375
3 0.3929036458333333 0.400390625 0.08601888020833333 0.04217529296875
4 0.421875 0.74072265625 0.07539876302083333 0.06658935546875
0 0.3655598958333333 0.5322265625 0.11824544270833333 0.043121337890625
4 0.1962890625 0.79638671875 0.07820638020833333 0.07171630859375
5 0.7057291666666666 0.54541015625 0.10205078125 0.07159423828125
5 0.6116536458333334 0.54248046875 0.09757486979166667 0.06695556640625
5 0.7220052083333334 0.325927734375 0.09041341145833333 0.06756591796875
3 0.4781901041666667 0.3212890625 0.087646484375 0.042877197265625
5 0.6243489583333334 0.4658203125 0.09220377604166667 0.06573486328125
5 0.712890625 0.39892578125 0.094970703125 0.06597900390625
5 0.7063802083333334 0.62548828125 0.09773763020833333 0.07611083984375
4 0.3704427083333333 0.892578125 0.09423828125 0.08868408203125
3 0.5035807291666666 0.3701171875 0.0849609375 0.041839599609375
5 0.708984375 0.471923828125 0.09822591145833333 0.06707763671875
4 0.3097330729166667 0.859375 0.08390299479166667 0.07598876953125
5 0.6263020833333334 0.394775390625 0.09456380208333333 0.06695556640625
5 0.6097005208333334 0.61962890625 0.099853515625 0.07196044921875
4 0.4755859375 0.77490234375 0.07198079427083333 0.06817626953125
4 0.2548828125 0.82470703125 0.07865397135416667 0.07421875
4 0.3597005208333333 0.7080078125 0.068603515625 0.059326171875
1 0.3968098958333333 0.46142578125 0.0631103515625 0.030670166015625