5 0.84375 0.58447265625 0.08699544270833333 0.07696533203125
5 0.9075520833333334 0.497314453125 0.087158203125 0.07501220703125
5 0.8131510416666666 0.428955078125 0.08634440104166667 0.0755615234375
5 0.8313802083333334 0.50634765625 0.08430989583333333 0.07763671875
5 0.9270833333333334 0.5703125 0.09041341145833333 0.0775146484375
5 0.865234375 0.66064453125 0.086181640625 0.079345703125
3 0.3626302083333333 0.5341796875 0.087646484375 0.07861328125
3 0.4143880208333333 0.321044921875 0.081298828125 0.0775146484375
5 0.8046875 0.3505859375 0.08943684895833333 0.07879638671875
5 0.8932291666666666 0.419677734375 0.08894856770833333 0.0723876953125
3 0.279296875 0.5029296875 0.09025065104166667 0.08062744140625
3 0.19059244791666666 0.466552734375 0.09236653645833333 0.08447265625
3 0.11531575520833333 0.5654296875 0.097412109375 0.08331298828125
3 0.20686848958333334 0.59814453125 0.092041015625 0.08123779296875
4 0.5198567708333334 0.78466796875 0.09806315104166667 0.049041748046875
4 0.4967447916666667 0.72314453125 0.10677083333333333 0.058990478515625
5 0.94921875 0.64599609375 0.08927408854166667 0.0782470703125
3 0.4915364583333333 0.3544921875 0.07792154947916667 0.0792236328125
3 0.2931315104166667 0.6318359375 0.08732096354166667 0.07781982421875
3 0.3466796875 0.41162109375 0.08634440104166667 0.08154296875
3 0.4290364583333333 0.4453125 0.08357747395833333 0.07977294921875
5 0.8841145833333334 0.34521484375 0.0745849609375 0.06732177734375
4 0.6751302083333334 0.6845703125 0.08296712239583333 0.038177490234375
4 0.7447916666666666 0.89013671875 0.085693359375 0.046722412109375
4 0.5413411458333334 0.83642578125 0.09269205729166667 0.050994873046875
4 0.701171875 0.77978515625 0.10636393229166667 0.05718994140625
3 0.26220703125 0.373046875 0.08992513020833333 0.08135986328125
0 0.20524088541666666 0.86376953125 0.15120442708333334 0.0618896484375
4 0.5543619791666666 0.8828125 0.11490885416666667 0.06805419921875
3 0.3328450520833333 0.282470703125 0.08561197916666667 0.080810546875
4 0.7174479166666666 0.83203125 0.10221354166666667 0.056243896484375
4 0.5755208333333334 0.943359375 0.09684244791666667 0.053985595703125
0 0.22867838541666666 0.7919921875 0.12760416666666666 0.04779052734375
4 0.6861979166666666 0.72998046875 0.10538736979166667 0.05560302734375
1 0.6165364583333334 0.380615234375 0.0638427734375 0.0411376953125
1 0.6608072916666666 0.33447265625 0.06624348958333333 0.0384521484375
2 0.740234375 0.56396484375 0.0523681640625 0.056854248046875