1 0.7011706349206349 0.5185540674603174 0.05436177248677248 0.04968253968253968
0 0.7402347883597883 0.45336805555555554 0.07348544973544974 0.0803844246031746
3 0.48079365079365083 0.71484375 0.0975760582010582 0.0629265873015873
5 0.8229166666666666 0.6489260912698412 0.12581349206349204 0.058013392857142854
4 0.47167989417989414 0.36010664682539684 0.10294642857142858 0.05987599206349206
3 0.31754629629629627 0.7114260912698412 0.09684193121693123 0.06384176587301588
3 0.3769543650793651 0.83203125 0.10042328042328043 0.06744295634920636
5 0.7350264550264549 0.6162103174603174 0.11694444444444443 0.053802083333333334
3 0.48600198412698414 0.8901364087301588 0.0987962962962963 0.06982390873015873
3 0.43033730158730155 0.7709970238095237 0.09936507936507936 0.06561259920634921
3 0.5888657407407407 0.7739260912698412 0.0975760582010582 0.06359871031746032
4 0.3613293650793651 0.49926835317460316 0.10392195767195767 0.0606374007936508
5 0.6868485449735451 0.6972668650793651 0.11507275132275133 0.05541914682539682
2 0.6305324074074075 0.40258680555555554 0.08544973544973544 0.031143353174603174
3 0.6494146825396825 0.88671875 0.09863425925925925 0.06732142857142857
5 0.8743485449735451 0.39453125 0.12101190476190476 0.05529761904761905
1 0.5807308201058201 0.6582043650793651 0.052367724867724876 0.04321180555555555
3 0.3707671957671958 0.6577157738095237 0.09358796296296296 0.060761408730158735
3 0.5996097883597884 0.94921875 0.10042328042328043 0.0699454365079365
5 0.9453141534391535 0.42553819444444446 0.10538690476190476 0.053802083333333334
3 0.5384126984126985 0.828125 0.09741071428571428 0.06524553571428571
5 0.6132804232804233 0.34692460317460316 0.04050595238095238 0.08251984126984127
0 0.5843088624338625 0.5009771825396826 0.0851223544973545 0.07611111111111112
5 0.7838558201058201 0.5415029761904763 0.12207010582010581 0.05749503968253968
5 0.8255224867724869 0.46850694444444446 0.11881613756613757 0.05572420634920635
4 0.31624338624338627 0.29028273809523814 0.1057936507936508 0.06335565476190476
4 0.5107407407407407 0.31176835317460316 0.09952711640211641 0.05996775793650794
3 0.5432936507936508 0.6005853174603174 0.06404761904761905 0.06829861111111112
4 0.2792956349206349 0.33618055555555554 0.1057936507936508 0.06384176587301588
3 0.6946626984126983 0.8300793650793651 0.0959457671957672 0.06695436507936507
4 0.2006845238095238 0.42480406746031746 0.10335317460317461 0.06304811507936509
5 0.9114583333333334 0.49926835317460316 0.11987433862433862 0.051453373015873015
4 0.4384755291005291 0.40527281746031746 0.1048181216931217 0.06152281746031746
4 0.2394212962962963 0.3811036706349206 0.10636243386243385 0.06311011904761905
5 0.8671891534391535 0.5732415674603174 0.12581349206349204 0.057921626984126985
4 0.4007175925925926 0.4509275793650794 0.10351521164021163 0.05996775793650794
4 0.6435548941798942 0.5688467261904763 0.07413690476190476 0.060302579365079365