3 0.21370442708333334 0.31494140625 0.043050130208333336 0.054901123046875
3 0.3522135416666667 0.293701171875 0.0439453125 0.05560302734375
3 0.3162434895833333 0.449951171875 0.048380533854166664 0.063720703125
3 0.22591145833333334 0.3837890625 0.044881184895833336 0.05865478515625
3 0.2529296875 0.541015625 0.050048828125 0.06732177734375
3 0.2830403645833333 0.307373046875 0.04248046875 0.0535888671875
3 0.3365885416666667 0.5302734375 0.051595052083333336 0.06829833984375
4 0.4345703125 0.802734375 0.0684814453125 0.10089111328125
4 0.4850260416666667 0.642578125 0.051595052083333336 0.07904052734375
3 0.4130859375 0.5166015625 0.050130208333333336 0.06671142578125
4 0.3580729166666667 0.81103515625 0.06673177083333333 0.10125732421875
4 0.5113932291666666 0.794921875 0.06925455729166667 0.1015625
3 0.29833984375 0.37548828125 0.0452880859375 0.058563232421875
3 0.23974609375 0.458984375 0.047119140625 0.06231689453125
3 0.3916015625 0.43505859375 0.047322591145833336 0.06243896484375
4 0.20182291666666666 0.826171875 0.06660970052083333 0.10174560546875
3 0.3714192708333333 0.361328125 0.047119140625 0.060302734375
4 0.2775065104166667 0.81787109375 0.06660970052083333 0.10302734375
4 0.2744140625 0.6669921875 0.059366861979166664 0.08416748046875
4 0.19596354166666666 0.66943359375 0.047648111979166664 0.07574462890625
2 0.8424479166666666 0.82958984375 0.0513916015625 0.08270263671875
5 0.4521484375 0.19287109375 0.07779947916666667 0.06744384765625
4 0.4156901041666667 0.65185546875 0.0611572265625 0.08404541015625
4 0.3463541666666667 0.6591796875 0.06103515625 0.08599853515625
5 0.498046875 0.30029296875 0.07596842447916667 0.06951904296875
5 0.5296223958333334 0.1829833984375 0.07161458333333333 0.06658935546875
0 0.8098958333333334 0.71240234375 0.061971028645833336 0.09466552734375
5 0.4716796875 0.248046875 0.07470703125 0.06536865234375
5 0.5227864583333334 0.358642578125 0.081298828125 0.073974609375
5 0.5511067708333334 0.235107421875 0.07442220052083333 0.06610107421875
5 0.6285807291666666 0.4013671875 0.08158365885416667 0.07861328125
5 0.5462239583333334 0.41748046875 0.08528645833333333 0.07891845703125
5 0.5732421875 0.287109375 0.0748291015625 0.06768798828125
0 0.9016927083333334 0.70166015625 0.06648763020833333 0.093994140625
5 0.5989583333333334 0.344970703125 0.08146158854166667 0.07464599609375
1 0.6653645833333334 0.5439453125 0.044718424479166664 0.049041748046875
1 0.58984375 0.54931640625 0.042724609375 0.05126953125