3 0.7719907407407407 0.5125248015873016 0.05257936507936508 0.061755952380952384
3 0.91005291005291 0.6685267857142857 0.057539682539682536 0.06870039682539683
3 0.8113425925925926 0.42931547619047616 0.049933862433862435 0.059027777777777776
3 0.8738425925925926 0.5837053571428571 0.05588624338624339 0.0662202380952381
3 0.7367724867724867 0.6010664682539683 0.05357142857142857 0.06572420634920635
3 0.8047288359788359 0.5933779761904762 0.0539021164021164 0.06473214285714286
3 0.7686838624338624 0.6898561507936508 0.054563492063492064 0.06969246031746032
3 0.8420965608465608 0.5035962301587301 0.0539021164021164 0.061755952380952384
3 0.7068452380952381 0.5183531746031746 0.05191798941798942 0.061507936507936505
4 0.5269510582010583 0.5704365079365079 0.0763888888888889 0.042162698412698416
3 0.8379629629629629 0.6796875 0.056878306878306875 0.06969246031746032
0 0.445271164021164 0.5199652777777778 0.0882936507936508 0.04935515873015873
3 0.5982142857142857 0.5052083333333334 0.06415343915343916 0.0496031746031746
4 0.3368055555555556 0.404265873015873 0.05720899470899471 0.06448412698412699
5 0.4652777777777778 0.6279761904761905 0.08928571428571429 0.052083333333333336
0 0.3253968253968254 0.5595238095238095 0.10119047619047619 0.046130952380952384
3 0.5907738095238095 0.6408730158730159 0.059854497354497355 0.06498015873015874
4 0.28488756613756616 0.3108878968253968 0.05588624338624339 0.06274801587301587
4 0.33796296296296297 0.29712301587301587 0.056878306878306875 0.06101190476190476
4 0.3951719576719577 0.3913690476190476 0.05886243386243386 0.06498015873015874
4 0.2273478835978836 0.3229166666666667 0.054563492063492064 0.061507936507936505
1 0.4138558201058201 0.5652281746031746 0.05787037037037037 0.028769841269841268
4 0.4494047619047619 0.3767361111111111 0.0582010582010582 0.06398809523809523
2 0.4623015873015873 0.48722718253968256 0.07142857142857142 0.029017857142857144
4 0.3898809523809524 0.28509424603174605 0.052248677248677246 0.05828373015873016
4 0.17063492063492064 0.3343253968253968 0.056878306878306875 0.062003968253968256
1 0.5484457671957672 0.4677579365079365 0.04398148148148148 0.030257936507936508
4 0.38712632275132275 0.47337549603174606 0.08108134920634921 0.040540674603174606