3 0.341796875 0.400390625 0.10888671875 0.040985107421875
3 0.4684244791666667 0.257080078125 0.112060546875 0.04486083984375
3 0.6259765625 0.3818359375 0.10831705729166667 0.042083740234375
3 0.4840494791666667 0.390380859375 0.10791015625 0.040008544921875
3 0.3269856770833333 0.265380859375 0.10774739583333333 0.0439453125
3 0.3372395833333333 0.334716796875 0.11165364583333333 0.044525146484375
3 0.7688802083333334 0.370849609375 0.10847981770833333 0.038970947265625
4 0.13330078125 0.66357421875 0.129150390625 0.06768798828125
4 0.353515625 0.66748046875 0.12337239583333333 0.06396484375
1 0.4248046875 0.54150390625 0.0611572265625 0.0455322265625
4 0.20849609375 0.8388671875 0.12687174479166666 0.07122802734375
3 0.7571614583333334 0.304443359375 0.10734049479166667 0.039703369140625
4 0.18440755208333334 0.7783203125 0.129638671875 0.0703125
4 0.10807291666666667 0.6083984375 0.12939453125 0.06488037109375
4 0.3255208333333333 0.60888671875 0.120361328125 0.06427001953125
4 0.15958658854166666 0.7177734375 0.13330078125 0.0709228515625
4 0.4078776041666667 0.783203125 0.123779296875 0.06671142578125
4 0.3785807291666667 0.724609375 0.12337239583333333 0.06536865234375
3 0.6064453125 0.247802734375 0.10872395833333333 0.044921875
1 0.484375 0.492431640625 0.06746419270833333 0.042633056640625
4 0.29833984375 0.55419921875 0.1201171875 0.05975341796875
0 0.7018229166666666 0.479736328125 0.11222330729166667 0.06280517578125
3 0.4768880208333333 0.326904296875 0.113037109375 0.04486083984375
5 0.77734375 0.75390625 0.13053385416666666 0.05023193359375
5 0.748046875 0.6337890625 0.13077799479166666 0.046905517578125
5 0.7122395833333334 0.8408203125 0.12337239583333333 0.0526123046875
5 0.8834635416666666 0.479736328125 0.13167317708333334 0.040771484375
5 0.9016927083333334 0.59716796875 0.12296549479166667 0.038543701171875
5 0.9517415364583334 0.52490234375 0.09651692708333333 0.03656005859375
5 0.8430989583333334 0.6767578125 0.12736002604166666 0.046478271484375
3 0.6126302083333334 0.317138671875 0.11222330729166667 0.046539306640625
3 0.7447916666666666 0.239501953125 0.11287434895833333 0.046722412109375
5 0.6171875 0.79345703125 0.12467447916666667 0.04803466796875
0 0.6526692708333334 0.53857421875 0.10465494791666667 0.05877685546875
5 0.6848958333333334 0.70947265625 0.12166341145833333 0.04132080078125
5 0.8157552083333334 0.55419921875 0.11865234375 0.04327392578125
2 0.5904947916666666 0.63330078125 0.07938639322916667 0.0638427734375