3 0.5725925925925925 0.47192460317460316 0.05989748677248677 0.07684275793650794
3 0.3769543650793651 0.39721726190476186 0.05834986772486772 0.0719593253968254
3 0.5139980158730159 0.5830084325396826 0.060261243386243384 0.07641617063492064
3 0.4016931216931217 0.4941418650793651 0.06001653439153439 0.07434027777777778
3 0.4886078042328042 0.48364335317460316 0.05924603174603175 0.07611111111111112
3 0.5481779100529101 0.37768601190476186 0.060261243386243384 0.07208333333333333
3 0.44042989417989414 0.2949231150793651 0.05423941798941799 0.07238839285714285
3 0.5996097883597884 0.5698239087301588 0.06514550264550265 0.07904017857142857
3 0.5205092592592593 0.28198164682539684 0.05224537037037037 0.07183779761904761
3 0.4632175925925926 0.38793898809523814 0.06091269841269841 0.07367063492063493
4 0.11108465608465609 0.55859375 0.12076719576719576 0.05185019841269841
5 0.4794907407407408 0.6997073412698412 0.05004960317460317 0.09057539682539682
5 0.7220039682539683 0.4145510912698413 0.07694444444444444 0.08154265873015873
5 0.8098974867724869 0.39379960317460316 0.08683201058201058 0.08868303571428571
5 0.8580720899470899 0.46997023809523814 0.0841468253968254 0.08496031746031746
4 0.09846891534391534 0.5053720238095238 0.1211739417989418 0.05203125
1 0.6207671957671957 0.6928720238095237 0.05794312169312169 0.03881944444444445
4 0.29508597883597887 0.5317385912698412 0.11409391534391534 0.05261160714285714
1 0.531901455026455 0.7192385912698412 0.06823743386243386 0.04968253968253968
3 0.42252645502645503 0.5942385912698412 0.0634755291005291 0.07751488095238096
5 0.8040376984126983 0.5703125 0.08927248677248677 0.0925297619047619
4 0.28141203703703704 0.47753968253968254 0.11181547619047619 0.051666666666666666
4 0.2672519841269841 0.42334077380952384 0.11181547619047619 0.04821676587301587
0 0.7115873015873017 0.6972668650793651 0.09863425925925925 0.07367063492063493
5 0.7610681216931217 0.49365327380952384 0.08683201058201058 0.08990575396825397
4 0.12207010582010581 0.6118154761904763 0.1211739417989418 0.05108630952380952
4 0.3064781746031746 0.5844717261904763 0.11466600529100529 0.05331349206349206
2 0.546223544973545 0.6596676587301588 0.07938492063492064 0.053008432539682536
5 0.9016931216931217 0.5493154761904763 0.08235780423280424 0.0863045634920635
5 0.6842460317460317 0.33520585317460316 0.06990410052910052 0.0803844246031746
4 0.3177083333333333 0.6411135912698412 0.11588624338624338 0.05185019841269841
0 0.655598544973545 0.83984375 0.13330026455026456 0.04296875
5 0.7727876984126983 0.31372023809523814 0.07552248677248677 0.07989583333333333
5 0.8567724867724869 0.6552728174603174 0.0791005291005291 0.09039186507936507
4 0.13126653439153438 0.66796875 0.12272156084656086 0.04949900793650794
4 0.7363293650793651 0.6166989087301588 0.06823743386243386 0.07275297619047619
3 0.7434325396825396 0.6784151785714285 0.09328373015873015 0.0657217261904762