5 0.798828125 0.389404296875 0.11287434895833333 0.07904052734375
3 0.5081380208333334 0.73046875 0.10538736979166667 0.048583984375
3 0.4752604166666667 0.8740234375 0.10481770833333333 0.046630859375
2 0.4807942708333333 0.390869140625 0.08113606770833333 0.04840087890625
3 0.76953125 0.841796875 0.11612955729166667 0.053009033203125
0 0.615234375 0.400390625 0.046061197916666664 0.08648681640625
5 0.43359375 0.342529296875 0.068603515625 0.08135986328125
4 0.3068033854166667 0.398193359375 0.11385091145833333 0.043365478515625
4 0.2775065104166667 0.5625 0.118408203125 0.04486083984375
3 0.62890625 0.8203125 0.10807291666666667 0.048126220703125
3 0.3557942708333333 0.77978515625 0.11124674479166667 0.0504150390625
5 0.8001302083333334 0.55908203125 0.11409505208333333 0.0810546875
5 0.6979166666666666 0.47314453125 0.10986328125 0.080810546875
5 0.6998697916666666 0.55908203125 0.10986328125 0.07891845703125
4 0.3125 0.34521484375 0.11466471354166667 0.0457763671875
4 0.12296549479166667 0.3828125 0.12141927083333333 0.043609619140625
5 0.70703125 0.302978515625 0.10831705729166667 0.08154296875
3 0.755859375 0.91748046875 0.1201171875 0.056549072265625
5 0.701171875 0.38916015625 0.10595703125 0.0794677734375
4 0.5846354166666666 0.5419921875 0.09041341145833333 0.050048828125
3 0.5068359375 0.6044921875 0.083740234375 0.061767578125
4 0.2967122395833333 0.453125 0.11287434895833333 0.04351806640625
5 0.8020833333333334 0.3056640625 0.11409505208333333 0.0802001953125
3 0.4918619791666667 0.80029296875 0.10693359375 0.04986572265625
5 0.80078125 0.475341796875 0.11222330729166667 0.07794189453125
3 0.373046875 0.712890625 0.103759765625 0.04345703125
3 0.6145833333333334 0.89599609375 0.113037109375 0.0552978515625
4 0.09236653645833333 0.54736328125 0.12443033854166667 0.045684814453125
3 0.6448567708333334 0.751953125 0.10774739583333333 0.04620361328125
4 0.2874348958333333 0.50830078125 0.11588541666666667 0.044921875
0 0.4886067708333333 0.499755859375 0.11027018229166667 0.0635986328125
4 0.10319010416666667 0.491943359375 0.121826171875 0.04443359375
5 0.6985677083333334 0.64501953125 0.11067708333333333 0.07904052734375
1 0.6097005208333334 0.4775390625 0.060343424479166664 0.0489501953125
3 0.78515625 0.77392578125 0.114501953125 0.0482177734375
1 0.5745442708333334 0.6474609375 0.0482177734375 0.053314208984375
4 0.11344401041666667 0.436767578125 0.121826171875 0.044342041015625