3 0.37890625 0.54443359375 0.09757486979166667 0.042022705078125
3 0.25732421875 0.5673828125 0.097412109375 0.042022705078125
3 0.2688802083333333 0.625 0.09635416666666667 0.042083740234375
3 0.3929036458333333 0.60205078125 0.09513346354166667 0.042572021484375
3 0.361328125 0.486572265625 0.09440104166666667 0.04302978515625
3 0.13541666666666666 0.587890625 0.09716796875 0.044586181640625
3 0.4983723958333333 0.521484375 0.0947265625 0.040924072265625
3 0.23860677083333334 0.5078125 0.0947265625 0.042877197265625
5 0.18082682291666666 0.345947265625 0.08430989583333333 0.057373046875
5 0.18798828125 0.409423828125 0.09326171875 0.060302734375
3 0.11905924479166667 0.529296875 0.09513346354166667 0.041778564453125
3 0.145751953125 0.6455078125 0.09773763020833333 0.04400634765625
5 0.08585611979166667 0.355712890625 0.09578450520833333 0.059539794921875
5 0.3795572916666667 0.3232421875 0.088134765625 0.058441162109375
1 0.20084635416666666 0.73681640625 0.061360677083333336 0.03643798828125
5 0.4723307291666667 0.31005859375 0.08797200520833333 0.056976318359375
2 0.4860026041666667 0.68994140625 0.079833984375 0.05108642578125
5 0.4833984375 0.37158203125 0.08732096354166667 0.055816650390625
5 0.2880859375 0.396484375 0.08976236979166667 0.055419921875
3 0.5169270833333334 0.58154296875 0.095947265625 0.042022705078125
5 0.2794596354166667 0.3369140625 0.09041341145833333 0.05889892578125
5 0.3854166666666667 0.385498046875 0.08894856770833333 0.0616455078125
1 0.2618815104166667 0.7001953125 0.058919270833333336 0.04046630859375
5 0.086669921875 0.417236328125 0.08601888020833333 0.0582275390625
4 0.6591796875 0.49609375 0.09700520833333333 0.0455322265625
4 0.6468098958333334 0.447265625 0.09806315104166667 0.04595947265625
4 0.69140625 0.5966796875 0.10115559895833333 0.0460205078125
4 0.8216145833333334 0.420166015625 0.113037109375 0.048492431640625
4 0.6770833333333334 0.54443359375 0.09847005208333333 0.04510498046875
4 0.8736979166666666 0.56982421875 0.1142578125 0.048858642578125
4 0.8372395833333334 0.468505859375 0.11002604166666667 0.046722412109375
4 0.8541666666666666 0.5185546875 0.11263020833333333 0.050140380859375
4 0.8932291666666666 0.62255859375 0.11775716145833333 0.050323486328125
4 0.708984375 0.6494140625 0.10506184895833333 0.044097900390625
0 0.4817708333333333 0.7841796875 0.048583984375 0.093994140625
0 0.39453125 0.78369140625 0.056315104166666664 0.1019287109375
3 0.4811197916666667 0.4619140625 0.095947265625 0.04168701171875