4 0.4820963541666667 0.259033203125 0.06416829427083333 0.07696533203125
5 0.3177083333333333 0.5537109375 0.08390299479166667 0.09234619140625
0 0.6751302083333334 0.330322265625 0.091552734375 0.081787109375
5 0.2698567708333333 0.474609375 0.08146158854166667 0.09124755859375
0 0.748046875 0.365234375 0.08878580729166667 0.079345703125
5 0.2737630208333333 0.66650390625 0.09122721354166667 0.1026611328125
4 0.4176432291666667 0.151123046875 0.061604817708333336 0.07489013671875
5 0.3694661458333333 0.6318359375 0.08251953125 0.09857177734375
5 0.4182942708333333 0.71533203125 0.08561197916666667 0.10302734375
4 0.3570963541666667 0.1693115234375 0.06453450520833333 0.073974609375
3 0.6162109375 0.452880859375 0.0723876953125 0.07421875
4 0.23274739583333334 0.2047119140625 0.06278483072916667 0.0738525390625
5 0.3248697916666667 0.7529296875 0.09269205729166667 0.10858154296875
2 0.720703125 0.467041015625 0.050130208333333336 0.06524658203125
4 0.4202473958333333 0.277587890625 0.06298828125 0.0738525390625
3 0.677734375 0.5419921875 0.07596842447916667 0.07696533203125
4 0.3538411458333333 0.2978515625 0.06551106770833333 0.0740966796875
3 0.4007161458333333 0.417236328125 0.06697591145833333 0.07135009765625
3 0.4788411458333333 0.393310546875 0.06612141927083333 0.06854248046875
5 0.224609375 0.5869140625 0.08846028645833333 0.0994873046875
3 0.5162760416666666 0.60107421875 0.06966145833333333 0.07806396484375
3 0.599609375 0.5712890625 0.07499186197916667 0.077392578125
4 0.2976888020833333 0.1884765625 0.061482747395833336 0.072509765625
5 0.17578125 0.50732421875 0.08650716145833333 0.09332275390625
3 0.5559895833333334 0.364501953125 0.06465657552083333 0.06854248046875
1 0.794921875 0.5048828125 0.0489501953125 0.052703857421875
1 0.87890625 0.50048828125 0.0482177734375 0.04913330078125
3 0.5358072916666666 0.47998046875 0.067626953125 0.072265625
3 0.45703125 0.509765625 0.07108561197916667 0.078369140625
3 0.6637369791666666 0.66748046875 0.0767822265625 0.08038330078125
5 0.3740234375 0.8427734375 0.09122721354166667 0.1171875
4 0.2926432291666667 0.31494140625 0.06978352864583333 0.07598876953125
3 0.5804036458333334 0.7001953125 0.0745849609375 0.08038330078125
3 0.7473958333333334 0.6376953125 0.079833984375 0.08050537109375
4 0.16845703125 0.219970703125 0.060262044270833336 0.0740966796875
5 0.4680989583333333 0.80517578125 0.08463541666666667 0.11126708984375
4 0.22347005208333334 0.332275390625 0.06734212239583333 0.07421875