4 0.4384920634920635 0.6277281746031746 0.1402116402116402 0.08333333333333333
4 0.5180224867724867 0.505828373015873 0.12996031746031747 0.07018849206349206
3 0.6975859788359788 0.7628968253968254 0.06911375661375661 0.11706349206349206
4 0.28174603174603174 0.5100446428571429 0.12169312169312169 0.06572420634920635
4 0.589781746031746 0.8421378968253969 0.08432539682539683 0.12078373015873016
4 0.18700396825396826 0.6223958333333334 0.12665343915343916 0.0726686507936508
3 0.7493386243386243 0.6168154761904762 0.09193121693121693 0.09275793650793651
4 0.6477864583333334 0.67626953125 0.13541666666666666 0.050140380859375
4 0.23600260416666666 0.56591796875 0.12874348958333334 0.0726318359375
4 0.12101236979166667 0.677734375 0.12052408854166667 0.06634521484375
4 0.3258463541666667 0.458740234375 0.12467447916666667 0.06304931640625
4 0.4830729166666667 0.56396484375 0.13688151041666666 0.0726318359375