2 0.8364748677248677 0.4949156746031746 0.08234126984126984 0.04935515873015873
0 0.7807539682539683 0.6103670634920635 0.1164021164021164 0.052083333333333336
3 0.4150132275132275 0.8922371031746031 0.09788359788359788 0.05679563492063492
4 0.5934193121693122 0.6886160714285714 0.07242063492063493 0.08606150793650794
3 0.5428240740740741 0.9286954365079365 0.10152116402116403 0.05927579365079365
4 0.3353174603174603 0.6202876984126984 0.07275132275132275 0.08134920634920635
3 0.179728835978836 0.8235367063492064 0.0916005291005291 0.051835317460317464
5 0.29894179894179895 0.3767361111111111 0.08333333333333333 0.07787698412698413
3 0.58994708994709 0.7950148809523809 0.10052910052910052 0.051835317460317464
3 0.5669642857142857 0.8587549603174603 0.10152116402116403 0.05679563492063492
5 0.3958333333333333 0.39558531746031744 0.0787037037037037 0.07787698412698413
0 0.8118386243386243 0.5483630952380952 0.11574074074074074 0.04861111111111111
3 0.43915343915343913 0.8266369047619048 0.0958994708994709 0.051587301587301584
4 0.5805224867724867 0.5404265873015873 0.06646825396825397 0.07886904761904762
5 0.492228835978836 0.41108630952380953 0.08167989417989419 0.07713293650793651
3 0.46279761904761907 0.7620287698412699 0.09623015873015874 0.04985119047619048
1 0.7757936507936508 0.7775297619047619 0.07407407407407407 0.036210317460317464
3 0.20601851851851852 0.7628968253968254 0.08994708994708994 0.04811507936507937
3 0.22784391534391535 0.7016369047619048 0.09060846560846561 0.046130952380952384
3 0.2941468253968254 0.8565228174603174 0.09424603174603174 0.05233134920634921
5 0.5922619047619048 0.4262152777777778 0.08267195767195767 0.07961309523809523
3 0.31977513227513227 0.7935267857142857 0.09193121693121693 0.048859126984126984
3 0.34242724867724866 0.7315228174603174 0.09358465608465609 0.047371031746031744
4 0.3890542328042328 0.49714781746031744 0.06712962962962964 0.07465277777777778
4 0.4546957671957672 0.511656746031746 0.06613756613756613 0.07242063492063493
4 0.5257936507936508 0.6703869047619048 0.06613756613756613 0.0818452380952381
5 0.6954365079365079 0.4367559523809524 0.083994708994709 0.07688492063492064
1 0.7590939153439153 0.7140376984126984 0.0710978835978836 0.036210317460317464
4 0.6458333333333334 0.5553075396825397 0.06878306878306878 0.07936507936507936
4 0.4618055555555556 0.6509176587301587 0.06845238095238096 0.08110119047619048
4 0.5170304232804233 0.5267857142857143 0.06646825396825397 0.0763888888888889
4 0.3984375 0.63427734375 0.0745849609375 0.081787109375
5 0.3238932291666667 0.318603515625 0.08219401041666667 0.07989501953125
5 0.7213541666666666 0.37158203125 0.09025065104166667 0.0823974609375
5 0.5113932291666666 0.34521484375 0.07173665364583333 0.06866455078125
5 0.6116536458333334 0.35693359375 0.08011881510416667 0.07275390625
5 0.419921875 0.335693359375 0.08251953125 0.08135986328125