3 0.4046223958333333 0.431396484375 0.097412109375 0.04376220703125
3 0.4918619791666667 0.295654296875 0.09375 0.044525146484375
3 0.11409505208333333 0.355712890625 0.10172526041666667 0.04193115234375
3 0.3870442708333333 0.373779296875 0.09700520833333333 0.044189453125
5 0.70703125 0.402587890625 0.08011881510416667 0.0889892578125
3 0.5091145833333334 0.353759765625 0.09513346354166667 0.044586181640625
3 0.2731119791666667 0.45263671875 0.10148111979166667 0.044586181640625
4 0.5104166666666666 0.5146484375 0.06787109375 0.08123779296875
5 0.798828125 0.3740234375 0.08634440104166667 0.09283447265625
3 0.53125 0.409912109375 0.09700520833333333 0.04400634765625
5 0.8450520833333334 0.449951171875 0.08085123697916667 0.08978271484375
3 0.3694661458333333 0.31494140625 0.09895833333333333 0.042724609375
5 0.7552083333333334 0.47607421875 0.08113606770833333 0.08978271484375
5 0.8059895833333334 0.55029296875 0.08414713541666667 0.09503173828125
3 0.24202473958333334 0.33544921875 0.09952799479166667 0.043121337890625
4 0.3766276041666667 0.53662109375 0.07198079427083333 0.08197021484375
3 0.12874348958333334 0.41552734375 0.10262044270833333 0.04559326171875
5 0.6686197916666666 0.326171875 0.058349609375 0.0794677734375
5 0.75390625 0.299072265625 0.0806884765625 0.09173583984375
4 0.2294921875 0.556640625 0.07120768229166667 0.0843505859375
4 0.4417317708333333 0.5234375 0.0523681640625 0.07183837890625
4 0.26220703125 0.69921875 0.06966145833333333 0.08770751953125
5 0.8587239583333334 0.6298828125 0.08101399739583333 0.0953369140625
4 0.4046223958333333 0.67626953125 0.0565185546875 0.0802001953125
4 0.48046875 0.662109375 0.07120768229166667 0.08978271484375
3 0.2594401041666667 0.39599609375 0.10001627604166667 0.04620361328125
5 0.953125 0.603515625 0.06722005208333333 0.08343505859375
3 0.14078776041666666 0.47412109375 0.10408528645833333 0.04400634765625
5 0.8977864583333334 0.5234375 0.06612141927083333 0.08282470703125
4 0.552734375 0.65283203125 0.0533447265625 0.07720947265625
4 0.2978515625 0.5458984375 0.0576171875 0.073974609375
4 0.3352864583333333 0.68505859375 0.06888834635416667 0.0885009765625
0 0.11287434895833333 0.83154296875 0.14729817708333334 0.05975341796875
0 0.14127604166666666 0.76025390625 0.14501953125 0.05877685546875
2 0.6643880208333334 0.845703125 0.08158365885416667 0.057281494140625
1 0.775390625 0.8291015625 0.07470703125 0.037322998046875
1 0.7545572916666666 0.76806640625 0.07637532552083333 0.036224365234375