0 0.39420634920634917 0.30200148809523814 0.11124669312169314 0.052519841269841265
3 0.5800793650793651 0.4357911706349206 0.08894841269841271 0.04534970238095238
2 0.5485019841269841 0.2250967261904762 0.05529761904761905 0.06268353174603175
3 0.5081382275132275 0.63671875 0.0963558201058201 0.03430059523809524
4 0.8450529100529101 0.32690476190476186 0.10058531746031747 0.041840277777777775
3 0.3896494708994709 0.5732415674603174 0.10172619047619048 0.03442460317460318
3 0.6380224867724869 0.58203125 0.0949702380952381 0.03302083333333333
3 0.5136706349206349 0.578125 0.09529761904761905 0.03332589285714286
4 0.8320304232804233 0.27587797619047616 0.10278439153439153 0.04272569444444445
3 0.75 0.6450198412698412 0.09358796296296296 0.03283730158730159
0 0.3958333333333333 0.42504960317460316 0.046875 0.08569444444444443
4 0.8574206349206349 0.37524305555555554 0.10188822751322751 0.04217509920634921
3 0.7441402116402117 0.703125 0.09440145502645504 0.03277529761904762
5 0.46256613756613757 0.38818452380952384 0.07027116402116403 0.07641617063492064
4 0.7050793650793651 0.4509275793650794 0.10319113756613757 0.046478174603174605
4 0.6656911375661375 0.3002926587301587 0.0959457671957672 0.04486111111111111
3 0.6305324074074075 0.6416021825396826 0.09269179894179895 0.03222718253968254
3 0.38313822751322746 0.6347668650793651 0.10115410052910052 0.034027777777777775
4 0.44466269841269845 0.49633680555555554 0.07145171957671957 0.05718998015873016
4 0.6809887566137566 0.35131944444444446 0.10131944444444443 0.04559275793650794
3 0.6233730158730159 0.69921875 0.09269179894179895 0.034484126984126985
3 0.5048842592592593 0.6953125 0.09806216931216932 0.0371999007936508
4 0.6914054232804233 0.40136656746031746 0.10042328042328043 0.04400545634920635
5 0.14371693121693122 0.21936011904761907 0.10351521164021163 0.08618055555555557
3 0.37727843915343917 0.6923834325396826 0.10115410052910052 0.036773313492063496
5 0.28108796296296296 0.46460069444444446 0.10058531746031747 0.07989583333333333
4 0.6503902116402116 0.24902281746031746 0.1007473544973545 0.04638640873015873
5 0.18554563492063494 0.4707043650793651 0.10677248677248677 0.07629464285714285
5 0.1615410052910053 0.30444444444444446 0.10677248677248677 0.0816641865079365
5 0.1715509259259259 0.38964781746031746 0.10375992063492064 0.08447172619047619
5 0.2675793650793651 0.38183531746031746 0.10294642857142858 0.08270337301587301
5 0.24137235449735447 0.21533234126984127 0.0987962962962963 0.08526537698412699
4 0.8209623015873017 0.22461061507936508 0.10807208994708994 0.04638640873015873
1 0.5576157407407407 0.3046875 0.05476851851851852 0.03942956349206349
5 0.1915674603174603 0.5493154761904763 0.10148148148148148 0.06915178571428571
5 0.2540674603174603 0.2990724206349206 0.10058531746031747 0.08196924603174603
1 0.47165013227513225 0.5141096230158729 0.05537698412698413 0.03781001984126984