3 0.3551432291666667 0.46728515625 0.07779947916666667 0.034423828125
3 0.4244791666666667 0.36376953125 0.0775146484375 0.034820556640625
3 0.3408203125 0.4248046875 0.07763671875 0.03521728515625
5 0.8001302083333334 0.55224609375 0.09969075520833333 0.043853759765625
3 0.6324869791666666 0.370849609375 0.07430013020833333 0.033721923828125
3 0.5387369791666666 0.3896484375 0.0745849609375 0.034820556640625
4 0.4059244791666667 0.66259765625 0.09342447916666667 0.057708740234375
3 0.4563802083333333 0.447998046875 0.07539876302083333 0.0341796875
3 0.5182291666666666 0.347412109375 0.07666015625 0.033905029296875
3 0.3253580729166667 0.380615234375 0.0775146484375 0.034698486328125
3 0.4404296875 0.408447265625 0.0758056640625 0.03521728515625
2 0.5797526041666666 0.607421875 0.057373046875 0.052032470703125
3 0.6110026041666666 0.330322265625 0.07291666666666667 0.03448486328125
4 0.2586263020833333 0.72412109375 0.09806315104166667 0.05889892578125
5 0.6653645833333334 0.65625 0.10148111979166667 0.0509033203125
5 0.7005208333333334 0.59033203125 0.10001627604166667 0.050994873046875
4 0.203125 0.63916015625 0.09651692708333333 0.055816650390625
4 0.23128255208333334 0.6826171875 0.09684244791666667 0.058349609375
4 0.3165690104166667 0.81396484375 0.10115559895833333 0.0615234375
4 0.3740234375 0.61865234375 0.08634440104166667 0.053192138671875
5 0.63671875 0.72412109375 0.09375 0.04595947265625
5 0.8307291666666666 0.492431640625 0.095947265625 0.0455322265625
4 0.4684244791666667 0.74462890625 0.092041015625 0.059967041015625
4 0.2880859375 0.767578125 0.10026041666666667 0.06097412109375
3 0.5572916666666666 0.43017578125 0.07539876302083333 0.03460693359375
5 0.720703125 0.751953125 0.08976236979166667 0.0455322265625
3 0.6539713541666666 0.4111328125 0.07694498697916667 0.0333251953125
4 0.3450520833333333 0.580078125 0.08585611979166667 0.051544189453125
0 0.6064453125 0.53515625 0.094970703125 0.046722412109375
1 0.4742838541666667 0.515625 0.052449544270833336 0.028656005859375
4 0.4326171875 0.70263671875 0.090576171875 0.058990478515625
0 0.6321614583333334 0.4873046875 0.08780924479166667 0.0386962890625
5 0.7239583333333334 0.52978515625 0.09773763020833333 0.048492431640625
5 0.75 0.6796875 0.09684244791666667 0.047149658203125
1 0.439453125 0.55517578125 0.049397786458333336 0.03204345703125
5 0.7571614583333334 0.471435546875 0.087158203125 0.038116455078125
5 0.779296875 0.61279296875 0.09513346354166667 0.044921875