4 0.5846362433862434 0.7045907738095237 0.08479828042328043 0.036894841269841265
4 0.23665343915343914 0.5883779761904763 0.06135912698412699 0.06768849206349206
3 0.6914054232804233 0.6738293650793651 0.07791997354497354 0.04321180555555555
3 0.6106779100529101 0.42651289682539684 0.0586739417989418 0.05835069444444445
3 0.7356779100529101 0.5756845238095237 0.06384259259259259 0.06222470238095238
4 0.24690806878306878 0.72265625 0.06624338624338624 0.07720982142857143
3 0.7389318783068783 0.47143601190476186 0.06599867724867725 0.060210813492063496
5 0.48112103174603177 0.45605406746031746 0.07173611111111111 0.06463541666666667
3 0.8079431216931217 0.43847718253968254 0.06835978835978836 0.060853174603174603
4 0.18522156084656086 0.7099603174603174 0.0637202380952381 0.0758655753968254
1 0.48730489417989414 0.73828125 0.05769841269841269 0.03179811507936508
4 0.35807208994708994 0.6108407738095237 0.05749669312169312 0.06793154761904761
3 0.8059887566137566 0.5454092261904763 0.06901124338624338 0.06311011904761905
5 0.37858134920634917 0.5107415674603174 0.07360780423280423 0.06695436507936507
3 0.875 0.5146478174603174 0.07002645502645502 0.06408730158730158
3 0.6744808201058201 0.3989260912698413 0.06046626984126984 0.05996775793650794
4 0.311359126984127 0.7319345238095237 0.06599867724867725 0.07824652777777778
5 0.19091931216931218 0.4848635912698413 0.07161375661375662 0.06408730158730158
3 0.8040376984126983 0.6557614087301588 0.06860449735449736 0.06585813492063493
3 0.671223544973545 0.4980481150793651 0.059447751322751326 0.060210813492063496
4 0.17512896825396826 0.578125 0.06058862433862434 0.0668328373015873
4 0.1240244708994709 0.6982415674603174 0.06599867724867725 0.07147321428571429
0 0.5764980158730159 0.8422842261904763 0.059570105820105815 0.08898809523809524
4 0.295734126984127 0.5996106150793651 0.05749669312169312 0.06854166666666667
3 0.7434887566137566 0.3666989087301587 0.06453373015873017 0.06143105158730159
3 0.8710945767195767 0.6264657738095237 0.07161375661375662 0.06561259920634921
4 0.37272156084656083 0.7480481150793651 0.06477843915343914 0.08123759920634921
5 0.21142526455026456 0.42553819444444446 0.06648809523809524 0.0629265873015873
5 0.5328769841269841 0.6909176587301588 0.07238756613756614 0.06939732142857143
5 0.5628240740740741 0.5288095238095237 0.06661044973544973 0.06198164682539682
5 0.3009424603174603 0.4357911706349206 0.06872685185185186 0.06408730158730158
2 0.6881514550264549 0.7563467261904763 0.05794312169312169 0.05911210317460318
5 0.28059854497354497 0.4938963293650794 0.06913359788359788 0.06420882936507936
5 0.39387896825396823 0.44848710317460316 0.07014880952380952 0.06634424603174603
1 0.6031911375661375 0.6240228174603174 0.05891865079365079 0.030379464285714284
0 0.4475925925925926 0.8764657738095237 0.11083994708994709 0.06311011904761905
5 0.46847552910052914 0.5187673611111111 0.07054563492063493 0.0686185515873016