4 0.47005291005291006 0.7109375 0.08129960317460318 0.06500248015873016
3 0.44726521164021166 0.5800793650793651 0.09968915343915344 0.04663194444444445
1 0.18977843915343914 0.6279290674603174 0.07893849206349207 0.04046626984126984
3 0.8072916666666666 0.5083010912698412 0.09285383597883598 0.04162698412698413
2 0.2792956349206349 0.6030282738095237 0.07348544973544974 0.05835069444444445
3 0.3359391534391534 0.7265625 0.07649801587301587 0.07434027777777778
5 0.7929695767195767 0.6748040674603174 0.10506283068783068 0.0499578373015873
3 0.594401455026455 0.6186532738095237 0.09895833333333333 0.049042658730158735
3 0.5755224867724869 0.5537103174603174 0.09790013227513228 0.04601934523809524
5 0.49934854497354497 0.7880853174603174 0.10831679894179895 0.05441220238095238
0 0.1271164021164021 0.6787103174603174 0.06734126984126984 0.10559027777777778
5 0.6350925925925925 0.8149404761904763 0.10774801587301587 0.054595734126984125
0 0.30712962962962964 0.6997073412698412 0.09456349206349206 0.08648561507936507
1 0.2766931216931217 0.6611334325396826 0.06160383597883597 0.04553323412698413
5 0.5963558201058201 0.7485342261904763 0.11108465608465609 0.04788194444444444
3 0.4274074074074074 0.5146478174603174 0.10319113756613757 0.04940724206349206
5 0.8261706349206349 0.7392584325396826 0.10734126984126985 0.04949900793650794
5 0.39192791005291006 0.8300793650793651 0.11385251322751323 0.05126984126984127
3 0.7135416666666666 0.5902579365079366 0.09270502645502644 0.043199404761904765
3 0.5537103174603175 0.4916989087301587 0.10026124338624338 0.048308531746031745
5 0.5390641534391535 0.8564459325396826 0.11718915343915344 0.05233878968253968
3 0.4684259259259259 0.6435540674603174 0.10026124338624338 0.04977430555555556
3 0.8294279100529101 0.5673834325396826 0.09773809523809524 0.04708829365079365
3 0.6759325396825396 0.4703844246031746 0.09331349206349207 0.04054563492063492
4 0.3916005291005291 0.2739260912698413 0.06734126984126984 0.08270337301587301
4 0.43164021164021166 0.40380952380952384 0.07067791005291005 0.08105406746031746
4 0.36067791005291006 0.41381944444444446 0.07214285714285715 0.08251984126984127
5 0.6979166666666666 0.7099603174603174 0.10115410052910052 0.048859126984126984
4 0.49869708994708994 0.3928224206349206 0.06872685185185186 0.0797718253968254
5 0.4173181216931217 0.7055654761904763 0.10652777777777778 0.07250992063492064
4 0.5263657407407407 0.25634672619047616 0.06823743386243386 0.08343501984126984
4 0.32080026455026456 0.28125 0.06624338624338624 0.08386160714285715
3 0.6914054232804233 0.53125 0.09025132275132276 0.043122519841269843
4 0.4596362433862434 0.26440476190476186 0.06823743386243386 0.08435019841269842
4 0.5647784391534392 0.3828125 0.06966269841269841 0.0784920634920635
4 0.6341137566137566 0.37231398809523814 0.06888888888888889 0.07861359126984127
5 0.734375 0.7758779761904763 0.11027116402116402 0.055815972222222225