2 0.5911044973544973 0.7409474206349206 0.07837301587301587 0.04290674603174603
1 0.8855820105820106 0.8603670634920635 0.07738095238095238 0.04563492063492063
4 0.7083333333333334 0.7672371031746031 0.08664021164021164 0.04389880952380952
4 0.6585648148148148 0.5261656746031746 0.04927248677248677 0.05431547619047619
4 0.6064814814814815 0.5143849206349206 0.046957671957671955 0.05505952380952381
4 0.6340939153439153 0.6085069444444444 0.05191798941798942 0.05927579365079365
0 0.7328042328042328 0.8628472222222222 0.11441798941798942 0.0818452380952381
5 0.37797619047619047 0.5404265873015873 0.05092592592592592 0.06498015873015874
5 0.8976521164021164 0.7495039682539683 0.06580687830687831 0.07093253968253968
5 0.33349867724867727 0.49429563492063494 0.04927248677248677 0.062003968253968256
5 0.31382275132275134 0.5636160714285714 0.056216931216931214 0.06522817460317461
5 0.41716269841269843 0.6669146825396826 0.055224867724867725 0.07936507936507936
4 0.8234126984126984 0.5530753968253969 0.041666666666666664 0.05555555555555555
5 0.26802248677248675 0.5151289682539683 0.05125661375661376 0.057539682539682536
5 0.47668650793650796 0.7217261904761905 0.04794973544973545 0.08382936507936507
5 0.3642526455026455 0.6143353174603174 0.05324074074074074 0.07390873015873016
4 0.6937830687830688 0.6174355158730159 0.042328042328042326 0.051835317460317464
5 0.4289021164021164 0.5846974206349206 0.046957671957671955 0.06671626984126984
4 0.7152777777777778 0.5357142857142857 0.042328042328042326 0.052083333333333336
4 0.822255291005291 0.6409970238095238 0.040013227513227514 0.0597718253968254
4 0.7581018518518519 0.6310763888888888 0.04332010582010582 0.057291666666666664
4 0.7681878306878307 0.5456349206349206 0.04298941798941799 0.05555555555555555
1 0.6749338624338624 0.6727430555555556 0.042328042328042326 0.047371031746031744
5 0.48462301587301587 0.6310763888888888 0.04662698412698413 0.07068452380952381
0 0.7817460317460317 0.6898561507936508 0.0992063492063492 0.04092261904761905
3 0.5872395833333334 0.82568359375 0.060465494791666664 0.07598876953125
3 0.22884114583333334 0.646484375 0.07307942708333333 0.05572509765625
3 0.30810546875 0.70361328125 0.0775146484375 0.05889892578125
3 0.091064453125 0.62841796875 0.06949869791666667 0.05389404296875
3 0.16324869791666666 0.68603515625 0.07413736979166667 0.058990478515625
3 0.24153645833333334 0.74755859375 0.08040364583333333 0.06231689453125
3 0.15673828125 0.5947265625 0.06925455729166667 0.053192138671875
3 0.09090169270833333 0.7216796875 0.07649739583333333 0.0604248046875
3 0.3977864583333333 0.767578125 0.08585611979166667 0.06561279296875
3 0.3292643229166667 0.8134765625 0.08748372395833333 0.06854248046875
3 0.2579752604166667 0.86279296875 0.08683268229166667 0.07330322265625
3 0.16845703125 0.78857421875 0.0819091796875 0.06866455078125