3 0.4794921875 0.498779296875 0.08146158854166667 0.030914306640625
3 0.4736328125 0.446533203125 0.08463541666666667 0.03271484375
1 0.53515625 0.61474609375 0.059041341145833336 0.0323486328125
3 0.3688151041666667 0.5068359375 0.087158203125 0.03326416015625
3 0.25244140625 0.459228515625 0.089111328125 0.0341796875
3 0.3645833333333333 0.45263671875 0.08561197916666667 0.0316162109375
5 0.6953125 0.55224609375 0.08390299479166667 0.06768798828125
0 0.5621744791666666 0.57177734375 0.08158365885416667 0.061309814453125
3 0.24739583333333334 0.406005859375 0.087646484375 0.03216552734375
5 0.775390625 0.54931640625 0.09171549479166667 0.06793212890625
3 0.4850260416666667 0.77978515625 0.06925455729166667 0.058135986328125
3 0.5927734375 0.492919921875 0.08463541666666667 0.032470703125
4 0.2843424479166667 0.67529296875 0.08601888020833333 0.0310211181640625
4 0.2931315104166667 0.71826171875 0.0966796875 0.038909912109375
3 0.3600260416666667 0.400390625 0.087646484375 0.0323486328125
5 0.798828125 0.7666015625 0.09513346354166667 0.07476806640625
0 0.4404296875 0.6669921875 0.09440104166666667 0.035003662109375
3 0.5787760416666666 0.388671875 0.08943684895833333 0.033599853515625
3 0.5843098958333334 0.44091796875 0.08512369791666667 0.03521728515625
5 0.7233072916666666 0.84765625 0.09342447916666667 0.0794677734375
1 0.5367838541666666 0.77392578125 0.0482177734375 0.044189453125
5 0.3292643229166667 0.56689453125 0.10245768229166667 0.0292510986328125
5 0.7018229166666666 0.62353515625 0.08748372395833333 0.07159423828125
5 0.70703125 0.69677734375 0.088623046875 0.0709228515625
5 0.7838541666666666 0.62109375 0.09651692708333333 0.0723876953125
4 0.133056640625 0.73095703125 0.097900390625 0.040618896484375
2 0.3893229166666667 0.57958984375 0.06599934895833333 0.0469970703125
4 0.5485026041666666 0.67578125 0.08146158854166667 0.029815673828125
4 0.12825520833333334 0.68115234375 0.09847005208333333 0.039794921875
5 0.7141927083333334 0.77099609375 0.09073893229166667 0.07708740234375
4 0.2985026041666667 0.76416015625 0.09879557291666667 0.0413818359375
4 0.14103190104166666 0.82763671875 0.10262044270833333 0.04327392578125
4 0.13883463541666666 0.77880859375 0.10205078125 0.042388916015625
4 0.2781575520833333 0.62939453125 0.08447265625 0.030670166015625
5 0.79296875 0.693359375 0.08544921875 0.06549072265625
3 0.4690755208333333 0.394287109375 0.08829752604166667 0.03515625
4 0.3025716145833333 0.814453125 0.088623046875 0.03253173828125