3 0.09193121693121693 0.8411458333333334 0.05423280423280423 0.07762896825396826
3 0.08167989417989419 0.7409474206349206 0.05291005291005291 0.07564484126984126
3 0.2585978835978836 0.824156746031746 0.05092592592592592 0.07688492063492064
3 0.1789021164021164 0.8312251984126984 0.05291005291005291 0.07862103174603174
3 0.16352513227513227 0.7316468253968254 0.05191798941798942 0.07589285714285714
3 0.15244708994708994 0.6356646825396826 0.05092592592592592 0.07291666666666667
3 0.24454365079365079 0.7248263888888888 0.050595238095238096 0.07465277777777778
3 0.21908068783068782 0.5333581349206349 0.04794973544973545 0.06919642857142858
2 0.7132936507936508 0.8794642857142857 0.04894179894179894 0.06547619047619048
3 0.07208994708994709 0.6437251984126984 0.05291005291005291 0.07366071428571429
3 0.23197751322751323 0.6283482142857143 0.049933862433862435 0.0716765873015873
3 0.06299603174603174 0.5503472222222222 0.05191798941798942 0.07142857142857142
3 0.1402116402116402 0.5422867063492064 0.04894179894179894 0.07018849206349206
1 0.41964285714285715 0.9104662698412699 0.057539682539682536 0.049107142857142856
5 0.7764550264550265 0.5834573412698413 0.08994708994708994 0.08010912698412699
1 0.35383597883597884 0.9441964285714286 0.05357142857142857 0.051587301587301584
5 0.7374338624338624 0.4286954365079365 0.08994708994708994 0.07911706349206349
5 0.7311507936507936 0.7585565476190477 0.08068783068783068 0.07961309523809523
5 0.6861772486772487 0.5952380952380952 0.08796296296296297 0.08035714285714286
5 0.7061838624338624 0.6753472222222222 0.08961640211640212 0.07936507936507936
5 0.7559523809523809 0.5050843253968254 0.09325396825396826 0.07911706349206349
5 0.6663359788359788 0.5168650793650794 0.08862433862433862 0.07936507936507936
4 0.5340608465608465 0.5598958333333334 0.10119047619047619 0.04092261904761905
5 0.8278769841269841 0.7446676587301587 0.08432539682539683 0.07862103174603174
5 0.8020833333333334 0.6629464285714286 0.0916005291005291 0.08333333333333333
4 0.548776455026455 0.6650545634920635 0.103505291005291 0.041914682539682536
4 0.5620039682539683 0.7724454365079365 0.10218253968253968 0.041914682539682536
4 0.5555555555555556 0.7173859126984127 0.10449735449735449 0.043402777777777776
0 0.6365740740740741 0.880828373015873 0.047619047619047616 0.09995039682539683
5 0.6511243386243386 0.4383680555555556 0.08928571428571429 0.08010912698412699
4 0.3812830687830688 0.7858382936507936 0.10251322751322751 0.04290674603174603
0 0.5496031746031746 0.8851686507936508 0.046957671957671955 0.09871031746031746
4 0.359292328042328 0.5737847222222222 0.10482804232804233 0.040426587301587304
4 0.376984126984127 0.7316468253968254 0.10648148148148148 0.0441468253968254
4 0.36474867724867727 0.6261160714285714 0.10185185185185185 0.037450396825396824
4 0.37367724867724866 0.6772073412698413 0.10515873015873016 0.040426587301587304
4 0.5413359788359788 0.6128472222222222 0.10251322751322751 0.040674603174603176