4 0.4064153439153439 0.6808035714285714 0.07804232804232804 0.0763888888888889
2 0.18981481481481483 0.6254960317460317 0.08068783068783068 0.061507936507936505
5 0.8387896825396826 0.7375992063492064 0.10085978835978836 0.1001984126984127
1 0.5112433862433863 0.6068948412698413 0.051587301587301584 0.05803571428571429
5 0.8034060846560847 0.6424851190476191 0.09953703703703703 0.08953373015873016
5 0.4513888888888889 0.5054563492063492 0.09722222222222222 0.062003968253968256
5 0.765707671957672 0.5580357142857143 0.09623015873015874 0.08333333333333333
1 0.3134920634920635 0.49367559523809523 0.07076719576719577 0.035962301587301584
5 0.7397486772486772 0.4816468253968254 0.09126984126984126 0.07539682539682539
5 0.7127976190476191 0.4126984126984127 0.08697089947089948 0.07242063492063493
5 0.6919642857142857 0.652405753968254 0.10085978835978836 0.08804563492063493
5 0.640542328042328 0.4887152777777778 0.08531746031746032 0.0726686507936508
5 0.6678240740740741 0.5636160714285714 0.09226190476190477 0.07961309523809523
5 0.720734126984127 0.7504960317460317 0.10152116402116403 0.10267857142857142
0 0.2048611111111111 0.7628968253968254 0.1345899470899471 0.04712301587301587
3 0.3333333333333333 0.595703125 0.08943684895833333 0.06695556640625