4 0.3999669312169312 0.6304563492063492 0.08234126984126984 0.08085317460317461
2 0.16038359788359788 0.564484126984127 0.09060846560846561 0.06845238095238096
1 0.5112433862433863 0.5487351190476191 0.05291005291005291 0.06076388888888889
5 0.8166335978835979 0.5930059523809523 0.11276455026455026 0.0992063492063492
5 0.845568783068783 0.6960565476190477 0.11044973544973545 0.1029265873015873
5 0.7215608465608465 0.7084573412698413 0.11177248677248677 0.10639880952380952
5 0.7696759259259259 0.4036458333333333 0.10813492063492064 0.08953373015873016
5 0.7005621693121693 0.6006944444444444 0.11342592592592593 0.09871031746031746
1 0.2898478835978836 0.4104662698412698 0.07771164021164022 0.03968253968253968
5 0.7885251322751323 0.49528769841269843 0.1087962962962963 0.09424603174603174
5 0.6795634920634921 0.5023561507936508 0.10582010582010581 0.09300595238095238
5 0.4479166666666667 0.42745535714285715 0.10747354497354497 0.0726686507936508
5 0.7485119047619048 0.3177083333333333 0.10085978835978836 0.0873015873015873
5 0.6592261904761905 0.4123263888888889 0.1001984126984127 0.08556547619047619
0 0.18915343915343916 0.716765873015873 0.14484126984126985 0.04811507936507937
3 0.31630291005291006 0.5317460317460317 0.09358465608465609 0.07291666666666667