4 0.5345039682539682 0.53125 0.07649801587301587 0.06573412698412699
3 0.4641931216931217 0.5415029761904763 0.061970899470899475 0.07122767857142857
3 0.3238921957671958 0.3767088293650794 0.09700396825396825 0.039642857142857146
3 0.42415343915343917 0.24511656746031746 0.09773809523809524 0.03912450396825397
3 0.31071097883597887 0.31958085317460316 0.09912037037037037 0.03955109126984127
3 0.4541005291005291 0.36059523809523814 0.0987962962962963 0.0403125
3 0.19221891534391533 0.3925793650793651 0.10188822751322751 0.039947916666666666
3 0.18147817460317459 0.33520585317460316 0.1007473544973545 0.04037450396825397
3 0.16813161375661376 0.27368055555555554 0.10001653439153439 0.040528273809523806
3 0.578776455026455 0.34619047619047616 0.0963558201058201 0.03979414682539682
0 0.36198082010582017 0.5932614087301588 0.094239417989418 0.0758655753968254
5 0.4153637566137566 0.5708010912698412 0.10221230158730157 0.07421875
5 0.6464847883597884 0.6308606150793651 0.0961111111111111 0.06732142857142857
3 0.43815145502645503 0.3051760912698413 0.10058531746031747 0.040528273809523806
3 0.5638029100529101 0.29028273809523814 0.09985449735449735 0.04016121031746032
3 0.295734126984127 0.2595213293650794 0.09700396825396825 0.03845238095238095
5 0.6578769841269841 0.5463864087301588 0.09846891534391534 0.05706845238095238
5 0.7682308201058201 0.47143601190476186 0.09936507936507936 0.06500248015873016
5 0.7838558201058201 0.39453125 0.0963558201058201 0.06152281746031746
5 0.671875 0.45947172619047616 0.09578373015873015 0.06439236111111112
5 0.6848974867724869 0.38598710317460316 0.09407407407407407 0.06256200396825397
5 0.7604166666666666 0.5556646825396826 0.0963558201058201 0.0637202380952381
4 0.30078042328042326 0.8813467261904763 0.09375 0.08691468253968254
4 0.36816468253968254 0.9189459325396826 0.09667989417989419 0.09271329365079364
4 0.16520171957671959 0.8125 0.08894841269841271 0.08154265873015873
4 0.4261078042328042 0.7431646825396826 0.08308862433862434 0.07763640873015873
4 0.295734126984127 0.671875 0.08618055555555557 0.07147321428571429
5 0.7526058201058201 0.640625 0.10115410052910052 0.06903025793650794
4 0.23356150793650793 0.8447271825396826 0.08959986772486772 0.08538938492063493
4 0.35612103174603177 0.7084970238095237 0.08011904761904762 0.07147321428571429
4 0.48600198412698414 0.7822271825396826 0.08028108465608466 0.07598958333333333
2 0.27132275132275135 0.5546875 0.07678240740740741 0.059754464285714286
1 0.4661474867724868 0.6293948412698412 0.048379629629629634 0.05529761904761905
4 0.4326157407407408 0.9589856150793651 0.08911044973544975 0.0797718253968254
5 0.7903637566137566 0.31933531746031746 0.10294642857142858 0.06488095238095239
1 0.42805886243386243 0.44458085317460316 0.07226521164021164 0.035553075396825395
0 0.35769510582010583 0.5166989087301587 0.12014880952380952 0.036376488095238094