5 0.7936197916666666 0.3798828125 0.09269205729166667 0.090576171875
5 0.76171875 0.302001953125 0.08846028645833333 0.093994140625
5 0.7747395833333334 0.5556640625 0.09090169270833333 0.09136962890625
5 0.8326822916666666 0.458984375 0.08797200520833333 0.093017578125
5 0.869140625 0.53271484375 0.08447265625 0.08831787109375
5 0.7005208333333334 0.40478515625 0.0826416015625 0.08929443359375
5 0.740234375 0.477294921875 0.08732096354166667 0.09088134765625
3 0.2509765625 0.37548828125 0.099853515625 0.040374755859375
5 0.6686197916666666 0.32568359375 0.0611572265625 0.08154296875
5 0.9108072916666666 0.61181640625 0.07320149739583333 0.0794677734375
3 0.5078125 0.34375 0.097412109375 0.0413818359375
3 0.3824869791666667 0.359130859375 0.09952799479166667 0.039947509765625
3 0.4957682291666667 0.281982421875 0.10001627604166667 0.04248046875
3 0.2649739583333333 0.43701171875 0.10205078125 0.0411376953125
3 0.3977864583333333 0.42041015625 0.09822591145833333 0.039947509765625
3 0.3675130208333333 0.296875 0.10042317708333333 0.040924072265625
5 0.8209635416666666 0.63427734375 0.06925455729166667 0.0782470703125
3 0.11800130208333333 0.390869140625 0.10563151041666667 0.041839599609375
3 0.5270182291666666 0.405029296875 0.09773763020833333 0.039794921875
2 0.12491861979166667 0.6064453125 0.061848958333333336 0.0640869140625
3 0.12825520833333334 0.4541015625 0.10538736979166667 0.042388916015625
3 0.10262044270833333 0.328125 0.10677083333333333 0.04052734375
3 0.23828125 0.312744140625 0.10538736979166667 0.04248046875
4 0.361328125 0.52392578125 0.06563313802083333 0.08197021484375
4 0.4296875 0.51513671875 0.050821940104166664 0.07208251953125
4 0.52734375 0.64306640625 0.046671549479166664 0.07366943359375
4 0.3863932291666667 0.662109375 0.052083333333333336 0.07476806640625
4 0.5006510416666666 0.50732421875 0.06453450520833333 0.08062744140625
4 0.4609375 0.6494140625 0.06429036458333333 0.08343505859375
4 0.2864583333333333 0.53173828125 0.056111653645833336 0.07489013671875
4 0.24739583333333334 0.67919921875 0.06722005208333333 0.0869140625
4 0.3186848958333333 0.6669921875 0.06722005208333333 0.08587646484375
4 0.216796875 0.54052734375 0.07185872395833333 0.08197021484375
0 0.4072265625 0.88037109375 0.13614908854166666 0.045867919921875
0 0.4195963541666667 0.810546875 0.11507161458333333 0.03790283203125
1 0.7141927083333334 0.8173828125 0.0709228515625 0.033599853515625
1 0.703125 0.76220703125 0.06990559895833333 0.033660888671875