4 0.341796875 0.4423828125 0.097412109375 0.042083740234375
0 0.3017578125 0.82861328125 0.10986328125 0.041473388671875
5 0.4934895833333333 0.430419921875 0.06278483072916667 0.08038330078125
3 0.93359375 0.67236328125 0.07820638020833333 0.06927490234375
5 0.447265625 0.353271484375 0.061360677083333336 0.08416748046875
4 0.2503255208333333 0.669921875 0.10929361979166667 0.04986572265625
3 0.8717447916666666 0.7548828125 0.07527669270833333 0.0699462890625
2 0.361328125 0.724609375 0.0819091796875 0.03338623046875
4 0.3837890625 0.5419921875 0.09611002604166667 0.04351806640625
3 0.7942708333333334 0.72412109375 0.07198079427083333 0.070068359375
3 0.7259114583333334 0.69970703125 0.06526692708333333 0.06536865234375
3 0.6145833333333334 0.85546875 0.06465657552083333 0.06707763671875
5 0.537109375 0.325439453125 0.0704345703125 0.0869140625
3 0.66796875 0.7783203125 0.06465657552083333 0.06951904296875
1 0.3155924479166667 0.7451171875 0.0633544921875 0.038330078125
3 0.8131510416666666 0.830078125 0.07185872395833333 0.06903076171875
3 0.78125 0.6162109375 0.07198079427083333 0.06805419921875
3 0.533203125 0.794921875 0.08056640625 0.051177978515625
3 0.8541666666666666 0.6435546875 0.07552083333333333 0.06903076171875
3 0.6848958333333334 0.87646484375 0.06490071614583333 0.06634521484375
5 0.6650390625 0.54638671875 0.061482747395833336 0.0782470703125
4 0.23030598958333334 0.62841796875 0.1005859375 0.036834716796875
5 0.5804036458333334 0.400390625 0.07002766927083333 0.08154296875
5 0.537109375 0.5048828125 0.06441243489583333 0.07781982421875
3 0.7389322916666666 0.80078125 0.06925455729166667 0.0701904296875
4 0.18375651041666666 0.52783203125 0.10750325520833333 0.046112060546875
5 0.6227213541666666 0.4775390625 0.06599934895833333 0.07275390625
0 0.1806640625 0.76123046875 0.121826171875 0.07147216796875
4 0.16560872395833334 0.47509765625 0.12166341145833333 0.05706787109375
5 0.5794270833333334 0.57568359375 0.06551106770833333 0.07806396484375
4 0.3623046875 0.488525390625 0.10872395833333333 0.057281494140625
4 0.4501953125 0.77001953125 0.07132975260416667 0.0496826171875
4 0.4029947916666667 0.5830078125 0.11027018229166667 0.055206298828125
5 0.6233723958333334 0.64501953125 0.061360677083333336 0.072265625
4 0.20849609375 0.57275390625 0.116943359375 0.054290771484375
1 0.5270182291666666 0.72998046875 0.055379231770833336 0.038604736328125
5 0.4947916666666667 0.8818359375 0.095458984375 0.03662109375