2 0.8697916666666666 0.3447265625 0.08650716145833333 0.045196533203125
3 0.5628255208333334 0.38720703125 0.057373046875 0.0703125
3 0.6266276041666666 0.70166015625 0.05859375 0.08282470703125
3 0.6608072916666666 0.59814453125 0.05859375 0.07965087890625
3 0.5279947916666666 0.4775390625 0.058919270833333336 0.07501220703125
3 0.5406901041666666 0.68212890625 0.0611572265625 0.0810546875
3 0.4534505208333333 0.66357421875 0.060587565104166664 0.0792236328125
3 0.5755208333333334 0.583984375 0.0611572265625 0.07879638671875
3 0.6920572916666666 0.505859375 0.058349609375 0.076416015625
3 0.7252604166666666 0.411376953125 0.060343424479166664 0.07318115234375
5 0.4010416666666667 0.1923828125 0.0677490234375 0.07720947265625
3 0.4921875 0.56689453125 0.06103515625 0.07611083984375
5 0.3155924479166667 0.1761474609375 0.068603515625 0.0762939453125
3 0.6106770833333334 0.489501953125 0.061360677083333336 0.07489013671875
5 0.4921875 0.206298828125 0.0723876953125 0.07305908203125
5 0.4615885416666667 0.254150390625 0.0687255859375 0.06927490234375
5 0.6578776041666666 0.28857421875 0.08174641927083333 0.08251953125
5 0.6803385416666666 0.2242431640625 0.07145182291666667 0.06536865234375
5 0.2845052083333333 0.2242431640625 0.06978352864583333 0.0751953125
5 0.5595703125 0.274169921875 0.0767822265625 0.07598876953125
5 0.5846354166666666 0.2161865234375 0.07722981770833333 0.07696533203125
5 0.3723958333333333 0.24365234375 0.06685384114583333 0.07135009765625
4 0.3746744791666667 0.52099609375 0.10432942708333333 0.052520751953125
4 0.2669270833333333 0.399169921875 0.09806315104166667 0.04876708984375
4 0.2421875 0.44482421875 0.10335286458333333 0.048675537109375
3 0.6419270833333334 0.401123046875 0.060262044270833336 0.07305908203125
4 0.4401041666666667 0.380615234375 0.097412109375 0.049041748046875
4 0.21923828125 0.489501953125 0.10148111979166667 0.04803466796875
4 0.2864583333333333 0.359619140625 0.097412109375 0.04681396484375
0 0.822265625 0.26611328125 0.0736083984375 0.0738525390625
4 0.3981119791666667 0.47607421875 0.10677083333333333 0.051177978515625
4 0.30419921875 0.312744140625 0.099365234375 0.046478271484375
1 0.83984375 0.447509765625 0.06709798177083333 0.03173828125
1 0.8404947916666666 0.3935546875 0.06538899739583333 0.035491943359375
0 0.8977864583333334 0.291748046875 0.078369140625 0.0751953125
4 0.4596354166666667 0.335205078125 0.09757486979166667 0.048126220703125
4 0.4150390625 0.427490234375 0.092041015625 0.04345703125