4 0.5120436507936508 0.7241220238095237 0.08357804232804233 0.06781001984126984
3 0.6601554232804233 0.43115327380952384 0.08748346560846561 0.06280505952380952
3 0.8164054232804233 0.41894593253968254 0.0949702380952381 0.05920386904761905
2 0.37434854497354497 0.6103521825396826 0.08732142857142858 0.047514880952380954
3 0.7630224867724869 0.37231398809523814 0.08829695767195767 0.05932539682539682
3 0.44042989417989414 0.7568353174603174 0.05969246031746032 0.08386160714285715
3 0.71875 0.48046875 0.09090277777777778 0.06347718253968254
4 0.30566468253968254 0.28979414682539684 0.08447420634920634 0.07409722222222222
5 0.765625 0.6186532738095237 0.11222222222222222 0.03549107142857143
0 0.3997387566137566 0.7441418650793651 0.06441137566137566 0.09857142857142857
4 0.4697255291005291 0.35546875 0.08943783068783068 0.07531746031746032
5 0.6881514550264549 0.8134771825396826 0.11987433862433862 0.0390625
3 0.5589186507936508 0.49096726190476186 0.09684193121693123 0.06488095238095239
4 0.5231117724867725 0.32421875 0.08496031746031747 0.07489087301587301
3 0.5081382275132275 0.6074231150793651 0.09684193121693123 0.06524553571428571
5 0.8404960317460317 0.6708978174603174 0.1253240740740741 0.03567460317460318
3 0.610026455026455 0.37768601190476186 0.09008928571428572 0.06222470238095238
4 0.41471230158730155 0.3901364087301587 0.09041335978835979 0.07629464285714285
4 0.24707010582010583 0.3198239087301587 0.08528769841269843 0.0754389880952381
5 0.6090509259259259 0.7558606150793651 0.12247685185185185 0.03711061507936508
1 0.2926421957671958 0.6284176587301588 0.07540013227513227 0.0382390873015873
5 0.7643220899470899 0.7402356150793651 0.12312830687830686 0.033539186507936504
3 0.6145833333333334 0.5415029761904763 0.093260582010582 0.06323164682539682
4 0.36067791005291006 0.25805555555555554 0.08569444444444443 0.07641617063492064
4 0.2985019841269841 0.45068452380952384 0.09187830687830686 0.07836805555555557
5 0.9173181216931217 0.60546875 0.1289054232804233 0.03173859126984127
4 0.3567724867724868 0.4201661706349206 0.0910648148148148 0.07904017857142857
3 0.3971362433862434 0.4980481150793651 0.09773809523809524 0.06488095238095239
0 0.20507936507936506 0.7685540674603174 0.10172619047619048 0.10577380952380953
3 0.5026058201058201 0.43627976190476186 0.09529761904761905 0.06463541666666667
5 0.5221362433862434 0.8310540674603174 0.12988425925925925 0.03979414682539682
5 0.8417956349206349 0.5551760912698412 0.12491732804232804 0.03228670634920635
1 0.36555886243386243 0.6777356150793651 0.03944775132275132 0.048492063492063496
4 0.1875 0.34863343253968254 0.08943783068783068 0.07434027777777778
5 0.6861970899470899 0.6860342261904763 0.11466600529100529 0.035064484126984125
5 0.296875 0.5839856150793651 0.11930224867724867 0.04577628968253968
3 0.4505224867724868 0.55078125 0.09456349206349206 0.06463541666666667