3 0.4189453125 0.62255859375 0.0682373046875 0.0618896484375
3 0.482421875 0.58740234375 0.06612141927083333 0.05877685546875
3 0.349609375 0.548828125 0.06514485677083333 0.055938720703125
4 0.2080078125 0.77197265625 0.09309895833333333 0.061187744140625
3 0.5530598958333334 0.66015625 0.06660970052083333 0.0640869140625
3 0.6158854166666666 0.62646484375 0.07027180989583333 0.063232421875
5 0.6354166666666666 0.39111328125 0.042236328125 0.0762939453125
3 0.4895833333333333 0.697265625 0.07120768229166667 0.06475830078125
3 0.5611979166666666 0.775390625 0.0721435546875 0.06890869140625
3 0.4127604166666667 0.51611328125 0.06612141927083333 0.056121826171875
3 0.6940104166666666 0.70458984375 0.06978352864583333 0.06597900390625
1 0.5162760416666666 0.919921875 0.049397786458333336 0.0521240234375
3 0.54296875 0.5537109375 0.06648763020833333 0.055816650390625
0 0.3253580729166667 0.392578125 0.051961263020833336 0.0792236328125
3 0.6272786458333334 0.73828125 0.0709228515625 0.06719970703125
1 0.5813802083333334 0.8896484375 0.058675130208333336 0.049591064453125
3 0.4729817708333333 0.48046875 0.06441243489583333 0.056640625
4 0.30712890625 0.66552734375 0.07938639322916667 0.05224609375
5 0.5052083333333334 0.3896484375 0.043294270833333336 0.07794189453125
5 0.7109375 0.4453125 0.041056315104166664 0.0775146484375
0 0.2547200520833333 0.388427734375 0.052734375 0.08062744140625
5 0.6455078125 0.491455078125 0.049845377604166664 0.0816650390625
5 0.4371744791666667 0.333984375 0.038126627604166664 0.07366943359375
2 0.68359375 0.61669921875 0.059244791666666664 0.056121826171875
4 0.3408203125 0.70849609375 0.0791015625 0.052032470703125
4 0.14371744791666666 0.68896484375 0.09269205729166667 0.0604248046875
5 0.5638020833333334 0.343505859375 0.048380533854166664 0.08123779296875
5 0.4954427083333333 0.29052734375 0.038065592447916664 0.07696533203125
5 0.576171875 0.439208984375 0.047200520833333336 0.07794189453125
4 0.23974609375 0.8193359375 0.08829752604166667 0.0574951171875
5 0.7864583333333334 0.4970703125 0.03961181640625 0.07464599609375
4 0.2657877604166667 0.8642578125 0.07967122395833333 0.055206298828125
4 0.17610677083333334 0.72900390625 0.09513346354166667 0.06427001953125
5 0.7233072916666666 0.5458984375 0.05224609375 0.08599853515625
4 0.2711588541666667 0.62353515625 0.07853190104166667 0.04913330078125
4 0.4114583333333333 0.78759765625 0.09716796875 0.06524658203125
4 0.3766276041666667 0.74853515625 0.07792154947916667 0.0526123046875