3 0.8489583333333334 0.34423828125 0.07002766927083333 0.07965087890625
3 0.7265625 0.26220703125 0.06925455729166667 0.07989501953125
3 0.814453125 0.4638671875 0.0679931640625 0.0762939453125
3 0.8541666666666666 0.5595703125 0.06697591145833333 0.07366943359375
3 0.6920572916666666 0.385986328125 0.06551106770833333 0.079345703125
3 0.7708333333333334 0.3642578125 0.06612141927083333 0.07781982421875
3 0.7786458333333334 0.5849609375 0.06429036458333333 0.0728759765625
3 0.80859375 0.24365234375 0.0684814453125 0.08135986328125
3 0.8893229166666666 0.441650390625 0.06660970052083333 0.07666015625
5 0.5771484375 0.369873046875 0.06465657552083333 0.09124755859375
5 0.6233723958333334 0.7919921875 0.12711588541666666 0.06890869140625
3 0.9296875 0.537109375 0.0682373046875 0.07501220703125
3 0.7350260416666666 0.48583984375 0.06612141927083333 0.0762939453125
5 0.4869791666666667 0.75146484375 0.1259765625 0.06829833984375
5 0.7356770833333334 0.76513671875 0.118408203125 0.06732177734375
2 0.5735677083333334 0.432861328125 0.0849609375 0.053009033203125
5 0.59765625 0.72314453125 0.124267578125 0.06854248046875
5 0.7083333333333334 0.6943359375 0.12117513020833333 0.06500244140625
5 0.3727213541666667 0.7861328125 0.12849934895833334 0.0704345703125
5 0.5169270833333334 0.8232421875 0.13028971354166666 0.06805419921875
3 0.28271484375 0.58544921875 0.08219401041666667 0.07464599609375
4 0.3909505208333333 0.36376953125 0.0682373046875 0.0784912109375
1 0.31201171875 0.63037109375 0.06526692708333333 0.04302978515625
5 0.4059244791666667 0.859375 0.13289388020833334 0.06829833984375
4 0.46484375 0.34326171875 0.063232421875 0.07586669921875
4 0.3157552083333333 0.216064453125 0.06746419270833333 0.0810546875
4 0.3141276041666667 0.3857421875 0.07320149739583333 0.08538818359375
4 0.23974609375 0.237060546875 0.09090169270833333 0.0982666015625
0 0.4521484375 0.50634765625 0.052734375 0.09271240234375
4 0.4736328125 0.607421875 0.052937825520833336 0.0802001953125
4 0.24104817708333334 0.406005859375 0.07552083333333333 0.08404541015625
4 0.16487630208333334 0.2578125 0.09269205729166667 0.09808349609375
4 0.08101399739583333 0.275146484375 0.07722981770833333 0.0831298828125
1 0.5589192708333334 0.57177734375 0.054361979166666664 0.05572509765625
4 0.16520182291666666 0.425537109375 0.090576171875 0.09234619140625
0 0.6370442708333334 0.58203125 0.10872395833333333 0.06549072265625
5 0.2565104166666667 0.82470703125 0.13956705729166666 0.07611083984375