3 0.8680555555555556 0.5525793650793651 0.06018518518518518 0.06746031746031746
3 0.796957671957672 0.3968253968253968 0.05291005291005291 0.060515873015873016
3 0.7959656084656085 0.5636160714285714 0.0582010582010582 0.06671626984126984
3 0.6916335978835979 0.48995535714285715 0.0539021164021164 0.06225198412698413
3 0.8336640211640212 0.6511656746031746 0.06084656084656084 0.07217261904761904
0 0.4224537037037037 0.4973958333333333 0.09292328042328042 0.050347222222222224
3 0.8308531746031746 0.47259424603174605 0.05654761904761905 0.06324404761904762
3 0.7619047619047619 0.6629464285714286 0.057539682539682536 0.07192460317460317
3 0.908234126984127 0.6391369047619048 0.06316137566137567 0.07142857142857142
3 0.7600859788359788 0.48288690476190477 0.055224867724867725 0.06448412698412699
3 0.7263558201058201 0.5729166666666666 0.05654761904761905 0.06696428571428571
5 0.41650132275132273 0.6842757936507936 0.06779100529100529 0.0818452380952381
3 0.5768849206349206 0.6176835317460317 0.06382275132275132 0.06522817460317461
5 0.2757936507936508 0.7214781746031746 0.06878306878306878 0.08333333333333333
5 0.3158068783068783 0.6555059523809523 0.06547619047619048 0.07738095238095238
5 0.1724537037037037 0.6889880952380952 0.06514550264550265 0.08085317460317461
5 0.21329365079365079 0.6221478174603174 0.06613756613756613 0.07663690476190477
5 0.3801256613756614 0.7523561507936508 0.07043650793650794 0.08655753968253968
5 0.5170304232804233 0.7093253968253969 0.06646825396825397 0.08085317460317461
5 0.4426256613756614 0.6060267857142857 0.09689153439153439 0.044890873015873016
4 0.5094246031746031 0.5477430555555556 0.08101851851851852 0.04389880952380952
3 0.580191798941799 0.47978670634920634 0.06514550264550265 0.05133928571428571
4 0.421957671957672 0.3523065476190476 0.06349206349206349 0.06473214285714286
5 0.48462301587301587 0.7848462301587301 0.07308201058201058 0.0920138888888889
4 0.13525132275132276 0.3152281746031746 0.06084656084656084 0.0625
4 0.2526455026455027 0.28918650793650796 0.057539682539682536 0.062003968253968256
4 0.30687830687830686 0.27529761904761907 0.0582010582010582 0.060515873015873016
4 0.19361772486772486 0.30245535714285715 0.059854497354497355 0.06274801587301587
0 0.3004298941798942 0.5419146825396826 0.10615079365079365 0.05257936507936508
4 0.3083664021164021 0.384796626984127 0.06316137566137567 0.06919642857142858
5 0.5896164021164021 0.8129960317460317 0.07473544973544974 0.09176587301587301
1 0.3890542328042328 0.5435267857142857 0.06382275132275132 0.030009920634920636
2 0.439484126984127 0.4644097222222222 0.07275132275132275 0.030009920634920636
1 0.5266203703703703 0.4410962301587302 0.04861111111111111 0.03050595238095238
4 0.3587239583333333 0.451904296875 0.08219401041666667 0.039642333984375
4 0.357421875 0.259521484375 0.056844075520833336 0.06109619140625
4 0.3684895833333333 0.367919921875 0.0594482421875 0.06475830078125