4 0.5970039682539682 0.6225595238095237 0.08028108465608466 0.05529761904761905
3 0.6253240740740741 0.38647569444444446 0.0744212962962963 0.05023313492063492
3 0.4934887566137566 0.37036210317460316 0.06913359788359788 0.049042658730158735
3 0.5436210317460318 0.33715773809523814 0.07145171957671957 0.04977430555555556
3 0.7630224867724869 0.3964856150793651 0.08011904761904762 0.05340525793650794
3 0.8059887566137566 0.4938963293650794 0.08585648148148148 0.05822668650793651
3 0.5927744708994709 0.29834077380952384 0.07161375661375662 0.048035714285714286
5 0.09122685185185185 0.49585069444444446 0.08308862433862434 0.05728174603174603
3 0.6770833333333334 0.34692460317460316 0.07540013227513227 0.05090277777777778
5 0.09456349206349206 0.4379885912698413 0.07735119047619048 0.05319196428571429
3 0.7122387566137566 0.43823164682539684 0.07938492063492064 0.05441220238095238
5 0.3863921957671958 0.47949156746031746 0.08715939153439153 0.05718998015873016
3 0.6578769841269841 0.578125 0.07596891534391534 0.05358878968253968
3 0.7545568783068783 0.5346676587301588 0.08845899470899471 0.05877728174603175
5 0.29215608465608467 0.48828125 0.09090277777777778 0.05911210317460318
3 0.5758465608465608 0.42163194444444446 0.07401455026455027 0.05349702380952381
4 0.2675793650793651 0.5942385912698412 0.06135912698412699 0.07629464285714285
1 0.5071626984126985 0.7128918650793651 0.06091269841269841 0.04351686507936508
0 0.6315112433862434 0.7631845238095237 0.047199074074074074 0.09155257936507936
4 0.2034490740740741 0.5893551587301588 0.06416666666666666 0.07641617063492064
4 0.23616402116402116 0.7236334325396826 0.07132936507936508 0.08850198412698412
5 0.1925462962962963 0.43481398809523814 0.08101521164021164 0.05664186507936508
5 0.29150462962962964 0.42944444444444446 0.08845899470899471 0.059754464285714286
4 0.3330092592592592 0.5961904761904763 0.0586739417989418 0.07763640873015873
4 0.30712962962962964 0.7260739087301588 0.06787037037037037 0.08599950396825397
4 0.0915542328042328 0.7172842261904763 0.07637566137566137 0.08911210317460318
5 0.38183531746031746 0.421875 0.08390211640211641 0.05389384920634921
2 0.5074867724867725 0.6728521825396826 0.0628670634920635 0.05520585317460318
4 0.16560846560846562 0.7202157738095237 0.07291666666666667 0.08929563492063493
4 0.13354497354497355 0.5864260912698412 0.06514550264550265 0.07397569444444443
4 0.38085978835978834 0.7285168650793651 0.06811507936507936 0.08898809523809524
5 0.7753902116402117 0.6328125 0.07161375661375662 0.07134920634920636
1 0.563151455026455 0.5595709325396826 0.05375 0.037323908730158735
5 0.19173280423280423 0.4926760912698413 0.0910648148148148 0.05920386904761905
5 0.484375 0.4721676587301587 0.07751322751322752 0.052428075396825397
3 0.6604828042328043 0.47680555555555554 0.08174603174603175 0.058013392857142854
0 0.4833564814814815 0.8333333333333334 0.1135350529100529 0.08101934523809524