5 0.34375 0.82763671875 0.070556640625 0.11260986328125
5 0.24169921875 0.77685546875 0.07568359375 0.11279296875
5 0.2021484375 0.658203125 0.0736083984375 0.10595703125
5 0.4046223958333333 0.76220703125 0.06949869791666667 0.1087646484375
5 0.30517578125 0.7109375 0.0687255859375 0.1019287109375
5 0.09879557291666667 0.607421875 0.07763671875 0.1044921875
3 0.4720052083333333 0.5654296875 0.06551106770833333 0.0704345703125
5 0.035400390625 0.67724609375 0.0687255859375 0.110107421875
5 0.4427083333333333 0.88427734375 0.06477864583333333 0.116943359375
5 0.13956705729166666 0.72607421875 0.07649739583333333 0.110107421875
0 0.2701822916666667 0.5205078125 0.09895833333333333 0.0738525390625
1 0.5572916666666666 0.48291015625 0.044108072916666664 0.049774169921875
3 0.7044270833333334 0.5693359375 0.050252278645833336 0.076416015625
3 0.8756510416666666 0.66455078125 0.052571614583333336 0.0782470703125
3 0.857421875 0.359130859375 0.0518798828125 0.07501220703125
3 0.7102864583333334 0.67578125 0.0509033203125 0.07989501953125
0 0.3525390625 0.6171875 0.08463541666666667 0.09515380859375
3 0.7819010416666666 0.463134765625 0.05126953125 0.0775146484375
3 0.697265625 0.465087890625 0.050333658854166664 0.078369140625
3 0.8684895833333334 0.5625 0.053548177083333336 0.07781982421875
3 0.7942708333333334 0.66943359375 0.05224609375 0.07806396484375
3 0.787109375 0.56640625 0.051188151041666664 0.0765380859375
5 0.3896484375 0.560546875 0.10026041666666667 0.07122802734375
3 0.86328125 0.462646484375 0.054361979166666664 0.07879638671875
2 0.2664388020833333 0.4521484375 0.09440104166666667 0.044921875
4 0.4661458333333333 0.64404296875 0.07499186197916667 0.072509765625
3 0.7740885416666666 0.359619140625 0.050537109375 0.076416015625
1 0.6057942708333334 0.72265625 0.059814453125 0.05126953125
4 0.23714192708333334 0.361083984375 0.07132975260416667 0.079345703125
4 0.15958658854166666 0.33935546875 0.07173665364583333 0.0802001953125
4 0.3841145833333333 0.404541015625 0.07853190104166667 0.08465576171875
4 0.3087565104166667 0.383056640625 0.0709228515625 0.0792236328125
4 0.4524739583333333 0.264892578125 0.0677490234375 0.081787109375
4 0.3076171875 0.224853515625 0.08011881510416667 0.089111328125
4 0.23502604166666666 0.2032470703125 0.08280436197916667 0.09173583984375
4 0.4573567708333333 0.423828125 0.0792236328125 0.0838623046875
4 0.3802083333333333 0.2467041015625 0.08040364583333333 0.08831787109375