3 0.4248046875 0.77197265625 0.049397786458333336 0.0704345703125
5 0.7662760416666666 0.83056640625 0.11759440104166667 0.053009033203125
2 0.4899088541666667 0.5498046875 0.07779947916666667 0.032958984375
5 0.7369791666666666 0.7275390625 0.11490885416666667 0.050506591796875
5 0.7890625 0.6591796875 0.11735026041666667 0.0472412109375
4 0.3279622395833333 0.58935546875 0.09236653645833333 0.0460205078125
3 0.744140625 0.56005859375 0.090576171875 0.04949951171875
5 0.8665364583333334 0.693359375 0.120361328125 0.04742431640625
5 0.814453125 0.75927734375 0.119873046875 0.050506591796875
5 0.6881510416666666 0.7958984375 0.11385091145833333 0.05389404296875
4 0.11824544270833333 0.6162109375 0.10579427083333333 0.053985595703125
3 0.4612630208333333 0.38232421875 0.08699544270833333 0.05389404296875
4 0.3001302083333333 0.63037109375 0.10115559895833333 0.0517578125
4 0.3580729166666667 0.54443359375 0.08585611979166667 0.042022705078125
4 0.2682291666666667 0.673828125 0.10001627604166667 0.0552978515625
5 0.7194010416666666 0.9033203125 0.1220703125 0.0560302734375
1 0.5940755208333334 0.64501953125 0.053548177083333336 0.04681396484375
5 0.6357421875 0.86767578125 0.11759440104166667 0.05450439453125
3 0.779296875 0.5087890625 0.09391276041666667 0.051666259765625
3 0.5302734375 0.47412109375 0.0849609375 0.050811767578125
3 0.5647786458333334 0.42333984375 0.08406575520833333 0.050048828125
0 0.46875 0.64892578125 0.09269205729166667 0.06829833984375
5 0.5882161458333334 0.94140625 0.12101236979166667 0.058013916015625
4 0.5621744791666666 0.7060546875 0.07722981770833333 0.05340576171875
3 0.4970703125 0.330810546875 0.086181640625 0.052703857421875
3 0.7057291666666666 0.4150390625 0.090087890625 0.051666259765625
3 0.6370442708333334 0.51708984375 0.08683268229166667 0.0504150390625
3 0.6705729166666666 0.4658203125 0.09025065104166667 0.050811767578125
3 0.6025390625 0.37451171875 0.091064453125 0.052032470703125
4 0.17594401041666666 0.53125 0.09309895833333333 0.046905517578125
5 0.4482421875 0.509765625 0.091552734375 0.0517578125
3 0.8125 0.457763671875 0.09611002604166667 0.052703857421875
4 0.14680989583333334 0.572265625 0.10099283854166667 0.05419921875
0 0.6549479166666666 0.6181640625 0.107177734375 0.03912353515625
4 0.0849609375 0.662109375 0.10774739583333333 0.05560302734375
4 0.23649088541666666 0.71923828125 0.10205078125 0.055511474609375
1 0.4772135416666667 0.7890625 0.041748046875 0.0489501953125