0 0.6216931216931217 0.7796378968253969 0.07407407407407407 0.10987103174603174
1 0.5651455026455027 0.5066964285714286 0.07341269841269842 0.051587301587301584
5 0.5119047619047619 0.2960069444444444 0.07076719576719577 0.07961309523809523
1 0.2865410052910053 0.5734126984126984 0.07175925925925926 0.05257936507936508
2 0.4176587301587302 0.7359871031746031 0.1111111111111111 0.05381944444444445
5 0.808531746031746 0.4636656746031746 0.09259259259259259 0.09350198412698413
5 0.39186507936507936 0.4851190476190476 0.05489417989417989 0.09226190476190477
5 0.4064153439153439 0.2647569444444444 0.06812169312169312 0.08655753968253968
5 0.6941137566137566 0.4272073412698413 0.07671957671957672 0.08705357142857142
5 0.6168981481481481 0.3343253968253968 0.08035714285714286 0.07688492063492064
4 0.6124338624338624 0.6066468253968254 0.10912698412698413 0.03819444444444445
3 0.4541015625 0.61669921875 0.11678059895833333 0.05340576171875
5 0.474609375 0.36181640625 0.07442220052083333 0.09234619140625
5 0.583984375 0.391845703125 0.08406575520833333 0.0894775390625
5 0.7291666666666666 0.365966796875 0.08634440104166667 0.09039306640625
5 0.8372395833333334 0.39501953125 0.08414713541666667 0.0830078125