3 0.3636078042328042 0.6088864087301588 0.07043320105820106 0.06280505952380952
3 0.3001289682539683 0.6391592261904763 0.06860449735449736 0.06268353174603175
3 0.23307208994708992 0.5668948412698412 0.07092261904761905 0.06198164682539682
5 0.7408862433862434 0.2105704365079365 0.08878637566137566 0.09075892857142857
5 0.7714847883597883 0.13854910714285715 0.0910648148148148 0.09283482142857143
3 0.22770171957671959 0.46191468253968254 0.0694973544973545 0.06222470238095238
3 0.16137566137566137 0.38940476190476186 0.06990410052910052 0.05996775793650794
4 0.6116534391534392 0.49365327380952384 0.06428902116402116 0.07989583333333333
5 0.6637367724867725 0.12176587301587301 0.08463624338624338 0.09387152777777778
5 0.6341137566137566 0.19238343253968254 0.08203042328042329 0.09204117063492064
3 0.16894510582010583 0.49511656746031746 0.07002645502645502 0.06243799603174603
4 0.7877612433862434 0.38598710317460316 0.07108465608465608 0.08282490079365079
4 0.7180985449735451 0.37646577380952384 0.06648809523809524 0.07989583333333333
3 0.22005291005291008 0.3532713293650794 0.07161375661375662 0.06143105158730159
3 0.2978505291005291 0.5336904761904763 0.06966269841269841 0.06256200396825397
5 0.5611970899470899 0.1066889880952381 0.06966269841269841 0.08123759920634921
3 0.3551421957671958 0.5019543650793651 0.07080026455026454 0.06384176587301588
4 0.9309887566137566 0.40527281746031746 0.0742989417989418 0.08386160714285715
3 0.28596891534391533 0.4279786706349206 0.07080026455026454 0.06143105158730159
4 0.8580720899470899 0.3964856150793651 0.07132936507936508 0.08312996031746032
5 0.5338558201058201 0.17517113095238093 0.08406415343915344 0.09088045634920636
4 0.8164054232804233 0.5258779761904763 0.06978505291005291 0.08135912698412699
5 0.45475198412698414 0.0875843253968254 0.07637566137566137 0.09387152777777778
5 0.36100198412698414 0.06878720238095239 0.06661044973544973 0.07489087301587301
3 0.42350198412698414 0.5771478174603174 0.07043320105820106 0.06268353174603175
4 0.7480456349206349 0.5141592261904763 0.06799272486772487 0.08050595238095239
4 0.8873710317460317 0.5380853174603174 0.07161375661375662 0.08435019841269842
3 0.1043287037037037 0.42260664682539684 0.07108465608465608 0.06222470238095238
4 0.6809887566137566 0.5034176587301588 0.06502314814814815 0.08050595238095239
2 0.5553373015873015 0.2678224206349206 0.06441137566137566 0.05624503968253968
5 0.33691468253968254 0.13452132936507935 0.08829695767195767 0.09271329365079364
1 0.295734126984127 0.28100694444444446 0.059814814814814814 0.0378125
4 0.6510416666666666 0.36645585317460316 0.06502314814814815 0.0784920634920635
0 0.6162103174603175 0.7080084325396826 0.08862433862433862 0.07342509920634921
1 0.264484126984127 0.23278769841269842 0.05603174603174603 0.0382390873015873
0 0.5550132275132275 0.6674801587301588 0.09375 0.07183779761904761
5 0.4348544973544973 0.1521155753968254 0.07605820105820106 0.08101934523809524