3 0.6431018518518519 0.686485615079365 0.0937797619047619 0.039255952380952384
4 0.5494808201058201 0.6972668650793651 0.08894841269841271 0.03634672619047619
4 0.2319345238095238 0.48144593253968254 0.07482804232804233 0.05081101190476191
4 0.15039021164021163 0.5922842261904763 0.08479828042328043 0.06008928571428571
4 0.24137235449735447 0.6518551587301588 0.09090277777777778 0.05877728174603175
1 0.39908730158730155 0.7333978174603174 0.07043320105820106 0.033477182539682536
3 0.9003902116402117 0.5751959325396826 0.0694973544973545 0.0746453373015873
3 0.7324206349206349 0.6000967261904763 0.06184854497354497 0.07287698412698412
3 0.8222652116402117 0.4096676587301587 0.0569675925925926 0.062103174603174605
3 0.6979166666666666 0.5146478174603174 0.05375 0.06695436507936507
3 0.8600264550264549 0.48754960317460316 0.061726190476190476 0.06658978174603175
3 0.7792956349206349 0.50390625 0.06311177248677248 0.06878720238095239
3 0.8157539682539683 0.5888665674603174 0.06599867724867725 0.07421875
3 0.7441402116402117 0.42578125 0.053670634920634924 0.06097470238095238
3 0.8515641534391535 0.6831051587301588 0.07145171957671957 0.08300843253968254
0 0.45573082010582017 0.8300793650793651 0.09806216931216932 0.08465525793650794
5 0.2666005291005291 0.4003918650793651 0.04410714285714286 0.060761408730158735
5 0.46256613756613757 0.41381944444444446 0.048379629629629634 0.07080109126984127
5 0.5791005291005291 0.5200198412698412 0.05118716931216931 0.06561259920634921
5 0.41894510582010586 0.4626463293650794 0.04984457671957672 0.06573412698412699
5 0.3125 0.35815476190476186 0.03989748677248677 0.05865575396825397
5 0.6920568783068783 0.7924801587301588 0.0915542328042328 0.052519841269841265
3 0.6705720899470899 0.43725694444444446 0.05098544973544974 0.06188988095238095
5 0.5013029100529101 0.4941418650793651 0.05603174603174603 0.07501240079365079
5 0.3860681216931217 0.38647569444444446 0.04479828042328042 0.0629265873015873
4 0.32194113756613757 0.5390625 0.07893849206349207 0.05987599206349206
5 0.34082010582010586 0.4301760912698413 0.04666997354497354 0.0637202380952381
2 0.43164021164021166 0.6987301587301588 0.08447420634920634 0.03854414682539682
5 0.5361342592592593 0.4379885912698413 0.05041666666666667 0.06903025793650794
3 0.7636706349206349 0.6953125 0.07027116402116403 0.08270337301587301
1 0.5771494708994709 0.6264657738095237 0.06709656084656085 0.032410714285714286
0 0.2884126984126984 0.8149404761904763 0.13142857142857142 0.04272569444444445
4 0.29069113756613757 0.6879885912698412 0.094239417989418 0.06768849206349206
4 0.3621031746031746 0.5592757936507936 0.06944444444444445 0.052083333333333336
4 0.27502314814814816 0.5063665674603175 0.06944444444444445 0.04877728174603174
4 0.10692129629629629 0.5638219246031746 0.0815707671957672 0.054563492063492064
4 0.19235119047619045 0.6200396825396826 0.08046626984126984 0.05952380952380952