3 0.5810546875 0.380859375 0.0792236328125 0.03277587890625
3 0.65234375 0.47314453125 0.08585611979166667 0.036224365234375
3 0.6861979166666666 0.39306640625 0.08296712239583333 0.033843994140625
3 0.9153645833333334 0.4208984375 0.09391276041666667 0.035614013671875
3 0.6686197916666666 0.4345703125 0.08357747395833333 0.03521728515625
3 0.5611979166666666 0.4208984375 0.07881673177083333 0.034698486328125
3 0.7981770833333334 0.40576171875 0.08732096354166667 0.034942626953125
3 0.5397135416666666 0.457763671875 0.07967122395833333 0.034759521484375
3 0.7740885416666666 0.4892578125 0.09285481770833333 0.03662109375
4 0.22135416666666666 0.488037109375 0.07625325520833333 0.061981201171875
3 0.78515625 0.4482421875 0.08976236979166667 0.035888671875
3 0.9088541666666666 0.465576171875 0.095458984375 0.036163330078125
4 0.11653645833333333 0.5849609375 0.0791015625 0.06756591796875
3 0.90234375 0.5068359375 0.0986328125 0.0374755859375
4 0.22347005208333334 0.6220703125 0.08601888020833333 0.07666015625
4 0.3720703125 0.54052734375 0.07267252604166667 0.06683349609375
4 0.4287109375 0.55517578125 0.07499186197916667 0.07342529296875
0 0.595703125 0.5986328125 0.11572265625 0.04949951171875
4 0.2703450520833333 0.5078125 0.07442220052083333 0.06396484375
4 0.16764322916666666 0.60302734375 0.079833984375 0.07147216796875
4 0.322265625 0.525390625 0.073486328125 0.064208984375
4 0.28076171875 0.64306640625 0.0792236328125 0.07354736328125
4 0.3356119791666667 0.66259765625 0.08634440104166667 0.08038330078125
2 0.6044921875 0.68896484375 0.0947265625 0.0352783203125
1 0.3834635416666667 0.4326171875 0.03643798828125 0.0304412841796875
1 0.3333333333333333 0.423583984375 0.043212890625 0.038543701171875
0 0.6136067708333334 0.54248046875 0.11531575520833333 0.04681396484375
5 0.7493489583333334 0.818359375 0.12117513020833333 0.09808349609375
5 0.6194661458333334 0.810546875 0.12117513020833333 0.103759765625
5 0.3694661458333333 0.7890625 0.10221354166666667 0.09368896484375
5 0.7486979166666666 0.91552734375 0.12711588541666666 0.114990234375
5 0.3382161458333333 0.87841796875 0.10579427083333333 0.105224609375
5 0.4892578125 0.7998046875 0.10807291666666667 0.09808349609375
5 0.24300130208333334 0.77490234375 0.089599609375 0.08343505859375
5 0.21207682291666666 0.85986328125 0.09716796875 0.0987548828125
5 0.4778645833333333 0.89404296875 0.10432942708333333 0.106689453125
5 0.6139322916666666 0.9033203125 0.12711588541666666 0.12042236328125