5 0.6795634920634921 0.3132440476190476 0.12169312169312169 0.10664682539682539
1 0.7587632275132276 0.47978670634920634 0.0796957671957672 0.07564484126984126
4 0.17939814814814814 0.6557539682539683 0.17824074074074073 0.0679563492063492
4 0.19229497354497355 0.7408234126984127 0.1822089947089947 0.06994047619047619
0 0.8197751322751323 0.7442956349206349 0.167989417989418 0.08234126984126984
4 0.48032407407407407 0.7058531746031746 0.16567460317460317 0.07142857142857142
1 0.6155753968253969 0.40153769841269843 0.09093915343915344 0.06299603174603174
4 0.4426256613756614 0.5395585317460317 0.15046296296296297 0.06225198412698413
4 0.7298280423280423 0.6279761904761905 0.1488095238095238 0.052083333333333336
4 0.42824074074074076 0.45535714285714285 0.14484126984126985 0.054563492063492064
2 0.6125992063492064 0.6323164682539683 0.08234126984126984 0.10044642857142858
4 0.40922619047619047 0.376984126984127 0.13921957671957672 0.05406746031746032
4 0.14682539682539683 0.48933531746031744 0.15211640211640212 0.05952380952380952
4 0.4593253968253968 0.6207837301587301 0.15674603174603174 0.06746031746031746
4 0.16600529100529102 0.5688244047619048 0.164021164021164 0.061755952380952384
3 0.6311177248677249 0.5141369047619048 0.13855820105820105 0.061507936507936505