3 0.5670572916666666 0.51806640625 0.044026692708333336 0.05645751953125
4 0.1875 0.646484375 0.094970703125 0.038238525390625
3 0.4990234375 0.796875 0.047037760416666664 0.0701904296875
3 0.548828125 0.6953125 0.045735677083333336 0.06597900390625
3 0.5240885416666666 0.61083984375 0.0458984375 0.0615234375
4 0.3515625 0.71728515625 0.08748372395833333 0.038177490234375
3 0.4518229166666667 0.6220703125 0.043538411458333336 0.0615234375
4 0.19889322916666666 0.73876953125 0.09456380208333333 0.039337158203125
3 0.4293619791666667 0.541015625 0.042643229166666664 0.056640625
4 0.3369140625 0.62744140625 0.0806884765625 0.035491943359375
3 0.5738932291666666 0.7841796875 0.047322591145833336 0.06982421875
5 0.6376953125 0.446044921875 0.06441243489583333 0.06866455078125
1 0.4567057291666667 0.904296875 0.04345703125 0.05145263671875
3 0.6188151041666666 0.68310546875 0.04931640625 0.06622314453125
3 0.4742838541666667 0.70751953125 0.045206705729166664 0.06573486328125
1 0.3870442708333333 0.91015625 0.0411376953125 0.0526123046875
3 0.4970703125 0.5302734375 0.043294270833333336 0.0567626953125
3 0.6461588541666666 0.77197265625 0.049601236979166664 0.06939697265625
5 0.7076822916666666 0.430419921875 0.063720703125 0.06585693359375
3 0.5914713541666666 0.59814453125 0.045735677083333336 0.060516357421875
4 0.3440755208333333 0.6728515625 0.083251953125 0.0364990234375
4 0.3587239583333333 0.76318359375 0.08585611979166667 0.033660888671875
5 0.7454427083333334 0.489013671875 0.057373046875 0.06524658203125
0 0.4833984375 0.4033203125 0.0679931640625 0.06903076171875
0 0.4261067708333333 0.381591796875 0.06901041666666667 0.070068359375
5 0.6666666666666666 0.50927734375 0.0628662109375 0.06500244140625
4 0.17985026041666666 0.60205078125 0.08146158854166667 0.03338623046875
4 0.20084635416666666 0.78515625 0.08650716145833333 0.03521728515625
4 0.19449869791666666 0.6923828125 0.08992513020833333 0.037109375
2 0.6809895833333334 0.69482421875 0.0389404296875 0.054595947265625
5 0.67578125 0.371826171875 0.046590169270833336 0.053985595703125
5 0.607421875 0.38720703125 0.0560302734375 0.0635986328125
5 0.7877604166666666 0.552734375 0.060343424479166664 0.06939697265625
5 0.7122395833333334 0.5751953125 0.060791015625 0.0699462890625
4 0.3307291666666667 0.5810546875 0.0849609375 0.0352783203125
5 0.8274739583333334 0.61767578125 0.059895833333333336 0.07080078125
5 0.751953125 0.640625 0.058675130208333336 0.0699462890625