4 0.12086640211640212 0.8247767857142857 0.06448412698412699 0.1029265873015873
4 0.1099537037037037 0.6638144841269841 0.06646825396825397 0.0954861111111111
5 0.6626984126984127 0.279265873015873 0.1527777777777778 0.0689484126984127
4 0.19659391534391535 0.6629464285714286 0.06183862433862434 0.09126984126984126
5 0.7321428571428571 0.18117559523809523 0.15674603174603174 0.07415674603174603
4 0.4611441798941799 0.8268849206349206 0.054563492063492064 0.09077380952380952
5 0.5982142857142857 0.37276785714285715 0.1488095238095238 0.06994047619047619
5 0.36772486772486773 0.5153769841269841 0.14087301587301587 0.06101190476190476
4 0.20519179894179895 0.822296626984127 0.06316137566137567 0.1029265873015873
5 0.42741402116402116 0.4262152777777778 0.14252645502645503 0.0642361111111111
4 0.28951719576719576 0.6648065476190477 0.05191798941798942 0.08606150793650794
4 0.3748346560846561 0.6604662698412699 0.06117724867724868 0.09573412698412699
5 0.5381944444444444 0.46403769841269843 0.1431878306878307 0.06696428571428571
4 0.376984126984127 0.8219246031746031 0.056216931216931214 0.09672619047619048
4 0.2924933862433862 0.8198164682539683 0.05853174603174603 0.10243055555555555
5 0.5553385416666666 0.2381591796875 0.15706380208333334 0.07861328125
3 0.8125 0.85400390625 0.057373046875 0.091064453125
3 0.7122395833333334 0.74853515625 0.053548177083333336 0.089111328125
3 0.716796875 0.8623046875 0.0533447265625 0.09075927734375
3 0.7063802083333334 0.63134765625 0.054768880208333336 0.08990478515625
3 0.8072916666666666 0.74072265625 0.056437174479166664 0.0880126953125
3 0.802734375 0.625 0.057088216145833336 0.08880615234375
3 0.916015625 0.8486328125 0.0552978515625 0.0880126953125
3 0.9127604166666666 0.7373046875 0.056233723958333336 0.08880615234375
5 0.6158854166666666 0.1380615234375 0.16365559895833334 0.083740234375
3 0.9095052083333334 0.623046875 0.0584716796875 0.09088134765625
3 0.8014322916666666 0.50439453125 0.057088216145833336 0.090576171875
5 0.4957682291666667 0.33154296875 0.13614908854166666 0.06549072265625
3 0.9075520833333334 0.50146484375 0.058146158854166664 0.09088134765625