3 0.5576171875 0.634765625 0.07735188802083333 0.0615234375
3 0.6513671875 0.70263671875 0.0826416015625 0.06610107421875
3 0.4697265625 0.5732421875 0.07853190104166667 0.059417724609375
3 0.4996744791666667 0.68115234375 0.0791015625 0.0631103515625
3 0.5224609375 0.525390625 0.0758056640625 0.0567626953125
3 0.591796875 0.74853515625 0.08308919270833333 0.06573486328125
3 0.6116536458333334 0.59130859375 0.08056640625 0.060089111328125
0 0.26123046875 0.396484375 0.0482177734375 0.0830078125
3 0.32275390625 0.55078125 0.07609049479166667 0.055419921875
3 0.708984375 0.6591796875 0.08280436197916667 0.06439208984375
3 0.4339192708333333 0.46484375 0.07539876302083333 0.05572509765625
4 0.4469401041666667 0.78369140625 0.08829752604166667 0.07171630859375
0 0.18815104166666666 0.402099609375 0.048665364583333336 0.0810546875
5 0.6110026041666666 0.451171875 0.059366861979166664 0.0831298828125
1 0.580078125 0.90234375 0.054768880208333336 0.051544189453125
3 0.3795572916666667 0.5087890625 0.07527669270833333 0.05560302734375
5 0.5751953125 0.353759765625 0.0557861328125 0.07879638671875
3 0.4108072916666667 0.61669921875 0.07881673177083333 0.0615234375
4 0.23567708333333334 0.7958984375 0.091552734375 0.07318115234375
5 0.4085286458333333 0.26953125 0.047566731770833336 0.07904052734375
1 0.6422526041666666 0.861328125 0.06429036458333333 0.047149658203125
2 0.6783854166666666 0.57080078125 0.06709798177083333 0.049591064453125
4 0.2664388020833333 0.6337890625 0.08479817708333333 0.0618896484375
5 0.7493489583333334 0.437255859375 0.048828125 0.07421875
4 0.3990885416666667 0.74609375 0.0819091796875 0.0631103515625
4 0.14778645833333334 0.72265625 0.09073893229166667 0.06756591796875
5 0.6611328125 0.396240234375 0.048746744791666664 0.07318115234375
5 0.4410807291666667 0.36669921875 0.053548177083333336 0.07781982421875
4 0.357421875 0.70556640625 0.095947265625 0.07452392578125
5 0.5263671875 0.40869140625 0.057291666666666664 0.0784912109375
5 0.6966145833333334 0.49462890625 0.0595703125 0.08740234375
4 0.3107096354166667 0.6748046875 0.07527669270833333 0.057586669921875
5 0.4899088541666667 0.314208984375 0.046671549479166664 0.0753173828125
4 0.18994140625 0.759765625 0.089599609375 0.07122802734375
4 0.2765299479166667 0.84033203125 0.08650716145833333 0.06903076171875
5 0.3619791666666667 0.323486328125 0.050333658854166664 0.07696533203125
4 0.3113606770833333 0.88330078125 0.0736083984375 0.060302734375