2 0.5519179894179894 0.6743551587301587 0.07341269841269842 0.0798611111111111
0 0.652281746031746 0.8157242063492064 0.12731481481481483 0.08085317460317461
4 0.7936507936507936 0.6815476190476191 0.10978835978835978 0.06597222222222222
5 0.7018849206349206 0.45808531746031744 0.08961640211640212 0.10069444444444445
4 0.17559523809523808 0.7442956349206349 0.1421957671957672 0.07192460317460317
1 0.8463955026455027 0.5611359126984127 0.06316137566137567 0.0642361111111111
4 0.3559854497354497 0.6186755952380952 0.1173941798941799 0.0597718253968254
4 0.06911375661375661 0.5549355158730159 0.11838624338624339 0.058779761904761904
1 0.5534060846560847 0.4990079365079365 0.08630952380952381 0.039186507936507936
4 0.2501653439153439 0.42683531746031744 0.11937830687830688 0.062003968253968256
4 0.14368386243386244 0.6805555555555556 0.1412037037037037 0.06994047619047619
4 0.31977513227513227 0.5553075396825397 0.12169312169312169 0.062003968253968256
4 0.10615079365079365 0.6161954365079365 0.12367724867724868 0.06076388888888889
4 0.2835648148148148 0.48908730158730157 0.12400793650793651 0.06398809523809523
4 0.3897156084656085 0.6817956349206349 0.12334656084656084 0.06299603174603174
3 0.66015625 0.56201171875 0.1240234375 0.05023193359375