3 0.322265625 0.63623046875 0.08219401041666667 0.048583984375
3 0.2830403645833333 0.5869140625 0.07954915364583333 0.047088623046875
3 0.4606119791666667 0.634765625 0.07893880208333333 0.0472412109375
3 0.3590494791666667 0.6826171875 0.08406575520833333 0.04931640625
3 0.5152994791666666 0.546875 0.07320149739583333 0.044097900390625
3 0.556640625 0.58837890625 0.0758056640625 0.0455322265625
3 0.3831380208333333 0.5439453125 0.07792154947916667 0.04534912109375
3 0.4778645833333333 0.50244140625 0.07442220052083333 0.044525146484375
3 0.4235026041666667 0.59033203125 0.07649739583333333 0.046722412109375
4 0.4352213541666667 0.4375 0.06416829427083333 0.059539794921875
3 0.646484375 0.5458984375 0.07401529947916667 0.044281005859375
4 0.3193359375 0.374267578125 0.058675130208333336 0.056121826171875
3 0.603515625 0.5048828125 0.07511393229166667 0.044189453125
0 0.7571614583333334 0.456787109375 0.092041015625 0.033966064453125
4 0.2652994791666667 0.39013671875 0.059895833333333336 0.056854248046875
4 0.41796875 0.3408203125 0.063232421875 0.056976318359375
5 0.685546875 0.7177734375 0.10888671875 0.04046630859375
4 0.3352864583333333 0.473876953125 0.0633544921875 0.060089111328125
4 0.3844401041666667 0.45458984375 0.06103515625 0.059326171875
5 0.763671875 0.6650390625 0.09952799479166667 0.0276336669921875
2 0.4651692708333333 0.68310546875 0.07145182291666667 0.045867919921875
1 0.14933268229166666 0.59326171875 0.05859375 0.036163330078125
5 0.6194661458333334 0.7705078125 0.12166341145833333 0.044525146484375
5 0.6282552083333334 0.66748046875 0.11246744791666667 0.040252685546875
0 0.76171875 0.41357421875 0.09513346354166667 0.036834716796875
4 0.21728515625 0.40283203125 0.058797200520833336 0.054901123046875
5 0.888671875 0.572265625 0.10245768229166667 0.028656005859375
4 0.3678385416666667 0.3544921875 0.055704752604166664 0.052032470703125
5 0.5543619791666666 0.71728515625 0.11507161458333333 0.044677734375
4 0.4853515625 0.41796875 0.0628662109375 0.05780029296875
5 0.76953125 0.57421875 0.09073893229166667 0.025665283203125
3 0.5667317708333334 0.46435546875 0.072265625 0.04351806640625
5 0.8287760416666666 0.529296875 0.095947265625 0.0266571044921875
1 0.12687174479166666 0.55126953125 0.068359375 0.036163330078125
5 0.8235677083333334 0.61669921875 0.1044921875 0.03265380859375
5 0.693359375 0.62158203125 0.10538736979166667 0.03656005859375
4 0.2814127604166667 0.4912109375 0.0635986328125 0.06439208984375