4 0.4208984375 0.451171875 0.09138997395833333 0.055419921875
4 0.3929036458333333 0.410400390625 0.09285481770833333 0.055206298828125
4 0.5162760416666666 0.32177734375 0.087646484375 0.049957275390625
4 0.6253255208333334 0.481201171875 0.09220377604166667 0.05499267578125
1 0.7018229166666666 0.353271484375 0.052652994791666664 0.034820556640625
4 0.4449869791666667 0.496826171875 0.09138997395833333 0.0526123046875
4 0.544921875 0.361572265625 0.086669921875 0.052520751953125
4 0.3714192708333333 0.369384765625 0.08894856770833333 0.05224609375
4 0.4680989583333333 0.53515625 0.09562174479166667 0.054290771484375
3 0.07596842447916667 0.448486328125 0.04345703125 0.061981201171875
0 0.6725260416666666 0.615234375 0.09122721354166667 0.09173583984375
4 0.5712890625 0.406005859375 0.09025065104166667 0.0548095703125
1 0.671875 0.314697265625 0.059122721354166664 0.034820556640625
3 0.146240234375 0.439453125 0.042805989583333336 0.06085205078125
5 0.40625 0.6572265625 0.06477864583333333 0.0970458984375
0 0.7454427083333334 0.58447265625 0.09171549479166667 0.0889892578125
3 0.07279459635416667 0.53466796875 0.047403971354166664 0.06878662109375
4 0.5963541666666666 0.441162109375 0.08878580729166667 0.0548095703125
5 0.333984375 0.70263671875 0.06441243489583333 0.09808349609375
3 0.14176432291666666 0.61962890625 0.048380533854166664 0.0762939453125
3 0.144287109375 0.525390625 0.045206705729166664 0.06695556640625
5 0.3427734375 0.59326171875 0.060139973958333336 0.09136962890625
3 0.13932291666666666 0.716796875 0.05126953125 0.0802001953125
5 0.2687174479166667 0.63623046875 0.06673177083333333 0.09173583984375
2 0.5787760416666666 0.68701171875 0.0767822265625 0.05975341796875
5 0.4026692708333333 0.7724609375 0.06937662760416667 0.10247802734375
5 0.4736328125 0.7236328125 0.058675130208333336 0.097412109375
3 0.061482747395833336 0.7236328125 0.052164713541666664 0.08038330078125
3 0.014821370442708334 0.454833984375 0.0284423828125 0.06085205078125
3 0.0684814453125 0.62451171875 0.051472981770833336 0.07464599609375
5 0.5481770833333334 0.79638671875 0.062174479166666664 0.10894775390625
5 0.4703776041666667 0.8466796875 0.06913248697916667 0.11083984375
5 0.626953125 0.8720703125 0.062418619791666664 0.1175537109375
5 0.5455729166666666 0.927734375 0.06648763020833333 0.120849609375