4 0.22037698412698412 0.41528273809523814 0.08797288359788359 0.046478174603174605
3 0.7018220899470899 0.6923834325396826 0.059447751322751326 0.07434027777777778
5 0.40279431216931216 0.4375669642857143 0.03789021164021164 0.07628224206349206
3 0.8313789682539683 0.5146478174603174 0.05578703703703703 0.07147321428571429
3 0.6627612433862434 0.49316468253968254 0.0507010582010582 0.0668328373015873
3 0.7864583333333334 0.70703125 0.055502645502645505 0.07501240079365079
3 0.7226554232804233 0.5991220238095237 0.0526521164021164 0.07183779761904761
3 0.6403009259259259 0.5854489087301588 0.047119708994709 0.06842013888888888
3 0.7441402116402117 0.5043948412698412 0.05293650793650794 0.06903025793650794
3 0.8098974867724869 0.6103521825396826 0.055095899470899476 0.07354662698412699
5 0.34602843915343917 0.28442460317460316 0.04597883597883597 0.07598958333333333
3 0.6770833333333334 0.7871106150793651 0.05147156084656085 0.07452380952380953
3 0.5960284391534392 0.7739260912698412 0.05187830687830688 0.0746453373015873
3 0.6181646825396825 0.6787103174603174 0.04968253968253968 0.07122767857142857
5 0.28255291005291006 0.3247073412698413 0.044189814814814814 0.07275297619047619
5 0.3417956349206349 0.3784176587301587 0.04050595238095238 0.07183779761904761
5 0.4641931216931217 0.49462797619047616 0.0412797619047619 0.08447172619047619
5 0.4117824074074074 0.33984375 0.04703703703703704 0.07720982142857143
1 0.2690443121693122 0.7065426587301588 0.06721891534391534 0.03408730158730159
2 0.3151058201058201 0.68359375 0.07967261904761905 0.029250992063492062
4 0.30126984126984124 0.5405282738095237 0.07967261904761905 0.04376240079365079
5 0.5299470899470899 0.44897569444444446 0.039530423280423284 0.07598958333333333
5 0.4684259259259259 0.3923338293650794 0.04528769841269841 0.07092261904761904
4 0.27539021164021166 0.49926835317460316 0.08341600529100529 0.04681299603174603
4 0.4169179894179894 0.7104489087301588 0.08090608465608465 0.04138144841269841
0 0.28629629629629627 0.7983407738095237 0.10449074074074075 0.051453373015873015
3 0.502529761904762 0.7269766865079366 0.0876818783068783 0.045119047619047614
4 0.1615410052910053 0.5961904761904763 0.10335317460317461 0.054107142857142854
0 0.1516931216931217 0.74609375 0.10774801587301587 0.05490079365079365
1 0.47102843915343917 0.6557614087301588 0.056233465608465615 0.03430059523809524
5 0.5273445767195767 0.5498040674603174 0.04223544973544974 0.08251984126984127
4 0.10734126984126985 0.5126959325396826 0.1007473544973545 0.051941964285714286
4 0.24739748677248677 0.45727430555555554 0.08028108465608466 0.043854166666666666
4 0.18164021164021163 0.6386731150793651 0.10042328042328043 0.051941964285714286
4 0.13330026455026456 0.5527356150793651 0.10001653439153439 0.05340525793650794
4 0.07666005291005291 0.47143601190476186 0.09863425925925925 0.05126984126984127
5 0.49674603174603177 0.8295907738095237 0.0959457671957672 0.031143353174603174