4 0.3394510582010582 0.41083829365079366 0.09689153439153439 0.044890873015873016
0 0.4166666666666667 0.37797619047619047 0.04828042328042328 0.07142857142857142
4 0.5601851851851852 0.3878968253968254 0.07936507936507936 0.05009920634920635
5 0.4330357142857143 0.8912450396825397 0.15707671957671956 0.08705357142857142
5 0.6254960317460317 0.5373263888888888 0.10681216931216932 0.051835317460317464
4 0.16104497354497355 0.40153769841269843 0.10383597883597884 0.04117063492063492
4 0.3525132275132275 0.45535714285714285 0.09788359788359788 0.04563492063492063
2 0.5831679894179894 0.46391369047619047 0.07771164021164022 0.04538690476190476
4 0.3642526455026455 0.49987599206349204 0.10482804232804233 0.045882936507936505
4 0.1787367724867725 0.48226686507936506 0.10681216931216932 0.04538690476190476
5 0.4451058201058201 0.666046626984127 0.12896825396825398 0.06125992063492063
4 0.18915343915343916 0.529265873015873 0.11243386243386243 0.043154761904761904
1 0.5821759259259259 0.2848462301587302 0.040013227513227514 0.041914682539682536
4 0.1691468253968254 0.4410962301587302 0.10284391534391535 0.043402777777777776
1 0.447255291005291 0.4417162698412698 0.06117724867724868 0.03422619047619048
0 0.6531084656084656 0.3492063492063492 0.04828042328042328 0.07589285714285714
4 0.19262566137566137 0.5772569444444444 0.11408730158730158 0.05133928571428571
5 0.49404761904761907 0.7857142857142857 0.13822751322751323 0.06646825396825397
5 0.4889219576719577 0.5869295634920635 0.1173941798941799 0.056299603174603176
5 0.4408068783068783 0.3012152777777778 0.09457671957671958 0.03050595238095238
5 0.5849867724867724 0.6159474206349206 0.11507936507936507 0.057787698412698416
3 0.6840277777777778 0.4305555555555556 0.09623015873015874 0.039186507936507936
3 0.7356779100529101 0.5649404761904763 0.0569675925925926 0.07641617063492064
3 0.7154960317460317 0.6655282738095237 0.06978505291005291 0.08978174603174603
3 0.7825529100529101 0.9267584325396826 0.07027116402116403 0.10949652777777778
3 0.8151058201058201 0.6801760912698412 0.06901124338624338 0.09204117063492064
3 0.6946626984126983 0.7792981150793651 0.07055555555555557 0.10247767857142857
5 0.3313789682539683 0.8540029761904763 0.15755291005291006 0.08135912698412699
3 0.6705720899470899 0.9072271825396826 0.06465608465608466 0.1089484126984127
3 0.7981779100529101 0.796875 0.0730787037037037 0.10125744047619047
3 0.9088558201058201 0.8149404761904763 0.07238756613756614 0.10632440476190476
3 0.9199206349206349 0.6967782738095237 0.06823743386243386 0.09448164682539682
4 0.32828703703703704 0.36987351190476186 0.0925297619047619 0.0394890873015873
5 0.5397123015873015 0.6958010912698412 0.11613095238095238 0.05920386904761905
3 0.828125 0.5795907738095237 0.06477843915343914 0.0816641865079365
5 0.38899801587301586 0.7558606150793651 0.14054232804232805 0.06829861111111112
3 0.9270833333333334 0.5878918650793651 0.06079034391534392 0.0808110119047619