3 0.251984126984127 0.7904265873015873 0.04894179894179894 0.07738095238095238
3 0.242228835978836 0.6898561507936508 0.04794973544973545 0.07465277777777778
3 0.08267195767195767 0.8049355158730159 0.051587301587301584 0.07961309523809523
3 0.07837301587301587 0.7033730158730159 0.05092592592592592 0.0763888888888889
2 0.7083333333333334 0.8547867063492064 0.05092592592592592 0.06870039682539683
3 0.23412698412698413 0.5936259920634921 0.04828042328042328 0.07118055555555555
3 0.22602513227513227 0.5004960317460317 0.045304232804232805 0.06696428571428571
3 0.1474867724867725 0.5089285714285714 0.046296296296296294 0.06845238095238096
3 0.15443121693121692 0.6004464285714286 0.04828042328042328 0.07192460317460317
3 0.17096560846560846 0.7962549603174603 0.05026455026455026 0.07961309523809523
3 0.07572751322751323 0.6066468253968254 0.05026455026455026 0.07192460317460317
3 0.16071428571428573 0.6963045634920635 0.04894179894179894 0.07514880952380952
3 0.07043650793650794 0.5147569444444444 0.046957671957671955 0.06820436507936507
1 0.4095568783068783 0.8804563492063492 0.05720899470899471 0.04811507936507937
5 0.7554563492063492 0.48288690476190477 0.09292328042328042 0.07490079365079365
5 0.7367724867724867 0.4079861111111111 0.08664021164021164 0.07787698412698413
4 0.5353835978835979 0.5317460317460317 0.10515873015873016 0.04017857142857143
0 0.6294642857142857 0.8545386904761905 0.04662698412698413 0.09895833333333333
5 0.7764550264550265 0.5592757936507936 0.08994708994708994 0.08035714285714286
5 0.7271825396825397 0.7326388888888888 0.08002645502645503 0.0763888888888889
5 0.824239417989418 0.7188740079365079 0.08630952380952381 0.07663690476190477
5 0.8002645502645502 0.6372767857142857 0.08664021164021164 0.08060515873015874
5 0.685515873015873 0.568328373015873 0.08531746031746032 0.07762896825396826
5 0.7043650793650794 0.6489335317460317 0.09060846560846561 0.07911706349206349
4 0.5522486772486772 0.6886160714285714 0.10978835978835978 0.04141865079365079
4 0.3644179894179894 0.5432787698412699 0.10582010582010581 0.038938492063492064
1 0.34226190476190477 0.9151785714285714 0.05357142857142857 0.051587301587301584
0 0.5418320105820106 0.8560267857142857 0.044642857142857144 0.09796626984126984
5 0.666005291005291 0.49181547619047616 0.08796296296296297 0.07688492063492064
4 0.3776455026455027 0.7548363095238095 0.11044973544973545 0.04538690476190476
5 0.6514550264550265 0.4154265873015873 0.08465608465608465 0.0763888888888889
4 0.37218915343915343 0.6443452380952381 0.10615079365079365 0.039186507936507936
4 0.37466931216931215 0.6987847222222222 0.10515873015873016 0.04290674603174603
4 0.558531746031746 0.7424355158730159 0.10515873015873016 0.04141865079365079
4 0.5459656084656085 0.6372767857142857 0.10449735449735449 0.03844246031746032
4 0.5403439153439153 0.5837053571428571 0.10515873015873016 0.03993055555555555
4 0.3655753968253968 0.5923859126984127 0.105489417989418 0.03794642857142857