3 0.521484375 0.822265625 0.041748046875 0.056640625
3 0.5533854166666666 0.603515625 0.0408935546875 0.049957275390625
3 0.4964192708333333 0.73486328125 0.04248046875 0.053497314453125
3 0.4381510416666667 0.72021484375 0.040974934895833336 0.051849365234375
3 0.4072265625 0.78955078125 0.042805989583333336 0.0560302734375
3 0.4983723958333333 0.58935546875 0.040445963541666664 0.04840087890625
3 0.5791015625 0.6826171875 0.040445963541666664 0.0517578125
3 0.6064453125 0.6162109375 0.038716634114583336 0.049407958984375
4 0.3782552083333333 0.6474609375 0.061726888020833336 0.0310821533203125
3 0.525390625 0.66796875 0.0419921875 0.051361083984375
3 0.5504557291666666 0.7509765625 0.040201822916666664 0.05560302734375
4 0.4134114583333333 0.578125 0.06490071614583333 0.03167724609375
3 0.4658203125 0.8056640625 0.042805989583333336 0.05645751953125
5 0.3785807291666667 0.47216796875 0.048665364583333336 0.05291748046875
4 0.4326171875 0.544921875 0.06787109375 0.033721923828125
4 0.3899739583333333 0.61279296875 0.06937662760416667 0.0322265625
3 0.4674479166666667 0.65478515625 0.041056315104166664 0.05023193359375
5 0.33984375 0.416259765625 0.04248046875 0.050811767578125
4 0.2942708333333333 0.58154296875 0.06429036458333333 0.0304412841796875
5 0.4371744791666667 0.484130859375 0.046875 0.049041748046875
5 0.5911458333333334 0.475830078125 0.052083333333333336 0.051177978515625
5 0.568359375 0.5205078125 0.054239908854166664 0.05572509765625
5 0.5263671875 0.4619140625 0.047403971354166664 0.0517578125
5 0.46484375 0.447509765625 0.0458984375 0.04986572265625
5 0.3990885416666667 0.431640625 0.041361490885416664 0.051849365234375
5 0.5022786458333334 0.50439453125 0.0467529296875 0.0526123046875
2 0.7109375 0.576171875 0.056233723958333336 0.033538818359375
5 0.31396484375 0.4521484375 0.049763997395833336 0.05645751953125
4 0.2750651041666667 0.61669921875 0.07568359375 0.034942626953125
4 0.3253580729166667 0.5205078125 0.0709228515625 0.03021240234375
4 0.2537434895833333 0.64892578125 0.07161458333333333 0.035400390625
1 0.6875 0.60986328125 0.0496826171875 0.0243377685546875
0 0.6848958333333334 0.513671875 0.056844075520833336 0.04779052734375
1 0.6848958333333334 0.650390625 0.0491943359375 0.0217437744140625
0 0.7317708333333334 0.53515625 0.05517578125 0.04742431640625
4 0.3600260416666667 0.6796875 0.06278483072916667 0.03167724609375
4 0.3058268229166667 0.5537109375 0.060465494791666664 0.0284423828125