2 0.5094246031746031 0.5017361111111112 0.0710978835978836 0.08581349206349206
0 0.16898148148148148 0.755828373015873 0.07539682539682539 0.12227182539682539
5 0.17807539682539683 0.5865575396825397 0.08234126984126984 0.11755952380952381
0 0.25148809523809523 0.4365079365079365 0.10482804232804233 0.09771825396825397
4 0.4363425925925926 0.7523561507936508 0.12797619047619047 0.09796626984126984
4 0.9297288359788359 0.6360367063492064 0.13921957671957672 0.0920138888888889
4 0.6630291005291006 0.9011656746031746 0.14351851851851852 0.10788690476190477
1 0.09027777777777778 0.6666666666666666 0.08531746031746032 0.06547619047619048
4 0.578042328042328 0.6251240079365079 0.12632275132275134 0.09151785714285714
4 0.7938161375661376 0.7645089285714286 0.15244708994708994 0.10491071428571429
1 0.0818452380952381 0.7795138888888888 0.0882936507936508 0.05109126984126984
3 0.3816137566137566 0.4801587301587302 0.12367724867724868 0.05654761904761905
4 0.37433862433862436 0.6226438492063492 0.09986772486772487 0.09350198412698413
3 0.34016865079365083 0.20007440476190477 0.12101190476190476 0.05032242063492064
3 0.8196626984126983 0.3928224206349206 0.14078703703703704 0.05261160714285714
4 0.7317724867724869 0.8291021825396826 0.1442857142857143 0.12085069444444443
4 0.8684887566137566 0.69921875 0.13305555555555557 0.10089037698412699
3 0.6650396825396825 0.2250967261904762 0.12361772486772486 0.05090277777777778
3 0.2936210317460317 0.3442385912698413 0.1223148148148148 0.048492063492063496
3 0.4622387566137566 0.36035218253968254 0.12849867724867725 0.05071924603174603
3 0.31933531746031746 0.2712400793650794 0.1211739417989418 0.048492063492063496
3 0.48372354497354497 0.28515625 0.1267096560846561 0.04968253968253968
4 0.5039054232804233 0.6904290674603174 0.13932208994708994 0.10577380952380953
3 0.8307308201058201 0.31713789682539684 0.13761243386243385 0.054290674603174605
3 0.500651455026455 0.21252480158730158 0.1267096560846561 0.051453373015873015
4 0.640625 0.5693353174603174 0.13932208994708994 0.08831845238095239
3 0.6481117724867725 0.3002926587301587 0.12312830687830686 0.05059771825396825
3 0.6334623015873015 0.37573164682539684 0.12825396825396826 0.05032242063492064