3 0.45605489417989414 0.50390625 0.09700396825396825 0.04654017857142857
1 0.21760912698412696 0.38159226190476186 0.07751322751322752 0.04611111111111111
2 0.3090806878306878 0.3850099206349206 0.09562169312169314 0.03912450396825397
3 0.4729828042328042 0.43774305555555554 0.10115410052910052 0.05203125
3 0.8255224867724869 0.5620114087301588 0.09407407407407407 0.042876984126984125
5 0.3984391534391535 0.6450198412698412 0.10042328042328043 0.06927579365079364
3 0.6051421957671957 0.4609375 0.09952711640211641 0.04760664682539682
4 0.41829365079365083 0.5634771825396826 0.09529761904761905 0.042083333333333334
3 0.6266269841269841 0.3950198412698413 0.1007473544973545 0.05233878968253968
3 0.5852876984126985 0.5263665674603174 0.10001653439153439 0.04959077380952381
0 0.12361772486772486 0.40698164682539684 0.08634589947089948 0.10412698412698412
3 0.7265641534391535 0.484375 0.09667989417989419 0.04510416666666667
5 0.5084623015873015 0.63671875 0.09741071428571428 0.06658978174603175
3 0.7063789682539683 0.5449231150793651 0.09545965608465609 0.044434523809523806
5 0.2766931216931217 0.6538095238095237 0.10538690476190476 0.07043402777777778
3 0.7496494708994709 0.42401785714285717 0.08882936507936508 0.042780257936507936
0 0.2832043650793651 0.48950148809523814 0.12556878306878308 0.03533978174603175
5 0.4013657407407408 0.7207043650793651 0.09773809523809524 0.06756696428571429
3 0.8391931216931217 0.5048834325396826 0.09269179894179895 0.04147321428571429
5 0.5107407407407407 0.7109375 0.09391203703703704 0.07055555555555557
5 0.3746759259259259 0.5400396825396826 0.12076719576719576 0.04321180555555555
3 0.5007242063492063 0.37238839285714287 0.09793650793650795 0.048206845238095236
3 0.2545568783068783 0.5258779761904763 0.10847883597883598 0.03875744047619048
5 0.7239583333333334 0.6230481150793651 0.094239417989418 0.06408730158730158
5 0.7220039682539683 0.6923834325396826 0.09073743386243385 0.0647594246031746
1 0.26432208994708994 0.4274900793650794 0.07853174603174602 0.032470238095238094
4 0.7057308201058201 0.3041989087301587 0.07482804232804233 0.08386160714285715
4 0.6829431216931217 0.15832589285714285 0.07360780423280423 0.08978174603174603
4 0.6383465608465608 0.28930555555555554 0.0733234126984127 0.08599950396825397
4 0.5706382275132275 0.27319444444444446 0.0742989417989418 0.08801339285714285
4 0.5485019841269841 0.11938492063492064 0.06913359788359788 0.09057539682539682
4 0.7701818783068783 0.31933531746031746 0.06661044973544973 0.08007936507936508
4 0.5048842592592593 0.2573239087301587 0.07291666666666667 0.08978174603174603
4 0.6178373015873015 0.1391592261904762 0.07694444444444444 0.09283482142857143
5 0.6197916666666666 0.6264657738095237 0.094239417989418 0.06512400793650794
4 0.7480456349206349 0.17517113095238093 0.07511243386243385 0.08929563492063493
5 0.6214186507936508 0.6948239087301588 0.11425925925925925 0.08386160714285715