3 0.5830078125 0.82275390625 0.11531575520833333 0.06927490234375
3 0.5361328125 0.75146484375 0.11181640625 0.06817626953125
3 0.4010416666666667 0.80419921875 0.11124674479166667 0.06719970703125
3 0.6673177083333334 0.70166015625 0.10888671875 0.06719970703125
3 0.7994791666666666 0.64990234375 0.11181640625 0.06671142578125
2 0.2638346354166667 0.47119140625 0.07401529947916667 0.060302734375
3 0.71875 0.771484375 0.11385091145833333 0.06982421875
5 0.7102864583333334 0.46142578125 0.10970052083333333 0.064208984375
3 0.6223958333333334 0.63232421875 0.11222330729166667 0.063232421875
1 0.20279947916666666 0.457763671875 0.057698567708333336 0.052825927734375
3 0.8509114583333334 0.71923828125 0.11531575520833333 0.0701904296875
3 0.7513020833333334 0.58349609375 0.11263020833333333 0.061309814453125
4 0.3025716145833333 0.5634765625 0.0609130859375 0.07208251953125
3 0.3587239583333333 0.7373046875 0.11067708333333333 0.0616455078125
3 0.3440755208333333 0.6357421875 0.06575520833333333 0.0762939453125
3 0.4928385416666667 0.68408203125 0.112060546875 0.061981201171875
5 0.6861979166666666 0.1976318359375 0.10636393229166667 0.06671142578125
5 0.6051432291666666 0.447265625 0.10847981770833333 0.06427001953125
5 0.5804036458333334 0.53125 0.11181640625 0.060516357421875
5 0.73046875 0.380126953125 0.1142578125 0.06927490234375
0 0.09716796875 0.5341796875 0.11930338541666667 0.05865478515625
5 0.21077473958333334 0.705078125 0.09529622395833333 0.0855712890625
4 0.5270182291666666 0.2158203125 0.10432942708333333 0.06256103515625
4 0.26220703125 0.306640625 0.10774739583333333 0.06585693359375
1 0.4059244791666667 0.56640625 0.051106770833333336 0.060638427734375
5 0.6298828125 0.363525390625 0.10506184895833333 0.062103271484375
4 0.2932942708333333 0.2587890625 0.10750325520833333 0.0703125
4 0.4680989583333333 0.318359375 0.102783203125 0.0604248046875
5 0.7819010416666666 0.2137451171875 0.10750325520833333 0.06256103515625
4 0.4449869791666667 0.364501953125 0.10677083333333333 0.0635986328125
4 0.32177734375 0.21044921875 0.10652669270833333 0.071044921875
4 0.3483072916666667 0.155029296875 0.10001627604166667 0.060302734375
4 0.23079427083333334 0.3564453125 0.11531575520833333 0.0638427734375
4 0.4990234375 0.2666015625 0.0986328125 0.0574951171875
0 0.067626953125 0.402587890625 0.07820638020833333 0.08978271484375
5 0.7545572916666666 0.2998046875 0.11246744791666667 0.06622314453125
5 0.6549479166666666 0.28369140625 0.11124674479166667 0.071044921875