4 0.11540343915343916 0.6512177579365079 0.08961640211640212 0.04017857142857143
3 0.4788425925925926 0.39355406746031746 0.06135912698412699 0.07208333333333333
3 0.40397156084656083 0.6157217261904763 0.06685515873015872 0.07122767857142857
3 0.40039021164021166 0.41381944444444446 0.0635978835978836 0.07122767857142857
3 0.36165343915343917 0.5253918650793651 0.06721891534391534 0.06878720238095239
0 0.7259126984126983 0.77734375 0.09846891534391534 0.06646825396825397
3 0.6035152116402116 0.6669915674603174 0.06502314814814815 0.07275297619047619
3 0.44108134920634917 0.5053720238095238 0.06453373015873017 0.07147321428571429
3 0.4423842592592592 0.7089856150793651 0.06539021164021164 0.07134920634920636
1 0.6419279100529101 0.7802728174603174 0.059447751322751326 0.036835317460317464
4 0.2589517195767196 0.5600595238095237 0.10506283068783068 0.05331349206349206
3 0.48144510582010586 0.5947271825396826 0.06811507936507936 0.07122767857142857
4 0.16992063492063494 0.7446279761904763 0.1057936507936508 0.053802083333333334
3 0.5201818783068783 0.4865724206349206 0.06539021164021164 0.07354662698412699
2 0.5680324074074075 0.7543948412698412 0.07132936507936508 0.05398561507936508
4 0.2887367724867725 0.609375 0.10652777777777778 0.0546875
1 0.5644543650793651 0.8110342261904763 0.053832671957671954 0.04760664682539682
4 0.3544907407407408 0.7534176587301588 0.10375992063492064 0.05602926587301587
5 0.7005224867724869 0.5073239087301588 0.06685515873015872 0.08435019841269842
4 0.31119708994708994 0.6591790674603174 0.10408399470899471 0.054290674603174605
4 0.7389318783068783 0.703125 0.06848214285714285 0.06561259920634921
5 0.7317724867724869 0.40234375 0.06823743386243386 0.08282490079365079
4 0.3333333333333333 0.70703125 0.10115410052910052 0.05349702380952381
5 0.6507175925925925 0.4331051587301587 0.06661044973544973 0.08447172619047619
3 0.5231117724867725 0.6855481150793651 0.07108465608465608 0.07665922619047619
4 0.19091931216931218 0.7973635912698412 0.10506283068783068 0.05398561507936508
4 0.14908730158730157 0.6977529761904763 0.10734126984126985 0.0546875
5 0.75 0.5800793650793651 0.06514550264550265 0.08196924603174603
5 0.8352876984126983 0.5473635912698412 0.07267195767195767 0.0816641865079365
5 0.8886706349206349 0.6220709325396826 0.06477843915343914 0.0803844246031746
5 0.7832043650793651 0.4746106150793651 0.06453373015873017 0.07891865079365079
5 0.8548181216931217 0.7294915674603174 0.062175925925925926 0.08740327380952381
0 0.6959623015873017 0.8989260912698412 0.1163723544973545 0.05441220238095238
5 0.8033862433862434 0.6533209325396826 0.06774801587301588 0.07806299603174603
5 0.5146494708994709 0.7949231150793651 0.03908399470899471 0.08526537698412699
3 0.5602215608465608 0.5751959325396826 0.06160383597883597 0.06964037698412699
3 0.7512136243386244 0.7543824404761905 0.09149140211640212 0.05538938492063492