0 0.6344401041666666 0.62451171875 0.07014973958333333 0.073974609375
4 0.6015625 0.552734375 0.08028157552083333 0.0264129638671875
3 0.5296223958333334 0.5869140625 0.061726888020833336 0.05633544921875
0 0.5846354166666666 0.70947265625 0.050537109375 0.0740966796875
5 0.5638020833333334 0.62841796875 0.042154947916666664 0.07171630859375
5 0.744140625 0.67626953125 0.09375 0.07135009765625
4 0.4723307291666667 0.8544921875 0.10188802083333333 0.048309326171875
5 0.830078125 0.67724609375 0.09822591145833333 0.07464599609375
1 0.60546875 0.450927734375 0.042805989583333336 0.04248046875
5 0.8190104166666666 0.52880859375 0.09187825520833333 0.06829833984375
1 0.4222005208333333 0.5810546875 0.054361979166666664 0.0345458984375
5 0.7330729166666666 0.529296875 0.08927408854166667 0.06854248046875
5 0.7369791666666666 0.6025390625 0.09041341145833333 0.07208251953125
4 0.4586588541666667 0.80419921875 0.09952799479166667 0.04327392578125
5 0.74609375 0.75634765625 0.09407552083333333 0.07781982421875
5 0.837890625 0.759765625 0.09879557291666667 0.0802001953125
3 0.4768880208333333 0.38427734375 0.07198079427083333 0.04779052734375
3 0.5185546875 0.421875 0.07307942708333333 0.04931640625
4 0.296875 0.8349609375 0.09757486979166667 0.04400634765625
2 0.5257161458333334 0.74609375 0.045206705729166664 0.058013916015625
3 0.4300130208333333 0.4716796875 0.07173665364583333 0.04803466796875
3 0.4365234375 0.3486328125 0.07255045572916667 0.046630859375
3 0.390625 0.432373046875 0.0723876953125 0.0469970703125
4 0.31005859375 0.88916015625 0.089599609375 0.040008544921875
3 0.2119140625 0.529296875 0.0748291015625 0.04742431640625
4 0.4147135416666667 0.66357421875 0.08650716145833333 0.034881591796875
3 0.3017578125 0.481201171875 0.06978352864583333 0.04620361328125
3 0.2649739583333333 0.442626953125 0.07470703125 0.04779052734375
5 0.8177083333333334 0.458984375 0.08992513020833333 0.06524658203125
4 0.4280598958333333 0.708984375 0.09090169270833333 0.038543701171875
3 0.33984375 0.52099609375 0.07307942708333333 0.047698974609375
4 0.4423828125 0.7578125 0.09285481770833333 0.03839111328125
3 0.3522135416666667 0.394775390625 0.07279459635416667 0.046478271484375
4 0.27099609375 0.73876953125 0.08846028645833333 0.038330078125
5 0.8248697916666666 0.60400390625 0.09391276041666667 0.07196044921875
4 0.2853190104166667 0.7861328125 0.09391276041666667 0.0386962890625
3 0.17643229166666666 0.490966796875 0.07442220052083333 0.04620361328125