3 0.8111772486772487 0.7087053571428571 0.05489417989417989 0.07366071428571429
3 0.7491732804232805 0.808655753968254 0.054563492063492064 0.08159722222222222
3 0.6436838624338624 0.6122271825396826 0.04927248677248677 0.06671626984126984
3 0.7933201058201058 0.6184275793650794 0.05291005291005291 0.06721230158730158
3 0.8311838624338624 0.8089037698412699 0.05787037037037037 0.08209325396825397
3 0.6557539682539683 0.7049851190476191 0.051587301587301584 0.07415674603174603
4 0.41451719576719576 0.4460565476190476 0.07572751322751323 0.060267857142857144
3 0.7314814814814815 0.7083333333333334 0.05489417989417989 0.07390873015873016
3 0.6663359788359788 0.8076636904761905 0.05357142857142857 0.08209325396825397
3 0.716765873015873 0.6171875 0.05125661375661376 0.06820436507936507
4 0.2640542328042328 0.3943452380952381 0.07242063492063493 0.05704365079365079
4 0.3212632275132275 0.5004960317460317 0.0763888888888889 0.061507936507936505
4 0.16468253968253968 0.44543650793650796 0.07341269841269842 0.059027777777777776
3 0.5390211640211641 0.6861359126984127 0.07341269841269842 0.06572420634920635
3 0.7767857142857143 0.5367063492063492 0.0496031746031746 0.06299603174603174
4 0.21533203125 0.421142578125 0.07722981770833333 0.061309814453125
4 0.3701171875 0.47314453125 0.07763671875 0.061309814453125
3 0.5608723958333334 0.58642578125 0.06990559895833333 0.055938720703125
4 0.4791666666666667 0.646484375 0.06429036458333333 0.06280517578125
4 0.3092447916666667 0.37255859375 0.0745849609375 0.055419921875
4 0.11181640625 0.467529296875 0.073486328125 0.0618896484375
4 0.34765625 0.64794921875 0.08992513020833333 0.048492431640625