3 0.2947591145833333 0.5830078125 0.07430013020833333 0.04742431640625
3 0.3844401041666667 0.62939453125 0.07625325520833333 0.048675537109375
3 0.388671875 0.78125 0.08203125 0.05706787109375
3 0.16845703125 0.58203125 0.0736083984375 0.04595947265625
3 0.20572916666666666 0.67529296875 0.07511393229166667 0.05059814453125
3 0.12101236979166667 0.62646484375 0.07373046875 0.048858642578125
2 0.3997395833333333 0.4638671875 0.070556640625 0.0323486328125
3 0.2955729166666667 0.72607421875 0.07853190104166667 0.05242919921875
3 0.341796875 0.67626953125 0.0767822265625 0.05194091796875
3 0.4371744791666667 0.72802734375 0.08341471354166667 0.05340576171875
3 0.474609375 0.6787109375 0.07332356770833333 0.051544189453125
3 0.20817057291666666 0.5361328125 0.0709228515625 0.042236328125
3 0.2529296875 0.62841796875 0.07332356770833333 0.047607421875
5 0.6259765625 0.44189453125 0.08878580729166667 0.035888671875
1 0.4404296875 0.3955078125 0.058919270833333336 0.02752685546875
5 0.6018880208333334 0.356689453125 0.09513346354166667 0.037322998046875
5 0.578125 0.496337890625 0.09806315104166667 0.04327392578125
1 0.4449869791666667 0.3525390625 0.0565185546875 0.028594970703125
0 0.27978515625 0.449951171875 0.09025065104166667 0.053314208984375
5 0.5595703125 0.41015625 0.09220377604166667 0.035003662109375
5 0.6474609375 0.301025390625 0.08894856770833333 0.03875732421875
5 0.5029296875 0.464111328125 0.092529296875 0.040924072265625
0 0.23779296875 0.49609375 0.094970703125 0.052825927734375
5 0.673828125 0.38134765625 0.08846028645833333 0.038177490234375
5 0.763671875 0.270263671875 0.09423828125 0.04345703125
4 0.6302083333333334 0.61962890625 0.08430989583333333 0.06475830078125
4 0.7180989583333334 0.55322265625 0.08158365885416667 0.06396484375
5 0.71875 0.326904296875 0.10001627604166667 0.042388916015625
4 0.8046875 0.48583984375 0.090087890625 0.060760498046875
5 0.6959635416666666 0.245849609375 0.09407552083333333 0.04443359375
4 0.888671875 0.607421875 0.09651692708333333 0.06878662109375
4 0.755859375 0.7119140625 0.09407552083333333 0.06939697265625
4 0.8001302083333334 0.6748046875 0.09716796875 0.06768798828125
4 0.84375 0.642578125 0.09562174479166667 0.06982421875
4 0.7610677083333334 0.5205078125 0.08829752604166667 0.060760498046875
4 0.9329427083333334 0.568359375 0.09879557291666667 0.06658935546875
4 0.67578125 0.58642578125 0.07694498697916667 0.06549072265625