2 0.5849603174603175 0.6230481150793651 0.08911044973544975 0.054290674603174605
3 0.3567724867724868 0.46240327380952384 0.07568452380952381 0.0659796626984127
3 0.43131613756613757 0.42480406746031746 0.07780092592592593 0.06671130952380953
3 0.5071626984126985 0.5009771825396826 0.07995701058201057 0.06695436507936507
3 0.2902017195767196 0.38915922619047616 0.07132936507936508 0.06188988095238095
5 0.655598544973545 0.33960069444444446 0.06229497354497354 0.09222470238095239
0 0.7558597883597883 0.6977529761904763 0.13614748677248675 0.08154265873015873
3 0.36100198412698414 0.25488343253968254 0.06685515873015872 0.06042410714285714
5 0.7532539682539683 0.3850099206349206 0.06184854497354497 0.09448164682539682
4 0.18684854497354497 0.45214781746031746 0.09562169312169314 0.06143105158730159
5 0.5693353174603175 0.29931547619047616 0.055909391534391534 0.09008680555555557
3 0.4996759259259259 0.3872073412698413 0.07527777777777778 0.06463541666666667
4 0.1622718253968254 0.7128918650793651 0.10969907407407407 0.06829861111111112
4 0.21728505291005293 0.49707093253968254 0.10294642857142858 0.06463541666666667
4 0.3206382275132275 0.6293948412698412 0.10969907407407407 0.07330357142857143
3 0.29768849206349207 0.28979414682539684 0.06685515873015872 0.05749503968253968
3 0.4267592592592592 0.31933531746031746 0.07055555555555557 0.06198164682539682
3 0.36262896825396823 0.35571180555555554 0.07238756613756614 0.06268353174603175
4 0.10058531746031747 0.6196279761904763 0.10929232804232804 0.06817708333333333
3 0.5784490740740741 0.46166914682539684 0.08406415343915344 0.07080109126984127
4 0.2846693121693122 0.5830084325396826 0.10636243386243385 0.06768849206349206
1 0.6614583333333334 0.6689459325396826 0.06465608465608466 0.06188988095238095
4 0.13142857142857142 0.6621106150793651 0.109864417989418 0.06768849206349206
4 0.6634126984126985 0.4331051587301587 0.09309854497354496 0.05126984126984127
3 0.7578141534391535 0.5371106150793651 0.10042328042328043 0.058439980158730157
5 0.6764318783068783 0.4682614087301587 0.11328042328042329 0.056976686507936504
3 0.43033730158730155 0.5410168650793651 0.08308862433862434 0.06964037698412699
0 0.703125 0.5532217261904763 0.11328042328042329 0.06671130952380953
5 0.8554695767195767 0.4279786706349206 0.06685515873015872 0.09619047619047619
5 0.7200529100529101 0.2834474206349206 0.05814484126984128 0.09368799603174603
4 0.06709656084656085 0.5756845238095237 0.10294642857142858 0.06427083333333333
5 0.6263029100529101 0.24414186507936508 0.053670634920634924 0.0823983134920635
5 0.4840509259259259 0.25097718253968254 0.04732142857142857 0.07836805555555557
5 0.5410152116402116 0.20324652777777777 0.04370039682539683 0.08062748015873016
5 0.8138029100529101 0.31933531746031746 0.05603174603174603 0.08569444444444443
1 0.6643882275132275 0.6079092261904763 0.06774801587301588 0.03985615079365079