3 0.4573578042328042 0.5756845238095237 0.06624338624338624 0.07330357142857143
3 0.5683597883597884 0.7182614087301588 0.06799272486772487 0.08135912698412699
3 0.6178373015873015 0.62109375 0.06229497354497354 0.07531746031746032
3 0.4863293650793651 0.6953125 0.06860449735449736 0.08135912698412699
4 0.3795568783068783 0.48339781746031746 0.09667989417989419 0.0528249007936508
3 0.4042956349206349 0.6684573412698412 0.06774801587301588 0.07965029761904761
4 0.4609391534391535 0.35693452380952384 0.09041335978835979 0.048583829365079365
4 0.4384755291005291 0.39550843253968254 0.09187830687830686 0.05090277777777778
5 0.4319675925925926 0.21850694444444443 0.057291666666666664 0.07226686507936508
3 0.5543617724867725 0.4096676587301587 0.05969246031746032 0.06549107142857143
4 0.4059259259259259 0.4379885912698413 0.09562169312169314 0.05389384920634921
3 0.6634126984126985 0.53125 0.06278439153439154 0.0686656746031746
5 0.516276455026455 0.23657242063492065 0.05924603174603175 0.06781001984126984
3 0.5361342592592593 0.6000967261904763 0.06685515873015872 0.0738516865079365
5 0.3958333333333333 0.26074156746031746 0.05611111111111111 0.06732142857142857
4 0.3492824074074074 0.5219717261904763 0.09806216931216932 0.05499255952380952
3 0.5074867724867725 0.49121031746031746 0.06404761904761905 0.06829861111111112
4 0.31835978835978834 0.31884672619047616 0.09073743386243385 0.048308531746031745
3 0.5833333333333334 0.5122073412698412 0.0634755291005291 0.07006944444444443
4 0.2680654761904762 0.39990327380952384 0.093260582010582 0.05319196428571429
3 0.7063789682539683 0.44628968253968254 0.0635978835978836 0.0668328373015873
2 0.8541666666666666 0.39770585317460316 0.07938492063492064 0.045959821428571426
5 0.35188822751322746 0.19592261904761907 0.059814814814814814 0.0738516865079365
5 0.47819113756613757 0.28051835317460316 0.05834986772486772 0.06878720238095239
5 0.6031911375661375 0.2543948412698413 0.06697751322751322 0.07263144841269842
5 0.31559193121693124 0.23742559523809523 0.05814484126984128 0.07183779761904761
4 0.2939451058201058 0.36328125 0.0947255291005291 0.047790178571428574
3 0.6302083333333334 0.4316418650793651 0.06428902116402116 0.06878720238095239
5 0.6578769841269841 0.32543898809523814 0.06913359788359788 0.07891865079365079
5 0.5654298941798942 0.3051760912698413 0.06441137566137566 0.07611111111111112
4 0.20328703703703704 0.48120039682539684 0.09716931216931216 0.049866071428571426
1 0.8144543650793651 0.49145585317460316 0.06762566137566138 0.03622519841269841
5 0.6914054232804233 0.2717286706349206 0.06835978835978836 0.07183779761904761
4 0.23616402116402116 0.43994047619047616 0.09513227513227514 0.0528249007936508
0 0.8886706349206349 0.3496106150793651 0.07995701058201057 0.06744295634920636
1 0.8216137566137566 0.44164930555555554 0.06661044973544973 0.040007440476190474
0 0.8205191798941799 0.3170188492063492 0.07687169312169312 0.06655257936507936