3 0.4195963541666667 0.53466796875 0.07120768229166667 0.06304931640625
3 0.4964192708333333 0.73291015625 0.07625325520833333 0.06658935546875
3 0.5667317708333334 0.693359375 0.07706705729166667 0.06671142578125
3 0.3512369791666667 0.57177734375 0.07722981770833333 0.06610107421875
3 0.6350911458333334 0.6572265625 0.07954915364583333 0.06781005859375
3 0.4925130208333333 0.61328125 0.07609049479166667 0.06573486328125
3 0.5602213541666666 0.57861328125 0.07442220052083333 0.06475830078125
3 0.4225260416666667 0.65234375 0.07666015625 0.06585693359375
3 0.3502604166666667 0.459716796875 0.07637532552083333 0.06964111328125
4 0.3922526041666667 0.7529296875 0.09952799479166667 0.06793212890625
2 0.634765625 0.7529296875 0.058268229166666664 0.059967041015625
4 0.17154947916666666 0.7421875 0.103759765625 0.06805419921875
4 0.20849609375 0.78564453125 0.10099283854166667 0.06756591796875
1 0.6536458333333334 0.81005859375 0.0489501953125 0.051177978515625
4 0.4290364583333333 0.796875 0.0966796875 0.06793212890625
4 0.24609375 0.8291015625 0.10392252604166667 0.06817626953125
4 0.3509114583333333 0.7109375 0.10099283854166667 0.06512451171875
4 0.3133138020833333 0.66845703125 0.103759765625 0.06866455078125
3 0.4879557291666667 0.50146484375 0.073486328125 0.06439208984375
5 0.5986328125 0.80322265625 0.061726888020833336 0.08538818359375
3 0.4137369791666667 0.4228515625 0.07413736979166667 0.06781005859375
5 0.5852864583333334 0.427001953125 0.05224609375 0.09075927734375
5 0.6617838541666666 0.483154296875 0.054443359375 0.0880126953125
0 0.8170572916666666 0.87158203125 0.12076822916666667 0.0704345703125
5 0.8899739583333334 0.5517578125 0.061360677083333336 0.09234619140625
0 0.7975260416666666 0.74072265625 0.11181640625 0.050048828125
5 0.8209635416666666 0.60107421875 0.058146158854166664 0.09417724609375
4 0.2705078125 0.62841796875 0.09952799479166667 0.06536865234375
5 0.7389322916666666 0.53955078125 0.053263346354166664 0.086181640625
5 0.6549479166666666 0.378662109375 0.043863932291666664 0.08465576171875
5 0.7311197916666666 0.435302734375 0.043863932291666664 0.0838623046875
4 0.7779947916666666 0.66455078125 0.08101399739583333 0.0592041015625
5 0.8098958333333334 0.49658203125 0.056315104166666664 0.08831787109375
1 0.7174479166666666 0.76220703125 0.063720703125 0.03240966796875
3 0.813826108887576 0.7128773722008508 0.09770070783580094 0.04287398083219988
4 0.28955078125 0.87646484375 0.09407552083333333 0.0638427734375
5 0.90625 0.66748046875 0.0465087890625 0.08599853515625