4 0.330026455026455 0.6023065476190477 0.056216931216931214 0.08010912698412699
4 0.39897486772486773 0.5958581349206349 0.054563492063492064 0.08010912698412699
4 0.18022486772486773 0.6149553571428571 0.05291005291005291 0.07911706349206349
4 0.2551256613756614 0.6085069444444444 0.05588624338624339 0.078125
4 0.4148478835978836 0.7430555555555556 0.05720899470899471 0.08680555555555555
4 0.4887566137566138 0.7387152777777778 0.062169312169312166 0.08953373015873016
5 0.4654431216931217 0.3353174603174603 0.10085978835978836 0.05406746031746032
4 0.2671957671957672 0.7554563492063492 0.0582010582010582 0.08928571428571429
4 0.19196428571428573 0.7619047619047619 0.05720899470899471 0.08928571428571429
5 0.3802910052910053 0.47507440476190477 0.10648148148148148 0.051835317460317464
5 0.5877976190476191 0.28757440476190477 0.10615079365079365 0.051835317460317464
5 0.5403439153439153 0.1963045634920635 0.10185185185185185 0.05084325396825397
4 0.341765873015873 0.7498759920634921 0.05853174603174603 0.08903769841269842
5 0.4244378306878307 0.4038938492063492 0.1001984126984127 0.048859126984126984
5 0.5125661375661376 0.42993551587301587 0.10714285714285714 0.05233134920634921
3 0.7239583333333334 0.7607421875 0.05859375 0.08526611328125
3 0.9055989583333334 0.7392578125 0.06538899739583333 0.0849609375
3 0.8111979166666666 0.75 0.06514485677083333 0.08660888671875
5 0.552734375 0.353271484375 0.10693359375 0.053009033203125
5 0.5048828125 0.266357421875 0.1005859375 0.05072021484375
5 0.6279296875 0.2161865234375 0.09912109375 0.049957275390625
3 0.6959635416666666 0.65283203125 0.054850260416666664 0.080078125
3 0.873046875 0.63037109375 0.06746419270833333 0.0838623046875
3 0.7532552083333334 0.54052734375 0.061482747395833336 0.0802001953125
3 0.7291666666666666 0.4443359375 0.0565185546875 0.07342529296875
3 0.6705729166666666 0.55029296875 0.053263346354166664 0.07464599609375
3 0.8157552083333334 0.43359375 0.06453450520833333 0.07586669921875
3 0.8450520833333334 0.529296875 0.061848958333333336 0.07794189453125
3 0.78125 0.6416015625 0.060017903645833336 0.08062744140625