2 0.4348544973544973 0.7829861111111112 0.0873015873015873 0.10317460317460317
5 0.4019510582010582 0.3529265873015873 0.10218253968253968 0.18452380952380953
3 0.4031084656084656 0.671875 0.12896825396825398 0.1195436507936508
4 0.5087632275132276 0.7588045634920635 0.07705026455026455 0.1158234126984127
0 0.40757275132275134 0.8630952380952381 0.19345238095238096 0.06547619047619048
1 0.4332010582010582 0.511656746031746 0.13558201058201058 0.06746031746031746
3 0.7662764550264549 0.71484375 0.08158399470899472 0.1237797619047619
3 0.8971362433862434 0.6918948412698412 0.08634589947089948 0.11981150793650794
3 0.6318353174603175 0.7465823412698412 0.08715939153439153 0.12805059523809523
3 0.7708333333333334 0.5546875 0.09057539682539682 0.13403273809523808
3 0.9108068783068783 0.5366220238095237 0.09204034391534391 0.12890625
3 0.6214186507936508 0.5800793650793651 0.09171626984126985 0.13757440476190477
3 0.7610681216931217 0.8535168650793651 0.07678240740740741 0.11218253968253968
3 0.6119808201058201 0.38378968253968254 0.10115410052910052 0.16211061507936508
1 0.48372354497354497 0.6469717261904763 0.10872354497354496 0.09350694444444443
3 0.6376951058201058 0.8891592261904763 0.07995701058201057 0.11737103174603175
3 0.7740873015873017 0.36645585317460316 0.09741071428571428 0.1547842261904762
3 0.9264318783068783 0.35180555555555554 0.09895833333333333 0.1538095238095238