0 0.5345568783068783 0.933655753968254 0.1822089947089947 0.09399801587301587
2 0.5461309523809523 0.7635168650793651 0.09953703703703703 0.09399801587301587
4 0.6498015873015873 0.7926587301587301 0.06944444444444445 0.11011904761904762
1 0.7283399470899471 0.7124255952380952 0.06779100529100529 0.07217261904761904
4 0.29447751322751325 0.4791666666666667 0.11871693121693122 0.06398809523809523
1 0.6947751322751323 0.6013144841269841 0.09457671957671958 0.04439484126984127
4 0.1431878306878307 0.6484375 0.13095238095238096 0.07564484126984126
5 0.8055555555555556 0.5822172619047619 0.0701058201058201 0.10193452380952381
4 0.531084656084656 0.478546626984127 0.11507936507936507 0.05580357142857143
4 0.45866402116402116 0.5880456349206349 0.12103174603174603 0.06448412698412699
4 0.42063492063492064 0.6481894841269841 0.13095238095238096 0.06870039682539683
4 0.1962632275132275 0.5853174603174603 0.1173941798941799 0.062003968253968256
4 0.37797619047619047 0.7158978174603174 0.14616402116402116 0.0845734126984127
3 0.6158862433862434 0.67578125 0.10058531746031747 0.09533730158730158
4 0.4980456349206349 0.5307614087301588 0.11490740740740742 0.060761408730158735
4 0.25065145502645503 0.5268551587301588 0.11653769841269843 0.060761408730158735