3 0.3253580729166667 0.27685546875 0.08829752604166667 0.083740234375
3 0.2548828125 0.37109375 0.09326171875 0.0849609375
3 0.4254557291666667 0.442138671875 0.083251953125 0.07989501953125
3 0.2858072916666667 0.6337890625 0.08878580729166667 0.07891845703125
3 0.48828125 0.351318359375 0.07954915364583333 0.080078125
4 0.6751302083333334 0.6875 0.08414713541666667 0.0374755859375
2 0.7415364583333334 0.56494140625 0.053059895833333336 0.058013916015625
5 0.8352864583333334 0.50634765625 0.083251953125 0.07684326171875
5 0.818359375 0.426513671875 0.08894856770833333 0.079345703125
5 0.955078125 0.64794921875 0.08732096354166667 0.08038330078125
3 0.4091796875 0.314697265625 0.08512369791666667 0.080810546875
3 0.10481770833333333 0.5654296875 0.10001627604166667 0.0863037109375
4 0.4947916666666667 0.7265625 0.10945638020833333 0.060211181640625
4 0.685546875 0.73291015625 0.10734049479166667 0.056854248046875
4 0.7005208333333334 0.78369140625 0.10807291666666667 0.058349609375
4 0.7194010416666666 0.8349609375 0.10636393229166667 0.05780029296875
4 0.7434895833333334 0.892578125 0.088623046875 0.049041748046875
3 0.3561197916666667 0.53564453125 0.08846028645833333 0.080078125
3 0.18131510416666666 0.46630859375 0.09578450520833333 0.0849609375
3 0.19791666666666666 0.59912109375 0.09529622395833333 0.08197021484375
1 0.6175130208333334 0.376953125 0.06278483072916667 0.0401611328125
3 0.33984375 0.408447265625 0.088623046875 0.08197021484375
4 0.5540364583333334 0.89892578125 0.09822591145833333 0.054107666015625
3 0.2708333333333333 0.50341796875 0.092529296875 0.08197021484375
5 0.869140625 0.66162109375 0.08943684895833333 0.0794677734375
0 0.19580078125 0.86865234375 0.150390625 0.060760498046875
4 0.5133463541666666 0.779296875 0.11344401041666667 0.06304931640625
5 0.93359375 0.57080078125 0.08927408854166667 0.0762939453125
4 0.572265625 0.9501953125 0.09684244791666667 0.0526123046875
4 0.53125 0.8330078125 0.11344401041666667 0.06536865234375
5 0.8893229166666666 0.338623046875 0.08561197916666667 0.0762939453125
1 0.6634114583333334 0.32958984375 0.06416829427083333 0.037689208984375
5 0.8515625 0.58740234375 0.087158203125 0.07666015625
5 0.9166666666666666 0.497314453125 0.08463541666666667 0.07476806640625
0 0.22526041666666666 0.79345703125 0.150390625 0.06085205078125
5 0.8984375 0.4189453125 0.097900390625 0.08331298828125
5 0.8138020833333334 0.346923828125 0.08028157552083333 0.07684326171875