3 0.2976888020833333 0.483154296875 0.0791015625 0.040771484375
3 0.3942057291666667 0.451416015625 0.0736083984375 0.0391845703125
3 0.3681640625 0.413330078125 0.07401529947916667 0.039642333984375
3 0.2731119791666667 0.443359375 0.07735188802083333 0.040771484375
3 0.4606119791666667 0.383056640625 0.0745849609375 0.03985595703125
3 0.4886067708333333 0.41943359375 0.07442220052083333 0.039337158203125
3 0.5198567708333334 0.314453125 0.072265625 0.0386962890625
3 0.4313151041666667 0.343505859375 0.07291666666666667 0.0391845703125
3 0.24641927083333334 0.401611328125 0.07596842447916667 0.039703369140625
3 0.3408203125 0.372314453125 0.07552083333333333 0.039642333984375
3 0.5807291666666666 0.38916015625 0.07389322916666667 0.038909912109375
5 0.6471354166666666 0.626953125 0.09529622395833333 0.058990478515625
4 0.4736328125 0.74072265625 0.08414713541666667 0.06536865234375
4 0.337890625 0.83203125 0.09342447916666667 0.06927490234375
3 0.5498046875 0.351318359375 0.0736083984375 0.038818359375
4 0.314453125 0.5947265625 0.08414713541666667 0.059661865234375
2 0.5537109375 0.5908203125 0.0509033203125 0.0537109375
4 0.18375651041666666 0.67578125 0.08797200520833333 0.06097412109375
5 0.7434895833333334 0.56884765625 0.09684244791666667 0.056243896484375
5 0.6334635416666666 0.69677734375 0.08683268229166667 0.053802490234375
4 0.4332682291666667 0.7041015625 0.08748372395833333 0.06549072265625
0 0.560546875 0.5146484375 0.09138997395833333 0.034088134765625
5 0.6637369791666666 0.55908203125 0.09220377604166667 0.05780029296875
4 0.3932291666666667 0.66748046875 0.08878580729166667 0.064208984375
5 0.6783854166666666 0.491943359375 0.0826416015625 0.048309326171875
4 0.30029296875 0.78955078125 0.09391276041666667 0.06463623046875
5 0.755859375 0.50732421875 0.09236653645833333 0.051666259765625
4 0.3509114583333333 0.63037109375 0.08296712239583333 0.05987548828125
4 0.2581380208333333 0.74853515625 0.09285481770833333 0.06585693359375
5 0.7194010416666666 0.712890625 0.08780924479166667 0.05499267578125
5 0.6920572916666666 0.43359375 0.08894856770833333 0.05072021484375
4 0.22412109375 0.71337890625 0.091552734375 0.06683349609375
5 0.7317708333333334 0.640625 0.097412109375 0.060760498046875
5 0.7669270833333334 0.444580078125 0.08732096354166667 0.050811767578125
0 0.5732421875 0.468505859375 0.095947265625 0.038970947265625
1 0.4267578125 0.515625 0.0538330078125 0.0266571044921875
1 0.4020182291666667 0.56005859375 0.0523681640625 0.0300445556640625