3 0.5387369791666666 0.595703125 0.07609049479166667 0.06951904296875
3 0.466796875 0.5625 0.072265625 0.06915283203125
3 0.546875 0.71435546875 0.0736083984375 0.06842041015625
3 0.4000651041666667 0.64794921875 0.0721435546875 0.06903076171875
5 0.22591145833333334 0.5205078125 0.12467447916666667 0.0521240234375
5 0.3074544270833333 0.55078125 0.1201171875 0.051666259765625
0 0.7552083333333334 0.7431640625 0.121826171875 0.042877197265625
3 0.6126302083333334 0.63037109375 0.07430013020833333 0.0699462890625
3 0.4736328125 0.67919921875 0.07568359375 0.06939697265625
5 0.2578125 0.62548828125 0.124267578125 0.0546875
5 0.18115234375 0.5947265625 0.11043294270833333 0.04681396484375
5 0.1337890625 0.662109375 0.122314453125 0.053802490234375
3 0.4768880208333333 0.79736328125 0.07161458333333333 0.06878662109375
3 0.3346354166666667 0.73046875 0.07132975260416667 0.06634521484375
3 0.4085286458333333 0.7607421875 0.07145182291666667 0.06805419921875
5 0.2701822916666667 0.45263671875 0.112060546875 0.046478271484375
5 0.07967122395833333 0.73583984375 0.11165364583333333 0.044586181640625
5 0.3525390625 0.48193359375 0.106201171875 0.044586181640625
0 0.7395833333333334 0.80859375 0.118408203125 0.04351806640625
3 0.2693684895833333 0.81201171875 0.07185872395833333 0.06854248046875
5 0.161376953125 0.76904296875 0.12337239583333333 0.054412841796875
4 0.5960286458333334 0.4208984375 0.06648763020833333 0.08209228515625
3 0.3408203125 0.841796875 0.07161458333333333 0.0699462890625
5 0.21321614583333334 0.6943359375 0.1201171875 0.05242919921875
3 0.4124348958333333 0.8798828125 0.07307942708333333 0.06903076171875
4 0.5634765625 0.276123046875 0.06416829427083333 0.0867919921875
4 0.6673177083333334 0.431884765625 0.063232421875 0.081787109375
4 0.6334635416666666 0.287109375 0.0638427734375 0.0880126953125
4 0.7760416666666666 0.30517578125 0.06709798177083333 0.08587646484375
4 0.4599609375 0.3984375 0.062174479166666664 0.0775146484375
4 0.4947916666666667 0.26416015625 0.0628662109375 0.08709716796875
4 0.5266927083333334 0.4111328125 0.0611572265625 0.0784912109375
4 0.705078125 0.294921875 0.060791015625 0.0869140625
4 0.7389322916666666 0.44189453125 0.06551106770833333 0.08538818359375
2 0.72265625 0.66650390625 0.08992513020833333 0.038909912109375
1 0.7330729166666666 0.88818359375 0.07511393229166667 0.038116455078125
1 0.724609375 0.94873046875 0.07120768229166667 0.03948974609375