3 0.4520709325396824 0.43115234375 0.10509392740024237 0.036305503239707326
3 0.4619622878086418 0.5000942977017195 0.10090284667107585 0.03875025996455431
3 0.7391320822310401 0.5452603133267195 0.10290032173170166 0.03841670606502157
3 0.5973307291666666 0.4921875 0.10099283854166667 0.040618896484375
5 0.3229166666666667 0.7724609375 0.12516276041666666 0.06695556640625
3 0.7154947916666666 0.416259765625 0.10026041666666667 0.042327880859375
3 0.8515625 0.47607421875 0.099853515625 0.038543701171875
3 0.6087239583333334 0.5615234375 0.10929361979166667 0.048126220703125
3 0.4690755208333333 0.5712890625 0.11043294270833333 0.04681396484375
5 0.8177083333333334 0.7353515625 0.11328125 0.061431884765625
3 0.86328125 0.53955078125 0.10392252604166667 0.0413818359375
3 0.5862630208333334 0.421142578125 0.10595703125 0.043212890625
5 0.4524739583333333 0.7431640625 0.11222330729166667 0.06488037109375
3 0.7239583333333334 0.4853515625 0.097900390625 0.042388916015625
5 0.59765625 0.79345703125 0.115478515625 0.07135009765625
4 0.4713541666666667 0.34521484375 0.06660970052083333 0.08526611328125
5 0.7903645833333334 0.66015625 0.11385091145833333 0.061187744140625
4 0.6158854166666666 0.338134765625 0.06888834635416667 0.08465576171875
5 0.70703125 0.76416015625 0.11531575520833333 0.07135009765625
5 0.677734375 0.6826171875 0.11043294270833333 0.06304931640625
4 0.396484375 0.34716796875 0.06624348958333333 0.0849609375
3 0.3028971354166667 0.6728515625 0.09684244791666667 0.06744384765625
5 0.4762369791666667 0.82421875 0.11588541666666667 0.06463623046875
5 0.5673828125 0.708984375 0.12361653645833333 0.06646728515625
4 0.5416666666666666 0.34228515625 0.0684814453125 0.08447265625
4 0.3743489583333333 0.2132568359375 0.061360677083333336 0.086181640625
4 0.4495442708333333 0.2135009765625 0.06392415364583333 0.08599853515625
4 0.6822916666666666 0.334228515625 0.06526692708333333 0.0850830078125
2 0.3492838541666667 0.517578125 0.07173665364583333 0.064208984375
4 0.5882161458333334 0.2086181640625 0.062174479166666664 0.08660888671875
0 0.2771809895833333 0.63916015625 0.11588541666666667 0.0810546875
4 0.51953125 0.212890625 0.060709635416666664 0.08477783203125
1 0.29541015625 0.572265625 0.061482747395833336 0.047698974609375
1 0.2679036458333333 0.49951171875 0.06949869791666667 0.0535888671875
0 0.08280436197916667 0.5869140625 0.06416829427083333 0.11029052734375
4 0.3883463541666667 0.6728515625 0.1044921875 0.04949951171875
5 0.3030598958333333 0.461181640625 0.12736002604166666 0.047698974609375