3 0.5413411458333334 0.82177734375 0.114501953125 0.048126220703125
4 0.595703125 0.55029296875 0.09440104166666667 0.048583984375
2 0.4635416666666667 0.404541015625 0.08085123697916667 0.052337646484375
4 0.2888997395833333 0.54052734375 0.118408203125 0.043609619140625
5 0.4108072916666667 0.360595703125 0.0806884765625 0.07989501953125
3 0.5354817708333334 0.900390625 0.11165364583333333 0.045257568359375
0 0.6041666666666666 0.4033203125 0.054239908854166664 0.090087890625
4 0.09879557291666667 0.48388671875 0.12312825520833333 0.04052734375
3 0.6888020833333334 0.75830078125 0.11124674479166667 0.045440673828125
3 0.8294270833333334 0.919921875 0.12646484375 0.052825927734375
4 0.2864583333333333 0.5986328125 0.11881510416666667 0.04400634765625
1 0.611328125 0.48095703125 0.06441243489583333 0.04931640625
3 0.5247395833333334 0.62060546875 0.09220377604166667 0.059539794921875
4 0.2890625 0.48291015625 0.11490885416666667 0.03948974609375
0 0.4928385416666667 0.5146484375 0.11588541666666667 0.05633544921875
3 0.681640625 0.8310546875 0.11222330729166667 0.048126220703125
4 0.09969075520833333 0.428466796875 0.1220703125 0.04010009765625
5 0.79296875 0.374755859375 0.10986328125 0.08404541015625
5 0.7122395833333334 0.55517578125 0.10734049479166667 0.0872802734375
5 0.7018229166666666 0.469482421875 0.10506184895833333 0.085693359375
5 0.6809895833333334 0.29443359375 0.10245768229166667 0.08660888671875
4 0.2900390625 0.37353515625 0.11678059895833333 0.04400634765625
3 0.830078125 0.841796875 0.12166341145833333 0.05072021484375
3 0.5481770833333334 0.75 0.11368815104166667 0.047698974609375
3 0.4007161458333333 0.8125 0.11588541666666667 0.04681396484375
5 0.8177083333333334 0.5498046875 0.11222330729166667 0.0885009765625
5 0.69140625 0.383056640625 0.10335286458333333 0.0831298828125
4 0.2902018229166667 0.427734375 0.11507161458333333 0.0411376953125
5 0.8020833333333334 0.46435546875 0.11124674479166667 0.0872802734375
5 0.7779947916666666 0.29150390625 0.10970052083333333 0.0872802734375
4 0.09407552083333333 0.59814453125 0.126708984375 0.043212890625
3 0.833984375 0.7685546875 0.120361328125 0.048858642578125
4 0.09611002604166667 0.541015625 0.1259765625 0.043701171875
3 0.677734375 0.91064453125 0.115478515625 0.05291748046875
3 0.4059244791666667 0.73681640625 0.11083984375 0.04400634765625
1 0.5992838541666666 0.6591796875 0.050252278645833336 0.05499267578125
5 0.7252604166666666 0.6484375 0.11043294270833333 0.089111328125