3 0.18766276041666666 0.66552734375 0.051472981770833336 0.07318115234375
3 0.3837890625 0.41064453125 0.041910807291666664 0.05718994140625
4 0.5901692708333334 0.473876953125 0.08158365885416667 0.04327392578125
3 0.3551432291666667 0.67041015625 0.04931640625 0.07452392578125
0 0.6497395833333334 0.58251953125 0.09773763020833333 0.05792236328125
3 0.5983072916666666 0.51318359375 0.089599609375 0.03759765625
3 0.3668619791666667 0.5751953125 0.0467529296875 0.06927490234375
3 0.3753255208333333 0.489990234375 0.04443359375 0.0640869140625
3 0.20589192708333334 0.572265625 0.050821940104166664 0.06890869140625
3 0.22119140625 0.48583984375 0.046142578125 0.061981201171875
4 0.7682291666666666 0.83642578125 0.099365234375 0.09771728515625
5 0.677734375 0.346435546875 0.06599934895833333 0.060211181640625
4 0.7057291666666666 0.8671875 0.07881673177083333 0.08331298828125
3 0.2732747395833333 0.6689453125 0.051188151041666664 0.0743408203125
4 0.8333333333333334 0.80517578125 0.101318359375 0.0953369140625
3 0.3133138020833333 0.409912109375 0.042805989583333336 0.056549072265625
5 0.6533203125 0.400634765625 0.06490071614583333 0.06451416015625
3 0.30078125 0.489990234375 0.047770182291666664 0.06439208984375
3 0.2887369791666667 0.57568359375 0.050252278645833336 0.06939697265625
2 0.5843098958333334 0.63916015625 0.07954915364583333 0.045867919921875
4 0.6588541666666666 0.70458984375 0.08927408854166667 0.082275390625
1 0.703125 0.525390625 0.0635986328125 0.035552978515625
4 0.5963541666666666 0.73193359375 0.08976236979166667 0.08416748046875
4 0.6419270833333334 0.90087890625 0.07470703125 0.08599853515625
0 0.5540364583333334 0.5732421875 0.045654296875 0.08197021484375
5 0.626953125 0.54541015625 0.09391276041666667 0.0560302734375
5 0.5589192708333334 0.3818359375 0.0635986328125 0.060211181640625
4 0.9036458333333334 0.775390625 0.08040364583333333 0.0792236328125
4 0.7213541666666666 0.67626953125 0.09090169270833333 0.0830078125
5 0.5836588541666666 0.331787109375 0.06746419270833333 0.06488037109375
5 0.7721354166666666 0.35888671875 0.07255045572916667 0.0604248046875
5 0.4739583333333333 0.365478515625 0.061360677083333336 0.06549072265625
4 0.5338541666666666 0.76123046875 0.087158203125 0.08880615234375
1 0.4739583333333333 0.51806640625 0.036580403645833336 0.0411376953125
5 0.75 0.41552734375 0.06966145833333333 0.0634765625
5 0.5026041666666666 0.31298828125 0.054768880208333336 0.05499267578125
5 0.4111328125 0.29345703125 0.060465494791666664 0.0635986328125