3 0.2021484375 0.3603515625 0.048299153645833336 0.0640869140625
3 0.14990234375 0.62548828125 0.052449544270833336 0.07080078125
3 0.24462890625 0.5380859375 0.0518798828125 0.06829833984375
3 0.2275390625 0.6298828125 0.053751627604166664 0.07135009765625
3 0.26123046875 0.449462890625 0.0504150390625 0.06768798828125
3 0.10986328125 0.439208984375 0.052652994791666664 0.06671142578125
3 0.0704345703125 0.61865234375 0.055501302083333336 0.0723876953125
5 0.595703125 0.334228515625 0.058146158854166664 0.07781982421875
3 0.129150390625 0.35595703125 0.053263346354166664 0.06610107421875
3 0.18603515625 0.447021484375 0.050984700520833336 0.06768798828125
2 0.5927734375 0.465087890625 0.039896647135416664 0.0567626953125
3 0.27685546875 0.36376953125 0.0484619140625 0.0633544921875
5 0.6637369791666666 0.303955078125 0.050130208333333336 0.0728759765625
3 0.09025065104166667 0.52685546875 0.052937825520833336 0.0701904296875
3 0.17024739583333334 0.53369140625 0.053263346354166664 0.06915283203125
4 0.5341796875 0.74169921875 0.09969075520833333 0.07080078125
4 0.4479166666666667 0.65869140625 0.09285481770833333 0.06939697265625
5 0.8352864583333334 0.474853515625 0.043131510416666664 0.0740966796875
4 0.4889322916666667 0.69873046875 0.09407552083333333 0.06982421875
5 0.7063802083333334 0.45263671875 0.051961263020833336 0.0751953125
4 0.6240234375 0.62060546875 0.09090169270833333 0.06610107421875
5 0.7747395833333334 0.41748046875 0.055501302083333336 0.0775146484375
4 0.7044270833333334 0.69873046875 0.09342447916666667 0.06622314453125
4 0.6692708333333334 0.66162109375 0.095947265625 0.06585693359375
5 0.7194010416666666 0.36083984375 0.056111653645833336 0.076416015625
4 0.7545572916666666 0.7431640625 0.0819091796875 0.05975341796875
0 0.25146484375 0.83740234375 0.1298828125 0.0460205078125
5 0.546875 0.2724609375 0.045125325520833336 0.0703125
5 0.6533203125 0.38916015625 0.045369466145833336 0.06707763671875
5 0.6129557291666666 0.244384765625 0.046875 0.0740966796875
4 0.5738932291666666 0.78369140625 0.099853515625 0.072265625
1 0.4169921875 0.303466796875 0.058349609375 0.0301513671875
4 0.5823567708333334 0.58056640625 0.07694498697916667 0.05291748046875
1 0.3958333333333333 0.351318359375 0.056966145833333336 0.0292510986328125
5 0.7649739583333334 0.51171875 0.046061197916666664 0.0753173828125
0 0.24283854166666666 0.7724609375 0.11865234375 0.03759765625
4 0.6165364583333334 0.8291015625 0.10148111979166667 0.07598876953125