3 0.6015625 0.50341796875 0.04296875 0.06982421875
3 0.4348958333333333 0.5869140625 0.0458984375 0.07159423828125
3 0.5849609375 0.796875 0.046142578125 0.08038330078125
3 0.443359375 0.4970703125 0.045125325520833336 0.06829833984375
3 0.5911458333333334 0.69384765625 0.045979817708333336 0.07904052734375
3 0.4993489583333333 0.79296875 0.047119140625 0.0809326171875
3 0.515625 0.59130859375 0.0458984375 0.07342529296875
3 0.5208333333333334 0.50048828125 0.04345703125 0.06951904296875
5 0.73046875 0.35693359375 0.08732096354166667 0.07489013671875
3 0.5960286458333334 0.59619140625 0.043863932291666664 0.07452392578125
3 0.5087890625 0.68994140625 0.0462646484375 0.07781982421875
5 0.783203125 0.50146484375 0.089599609375 0.07763671875
4 0.24446614583333334 0.6630859375 0.10847981770833333 0.04083251953125
2 0.705078125 0.70458984375 0.08056640625 0.0439453125
3 0.4124348958333333 0.78857421875 0.0484619140625 0.0809326171875
3 0.4225260416666667 0.68505859375 0.048583984375 0.077392578125
5 0.8430989583333334 0.419189453125 0.08894856770833333 0.07598876953125
4 0.2503255208333333 0.5595703125 0.10465494791666667 0.039276123046875
5 0.9029947916666666 0.56494140625 0.08992513020833333 0.081787109375
4 0.24446614583333334 0.61181640625 0.09716796875 0.0325927734375
5 0.814453125 0.34423828125 0.089599609375 0.073974609375
5 0.8098958333333334 0.57568359375 0.08992513020833333 0.083740234375
4 0.07539876302083333 0.5634765625 0.10001627604166667 0.033843994140625
4 0.23860677083333334 0.712890625 0.09912109375 0.033599853515625
5 0.7578125 0.4287109375 0.08585611979166667 0.07684326171875
4 0.2506510416666667 0.5087890625 0.10099283854166667 0.03582763671875
0 0.4554036458333333 0.355224609375 0.08479817708333333 0.0701904296875
5 0.8450520833333334 0.658203125 0.09041341145833333 0.0885009765625
4 0.06278483072916667 0.66748046875 0.105224609375 0.03338623046875
4 0.081298828125 0.5126953125 0.1044921875 0.038238525390625
4 0.061279296875 0.720703125 0.11678059895833333 0.042633056640625
1 0.13102213541666666 0.89892578125 0.059122721354166664 0.06256103515625
5 0.9407552083333334 0.6396484375 0.0767822265625 0.0753173828125
4 0.0758056640625 0.61376953125 0.11083984375 0.0379638671875
1 0.21240234375 0.90625 0.053955078125 0.0631103515625
5 0.8723958333333334 0.4873046875 0.08308919270833333 0.07147216796875
0 0.3987630208333333 0.32080078125 0.08585611979166667 0.06854248046875