3 0.520598544973545 0.6205357142857143 0.07987103174603175 0.05957589285714286
3 0.3307308201058201 0.7763665674603174 0.09057539682539682 0.07476686507936507
3 0.4326157407407408 0.6972668650793651 0.08927248677248677 0.07019097222222222
3 0.46484457671957674 0.5825198412698412 0.0841468253968254 0.06439236111111112
3 0.3740244708994709 0.6528323412698412 0.08666997354497354 0.06658978174603175
3 0.2716468253968254 0.7299801587301588 0.08927248677248677 0.0686656746031746
3 0.6077480158730159 0.5546875 0.07808531746031745 0.06268353174603175
5 0.5615244708994709 0.3808606150793651 0.042807539682539676 0.0746453373015873
3 0.4042956349206349 0.5390625 0.08463624338624338 0.06176835317460318
3 0.21126322751322751 0.6811532738095237 0.08894841269841271 0.06829861111111112
3 0.5491534391534392 0.5151364087301588 0.07893849206349207 0.058990575396825395
3 0.3128240740740741 0.6088864087301588 0.08447420634920634 0.06732142857142857
2 0.7773445767195767 0.5512698412698412 0.06774801587301588 0.0606374007936508
5 0.4947916666666667 0.3325198412698413 0.041054894179894184 0.06829861111111112
4 0.24674603174603174 0.5292981150793651 0.08251984126984127 0.06549107142857143
5 0.6328141534391535 0.42334077380952384 0.04959986772486773 0.0758655753968254
3 0.4919874338624339 0.4769965277777778 0.07296626984126985 0.054672619047619046
4 0.2446296296296296 0.39379960317460316 0.08056547619047619 0.06130952380952381
5 0.43164021164021166 0.29443452380952384 0.040671296296296296 0.06768849206349206
5 0.4889318783068783 0.26245039682539684 0.042807539682539676 0.06707837301587301
5 0.42936177248677254 0.22180059523809523 0.04402777777777777 0.06854166666666667
4 0.19645171957671959 0.4201661706349206 0.07881613756613756 0.06152281746031746
5 0.6207671957671957 0.33960069444444446 0.04614417989417989 0.06982390873015873
5 0.3732771164021164 0.25112103174603173 0.03850859788359789 0.061054067460317454
4 0.14103174603174604 0.44995039682539684 0.07820767195767196 0.05911210317460318
4 0.28743386243386243 0.36352430555555554 0.08219246031746032 0.05780009920634921
4 0.34667989417989414 0.46557539682539684 0.08129960317460318 0.06359871031746032
4 0.29915343915343917 0.49853422619047616 0.08544973544973544 0.062103174603174605
0 0.7916666666666666 0.45825148809523814 0.0959457671957672 0.04638640873015873
1 0.6842460317460317 0.6279290674603174 0.06465608465608466 0.040679563492063496
1 0.7213558201058201 0.578125 0.0633531746031746 0.03601190476190476
4 0.39648478835978834 0.4296875 0.08113756613756615 0.060853174603174603
5 0.5524074074074075 0.29980406746031746 0.0409755291005291 0.06646825396825397
4 0.3310548941798942 0.33276289682539684 0.07865410052910053 0.05911210317460318
4 0.4378240740740741 0.40161210317460316 0.07893849206349207 0.060761408730158735
5 0.6933597883597883 0.37622023809523814 0.03916335978835979 0.06707837301587301
0 0.8391931216931217 0.5087896825396826 0.09513227513227514 0.04940724206349206