4 0.32340608465608467 0.23254464285714285 0.09285383597883598 0.04638640873015873
4 0.47005291005291006 0.35473710317460316 0.09236772486772486 0.040984623015873016
3 0.39192791005291006 0.6743154761904763 0.06697751322751322 0.06646825396825397
4 0.34147156084656083 0.58984375 0.055909391534391534 0.06915178571428571
3 0.42512896825396823 0.7700198412698412 0.09375 0.06304811507936509
3 0.5400396825396825 0.7055654761904763 0.09220238095238095 0.058439980158730157
3 0.47265542328042326 0.8295907738095237 0.09236772486772486 0.06707837301587301
3 0.6468088624338625 0.8276364087301588 0.09684193121693123 0.06756696428571429
3 0.7011706349206349 0.7055654761904763 0.0910648148148148 0.05877728174603175
4 0.28564484126984124 0.3728025793650794 0.09952711640211641 0.044434523809523806
4 0.29964285714285716 0.32543898809523814 0.10042328042328043 0.04968253968253968
3 0.7578141534391535 0.5922842261904763 0.09008928571428572 0.05371031746031746
4 0.4798181216931217 0.3081051587301587 0.08911044973544975 0.042571924603174605
3 0.8072916666666666 0.6464856150793651 0.09269179894179895 0.05780009920634921
3 0.5898445767195767 0.7661135912698412 0.09529761904761905 0.06222470238095238
3 0.6516931216931217 0.6489260912698412 0.09008928571428572 0.05624503968253968
3 0.7597652116402117 0.7636731150793651 0.094239417989418 0.06439236111111112
4 0.31168650793650793 0.27807539682539684 0.09562169312169314 0.04370039682539682
3 0.8671891534391535 0.7036135912698412 0.09285383597883598 0.060515873015873016
5 0.6142592592592593 0.33520585317460316 0.08943783068783068 0.06280505952380952
4 0.49251322751322746 0.26196180555555554 0.09090277777777778 0.043608630952380954
5 0.6914054232804233 0.48803819444444446 0.09171626984126985 0.06671130952380953
5 0.6012367724867725 0.48535218253968254 0.0925297619047619 0.0686656746031746
5 0.6985681216931217 0.41308531746031746 0.09513227513227514 0.06439236111111112
0 0.1508796296296296 0.5874032738095237 0.11466600529100529 0.04601934523809524
1 0.28889880952380953 0.51171875 0.04544973544973545 0.04840029761904762
4 0.2719742063492064 0.41894593253968254 0.10115410052910052 0.04586805555555556
5 0.6227215608465608 0.26293898809523814 0.08544973544973544 0.06280505952380952
4 0.45637896825396823 0.40136656746031746 0.08943783068783068 0.03927579365079365
0 0.0987962962962963 0.4887698412698413 0.08781084656084656 0.08416666666666667
5 0.7135416666666666 0.27197172619047616 0.08235780423280424 0.05865575396825397
5 0.6083994708994709 0.40527281746031746 0.08601851851851852 0.05911210317460318
5 0.7005224867724869 0.3496106150793651 0.09773809523809524 0.07171626984126984
5 0.5898445767195767 0.5605481150793651 0.09895833333333333 0.07104414682539682
2 0.2737632275132275 0.6743154761904763 0.08496031746031747 0.051178075396825395
5 0.35807208994708994 0.5488293650793651 0.10261904761904762 0.06118799603174603
1 0.4573578042328042 0.5986334325396826 0.04597883597883597 0.046202876984126985