5 0.3030753968253968 0.38603670634920634 0.08697089947089948 0.12078373015873016
1 0.3080357142857143 0.4835069444444444 0.09490740740740741 0.05084325396825397
0 0.2326388888888889 0.7984871031746031 0.15773809523809523 0.09052579365079365
2 0.27116402116402116 0.722718253968254 0.05952380952380952 0.10466269841269842
4 0.33101851851851855 0.7080853174603174 0.06349206349206349 0.11408730158730158
1 0.3302414021164021 0.5961904761904763 0.07881613756613756 0.07739335317460318
3 0.5914715608465608 0.7290029761904763 0.09309854497354496 0.13659722222222223
3 0.4440112433862434 0.7270510912698412 0.08878637566137566 0.13500992063492065
3 0.27246031746031746 0.6162103174603174 0.0961111111111111 0.10778769841269842
3 0.44628968253968254 0.5625 0.08959986772486772 0.1257316468253968
3 0.5888657407407407 0.5629885912698412 0.09057539682539682 0.12658730158730158
3 0.7174470899470899 0.40112351190476186 0.07694444444444444 0.12359623015873016
3 0.4475925925925926 0.4135739087301587 0.06888888888888889 0.11395337301587301
3 0.7330720899470899 0.5605481150793651 0.09440145502645504 0.13269097222222223
3 0.5817063492063492 0.40942460317460316 0.0730787037037037 0.1184077380952381
3 0.44075396825396823 0.9057614087301588 0.09309854497354496 0.15173363095238093
3 0.5924470899470899 0.9086904761904763 0.09846891534391534 0.15332093253968254
3 0.7376289682539683 0.7329092261904763 0.07995701058201057 0.13293402777777777