3 0.4391633597883598 0.4743501984126984 0.05436838624338624 0.08064484126984127
3 0.5341798941798942 0.46606398809523814 0.05456679894179894 0.08270337301587301
3 0.6347652116402116 0.4609375 0.05416005291005291 0.08404513888888888
3 0.5488293650793651 0.5683606150793651 0.05041666666666667 0.07696428571428571
3 0.4534490740740741 0.5761731150793651 0.051593915343915345 0.07684275793650794
3 0.639973544973545 0.5639657738095237 0.05012896825396825 0.07611111111111112
3 0.6455092592592593 0.6582043650793651 0.048095238095238094 0.07434027777777778
3 0.46712301587301586 0.6684573412698412 0.05033399470899471 0.07367063492063493
3 0.5576157407407407 0.6586904761904763 0.047404100529100525 0.07501240079365079
3 0.6497387566137566 0.7431646825396826 0.046345899470899475 0.0706795634920635
3 0.5660813492063492 0.7456051587301588 0.04496362433862434 0.07043402777777778
3 0.4798181216931217 0.7534176587301588 0.04597883597883597 0.07122767857142857
5 0.7611342592592593 0.2740997023809524 0.11356481481481483 0.10782738095238095
5 0.8815112433862434 0.24865823412698412 0.11677910052910052 0.10229414682539682
5 0.7747387566137566 0.37231398809523814 0.10465608465608466 0.08727926587301588
5 0.8893220899470899 0.35522569444444446 0.11759589947089948 0.0863045634920635
5 0.9153637566137566 0.5336904761904763 0.10847883597883598 0.08691468253968254
5 0.8209623015873017 0.6323239087301588 0.0987962962962963 0.08123759920634921
5 0.8046891534391535 0.5517584325396826 0.10351521164021163 0.08312996031746032
5 0.7871097883597883 0.45971726190476186 0.10831679894179895 0.08990575396825397
5 0.8988657407407408 0.45033978174603173 0.12081679894179895 0.08698660714285715
5 0.9257804232804233 0.6196279761904763 0.10652777777777778 0.08123759920634921
4 0.08396494708994709 0.514672619047619 0.10994047619047619 0.04168154761904762
4 0.2954100529100529 0.5073239087301588 0.1214186507936508 0.04821676587301587
4 0.10392195767195767 0.5659176587301588 0.1223148148148148 0.04681299603174603
4 0.12036044973544975 0.6142584325396826 0.11775793650793652 0.04577628968253968
4 0.1289054232804233 0.6674801587301588 0.11572420634920634 0.04867559523809523
4 0.30419973544973544 0.5615228174603174 0.11694444444444443 0.049866071428571426
4 0.31071097883597887 0.6152356150793651 0.11124669312169314 0.046294642857142854
4 0.31868386243386243 0.6621106150793651 0.109864417989418 0.046294642857142854
4 0.32503306878306876 0.7104489087301588 0.10636243386243385 0.043122519841269843
4 0.13330026455026456 0.7177728174603174 0.10294642857142858 0.036071428571428574
0 0.4651388888888889 0.21520089285714286 0.11598214285714287 0.102390873015873
0 0.5550132275132275 0.26855406746031746 0.11165343915343914 0.09967013888888888
1 0.34250992063492064 0.8322643849206349 0.04228505291005291 0.04439980158730159
1 0.41796957671957674 0.8354489087301588 0.041990740740740745 0.04272569444444445
2 0.7158300264550265 0.6755084325396825 0.037453703703703704 0.06433531746031745