3 0.5794270833333334 0.6298828125 0.068115234375 0.050994873046875
3 0.4173177083333333 0.61181640625 0.068359375 0.049591064453125
5 0.4534505208333333 0.322021484375 0.040140787760416664 0.05889892578125
5 0.4501953125 0.390380859375 0.037068684895833336 0.059112548828125
5 0.5032552083333334 0.4296875 0.0345458984375 0.060089111328125
3 0.4899088541666667 0.55908203125 0.0634765625 0.045257568359375
3 0.3505859375 0.80126953125 0.06888834635416667 0.05450439453125
3 0.384765625 0.7041015625 0.067626953125 0.050994873046875
3 0.5052083333333334 0.68701171875 0.06526692708333333 0.050994873046875
3 0.4615885416666667 0.6484375 0.06636555989583333 0.049407958984375
5 0.5032552083333334 0.361083984375 0.040059407552083336 0.06396484375
5 0.5540364583333334 0.4755859375 0.037984212239583336 0.06524658203125
4 0.2947591145833333 0.4716796875 0.0628662109375 0.047607421875
3 0.4303385416666667 0.7421875 0.06722005208333333 0.051666259765625
5 0.6064453125 0.439208984375 0.037068684895833336 0.062225341796875
4 0.3330078125 0.5703125 0.06429036458333333 0.047882080078125
5 0.5530598958333334 0.401611328125 0.036580403645833336 0.061431884765625
3 0.2620442708333333 0.7216796875 0.06722005208333333 0.0517578125
3 0.3408203125 0.66552734375 0.06404622395833333 0.050140380859375
2 0.716796875 0.63232421875 0.050130208333333336 0.048675537109375
1 0.6686197916666666 0.65625 0.049845377604166664 0.030853271484375
4 0.3707682291666667 0.53955078125 0.062418619791666664 0.048675537109375
5 0.4026692708333333 0.3505859375 0.038411458333333336 0.0616455078125
3 0.3069661458333333 0.76123046875 0.0687255859375 0.0526123046875
4 0.4147135416666667 0.51416015625 0.062296549479166664 0.04595947265625
4 0.4518229166666667 0.491943359375 0.06624348958333333 0.0496826171875
4 0.3665364583333333 0.421630859375 0.06441243489583333 0.04931640625
4 0.24788411458333334 0.49853515625 0.070556640625 0.0526123046875
1 0.6341145833333334 0.69677734375 0.0491943359375 0.03216552734375
4 0.3304036458333333 0.45263671875 0.06734212239583333 0.050323486328125
5 0.6080729166666666 0.5205078125 0.0396728515625 0.0604248046875
0 0.7356770833333334 0.55712890625 0.081298828125 0.041839599609375
4 0.20670572916666666 0.521484375 0.059366861979166664 0.04595947265625
5 0.6627604166666666 0.48095703125 0.036580403645833336 0.06097412109375
0 0.7721354166666666 0.60009765625 0.0799560546875 0.038543701171875
4 0.29541015625 0.59765625 0.060709635416666664 0.047698974609375
3 0.5341796875 0.59326171875 0.047322591145833336 0.034088134765625