5 0.15426587301587302 0.19940476190476192 0.09821428571428571 0.16666666666666666
4 0.2961309523809524 0.6159474206349206 0.09490740740740741 0.140625
2 0.2152777777777778 0.6424851190476191 0.0958994708994709 0.12822420634920634
3 0.17559523809523808 0.5075644841269841 0.1488095238095238 0.13616071428571427
0 0.18832671957671956 0.7477678571428571 0.23445767195767195 0.10218253968253968
3 0.36198082010582017 0.22558531746031746 0.10099206349206348 0.14392113095238093
3 0.49641865079365083 0.8286135912698412 0.11531415343915344 0.1707762896825397
3 0.6842460317460317 0.20117311507936508 0.10506283068783068 0.14086805555555557
1 0.25992724867724865 0.47387648809523814 0.11840939153439153 0.09570436507936508
3 0.5273445767195767 0.22131448412698412 0.11181547619047619 0.15283234126984127
3 0.6601554232804233 0.7958978174603174 0.1211739417989418 0.16992311507936508
3 0.7324206349206349 0.3823239087301587 0.10058531746031747 0.13989335317460316
3 0.4430324074074074 0.6186532738095237 0.12207010582010581 0.16101190476190477
1 0.19319775132275133 0.33178819444444446 0.13834656084656086 0.08154265873015873
3 0.6204431216931217 0.5971676587301588 0.10375992063492064 0.1480704365079365
3 0.7799470899470899 0.5761731150793651 0.10969907407407407 0.1473387896825397
3 0.4052744708994709 0.41894593253968254 0.10375992063492064 0.15075644841269842
3 0.5742195767195767 0.4045411706349206 0.10026124338624338 0.1480704365079365