4 0.4427083333333333 0.55859375 0.0723876953125 0.04168701171875
4 0.32373046875 0.60986328125 0.07735188802083333 0.046722412109375
4 0.2703450520833333 0.54248046875 0.07596842447916667 0.04010009765625
4 0.3483072916666667 0.64697265625 0.0791015625 0.042816162109375
4 0.3902994791666667 0.4921875 0.0709228515625 0.038238525390625
4 0.296875 0.5751953125 0.07893880208333333 0.04510498046875
5 0.5465494791666666 0.50390625 0.035542805989583336 0.061767578125
5 0.544921875 0.427978515625 0.039754231770833336 0.06451416015625
3 0.8346354166666666 0.55078125 0.03997802734375 0.054412841796875
0 0.4664713541666667 0.8203125 0.086669921875 0.0504150390625
4 0.4182942708333333 0.52587890625 0.07002766927083333 0.040679931640625
3 0.8984375 0.63427734375 0.039896647135416664 0.05877685546875
5 0.4934895833333333 0.461181640625 0.035888671875 0.0633544921875
2 0.4853515625 0.71533203125 0.06502278645833333 0.0265045166015625
0 0.3512369791666667 0.77783203125 0.09716796875 0.046295166015625
3 0.90625 0.556640625 0.040669759114583336 0.055511474609375
3 0.6507161458333334 0.7470703125 0.07185872395833333 0.03424072265625
3 0.76953125 0.5439453125 0.03741455078125 0.053314208984375
4 0.4680989583333333 0.59033203125 0.0709228515625 0.04376220703125
3 0.75 0.69970703125 0.037618001302083336 0.059112548828125
5 0.4397786458333333 0.414794921875 0.03057861328125 0.05975341796875
3 0.7395833333333334 0.78076171875 0.03857421875 0.06396484375
3 0.890625 0.71533203125 0.041280110677083336 0.061431884765625
3 0.8196614583333334 0.7080078125 0.040364583333333336 0.06097412109375
5 0.4925130208333333 0.38525390625 0.036702473958333336 0.0615234375
5 0.603515625 0.548828125 0.037353515625 0.06451416015625
4 0.578125 0.73681640625 0.07279459635416667 0.033599853515625
3 0.7604166666666666 0.62109375 0.03826904296875 0.05792236328125
3 0.80859375 0.78955078125 0.041666666666666664 0.0640869140625
5 0.5989583333333334 0.471435546875 0.039754231770833336 0.06292724609375
3 0.8268229166666666 0.62744140625 0.040751139322916664 0.05718994140625
4 0.373046875 0.68115234375 0.081298828125 0.04840087890625
1 0.4495442708333333 0.73681640625 0.059814453125 0.027740478515625
1 0.6214192708333334 0.6865234375 0.045369466145833336 0.0278472900390625
5 0.6552734375 0.51123046875 0.039306640625 0.06268310546875
5 0.6598307291666666 0.8369140625 0.08634440104166667 0.0282135009765625
5 0.6595052083333334 0.59619140625 0.034016927083333336 0.06524658203125