4 0.07688492063492064 0.5431547619047619 0.08167989417989419 0.06994047619047619
4 0.38657407407407407 0.5205853174603174 0.09060846560846561 0.07787698412698413
5 0.4791666666666667 0.4181547619047619 0.10582010582010581 0.047619047619047616
4 0.3296957671957672 0.6750992063492064 0.08068783068783068 0.07490079365079365
5 0.6185515873015873 0.447296626984127 0.10152116402116403 0.044890873015873016
5 0.8010912698412699 0.37710813492063494 0.10681216931216932 0.048859126984126984
4 0.2622354497354497 0.45771329365079366 0.083994708994709 0.07366071428571429
4 0.2048611111111111 0.6096230158730159 0.08697089947089948 0.07490079365079365
5 0.7159391534391535 0.41294642857142855 0.10515873015873016 0.041666666666666664
5 0.8462301587301587 0.28447420634920634 0.10582010582010581 0.046130952380952384
5 0.576223544973545 0.3862847222222222 0.10284391534391535 0.043402777777777776
5 0.7566137566137566 0.31919642857142855 0.1078042328042328 0.04513888888888889
5 0.890707671957672 0.34362599206349204 0.10747354497354497 0.046378968253968256
5 0.6671626984126984 0.3540426587301587 0.1087962962962963 0.04241071428571429
4 0.20198567708333334 0.426025390625 0.09326171875 0.0743408203125
4 0.2708333333333333 0.6396484375 0.095947265625 0.08123779296875
4 0.3243815104166667 0.48974609375 0.08943684895833333 0.0728759765625
3 0.8489583333333334 0.60205078125 0.07568359375 0.07183837890625
4 0.14680989583333334 0.57568359375 0.09895833333333333 0.08416748046875
3 0.7884114583333334 0.6904296875 0.0775146484375 0.07598876953125
3 0.6389973958333334 0.62109375 0.07198079427083333 0.07275390625
3 0.7102864583333334 0.6552734375 0.07938639322916667 0.07781982421875
3 0.5703125 0.7119140625 0.07820638020833333 0.07684326171875
3 0.4934895833333333 0.8095703125 0.07820638020833333 0.08197021484375
3 0.7734375 0.56787109375 0.0748291015625 0.06805419921875
3 0.640625 0.74462890625 0.08280436197916667 0.08135986328125
3 0.6546223958333334 0.880859375 0.08296712239583333 0.08404541015625
3 0.7213541666666666 0.78369140625 0.08406575520833333 0.0831298828125
3 0.5719401041666666 0.8427734375 0.08748372395833333 0.0894775390625