3 0.2814127604166667 0.4267578125 0.08296712239583333 0.053985595703125
3 0.3414713541666667 0.33056640625 0.08341471354166667 0.052825927734375
3 0.17936197916666666 0.4775390625 0.08732096354166667 0.0567626953125
3 0.3837890625 0.37646484375 0.08251953125 0.05389404296875
3 0.24072265625 0.37939453125 0.087646484375 0.053985595703125
4 0.3863932291666667 0.71240234375 0.08829752604166667 0.07879638671875
5 0.814453125 0.525390625 0.059366861979166664 0.091552734375
3 0.3238932291666667 0.4716796875 0.0826416015625 0.0567626953125
4 0.4469401041666667 0.681640625 0.092529296875 0.0782470703125
4 0.4606119791666667 0.5166015625 0.07881673177083333 0.07208251953125
3 0.22054036458333334 0.5244140625 0.09041341145833333 0.05889892578125
3 0.07307942708333333 0.52978515625 0.09269205729166667 0.057586669921875
3 0.13932291666666666 0.429931640625 0.090087890625 0.0546875
5 0.5081380208333334 0.315185546875 0.0491943359375 0.0894775390625
3 0.11149088541666667 0.57861328125 0.0986328125 0.05877685546875
5 0.794921875 0.42041015625 0.05517578125 0.08990478515625
4 0.40625 0.5439453125 0.08430989583333333 0.0726318359375
4 0.3277994791666667 0.74267578125 0.08976236979166667 0.07904052734375
4 0.3486328125 0.57275390625 0.08357747395833333 0.0726318359375
5 0.5716145833333334 0.27001953125 0.0513916015625 0.08880615234375
5 0.7141927083333334 0.372802734375 0.047200520833333336 0.0855712890625
4 0.5611979166666666 0.62353515625 0.0704345703125 0.06292724609375
5 0.640625 0.3203125 0.050333658854166664 0.08758544921875
3 0.4290364583333333 0.420654296875 0.08561197916666667 0.0567626953125
3 0.04058837890625 0.4814453125 0.08113606770833333 0.056976318359375
5 0.7291666666666666 0.470947265625 0.0513916015625 0.09075927734375
5 0.5804036458333334 0.3671875 0.051188151041666664 0.08868408203125
5 0.875 0.474853515625 0.056966145833333336 0.09185791015625
4 0.28955078125 0.60205078125 0.085693359375 0.073974609375
5 0.6533203125 0.41796875 0.0482177734375 0.0863037109375
4 0.23079427083333334 0.63134765625 0.08699544270833333 0.0753173828125
1 0.833984375 0.7177734375 0.0638427734375 0.038909912109375
2 0.7467447916666666 0.76220703125 0.06888834635416667 0.061309814453125
0 0.2547200520833333 0.90380859375 0.14200846354166666 0.056243896484375
1 0.78515625 0.6669921875 0.06514485677083333 0.038970947265625
0 0.24397786458333334 0.83447265625 0.1337890625 0.051177978515625
4 0.505859375 0.6513671875 0.08601888020833333 0.07696533203125