3 0.4996744791666667 0.5322265625 0.0819091796875 0.027801513671875
3 0.23486328125 0.4736328125 0.049967447916666664 0.06549072265625
3 0.14054361979166666 0.54443359375 0.0489501953125 0.06280517578125
3 0.2571614583333333 0.6494140625 0.048299153645833336 0.06475830078125
3 0.19075520833333334 0.6396484375 0.049967447916666664 0.063720703125
3 0.11865234375 0.6279296875 0.048583984375 0.06292724609375
5 0.5211588541666666 0.32568359375 0.050984700520833336 0.07366943359375
3 0.16227213541666666 0.463623046875 0.049763997395833336 0.06396484375
3 0.2786458333333333 0.5654296875 0.0482177734375 0.06243896484375
5 0.6516927083333334 0.451171875 0.0517578125 0.0743408203125
3 0.2569986979166667 0.390625 0.04931640625 0.064208984375
3 0.30078125 0.482666015625 0.048380533854166664 0.06268310546875
4 0.5071614583333334 0.48583984375 0.08174641927083333 0.034027099609375
5 0.5149739583333334 0.57275390625 0.09562174479166667 0.047698974609375
3 0.3229166666666667 0.399658203125 0.048299153645833336 0.06243896484375
0 0.5237630208333334 0.61083984375 0.09456380208333333 0.045867919921875
0 0.4440104166666667 0.58642578125 0.055379231770833336 0.0792236328125
5 0.6966145833333334 0.39111328125 0.057373046875 0.0755615234375
3 0.21370442708333334 0.5556640625 0.049845377604166664 0.0631103515625
1 0.5924479166666666 0.5615234375 0.0631103515625 0.036163330078125
5 0.3580729166666667 0.25732421875 0.057291666666666664 0.07861328125
4 0.7532552083333334 0.59423828125 0.06685384114583333 0.06396484375
4 0.7395833333333334 0.75927734375 0.06990559895833333 0.06768798828125
5 0.44140625 0.291015625 0.051595052083333336 0.07183837890625
5 0.3997395833333333 0.351318359375 0.051595052083333336 0.07879638671875
4 0.68359375 0.78857421875 0.0634765625 0.06280517578125
5 0.5654296875 0.41748046875 0.049397786458333336 0.077392578125
5 0.4794921875 0.380126953125 0.049031575520833336 0.06744384765625
5 0.609375 0.357666015625 0.053263346354166664 0.0751953125
1 0.3841145833333333 0.525390625 0.042236328125 0.041473388671875
4 0.697265625 0.6162109375 0.0679931640625 0.06597900390625
4 0.8548177083333334 0.70361328125 0.07320149739583333 0.06951904296875
4 0.9147135416666666 0.6806640625 0.07185872395833333 0.06549072265625
4 0.5846354166666666 0.6728515625 0.06709798177083333 0.06549072265625
4 0.7962239583333334 0.72998046875 0.06966145833333333 0.06756591796875
4 0.6376953125 0.64697265625 0.06612141927083333 0.06256103515625
2 0.453125 0.65185546875 0.07185872395833333 0.03985595703125