3 0.2434887566137566 0.5205084325396826 0.0947255291005291 0.041321924603174603
3 0.3841137566137566 0.4682614087301587 0.0949702380952381 0.04083333333333333
3 0.5146494708994709 0.47802827380952384 0.09667989417989419 0.04162698412698413
3 0.25878968253968254 0.45800843253968254 0.09342592592592593 0.04025297619047619
3 0.3701157407407408 0.5327157738095237 0.09667989417989419 0.04476934523809523
3 0.5068353174603175 0.5419915674603174 0.10188822751322751 0.041535218253968255
3 0.13785714285714284 0.44799851190476186 0.09358796296296296 0.03881944444444445
3 0.2711574074074074 0.3967286706349206 0.09456349206349206 0.039642857142857146
3 0.5263657407407407 0.41430555555555554 0.10026124338624338 0.04193204365079365
3 0.14835648148148148 0.38769593253968254 0.0925297619047619 0.03985615079365079
3 0.3958333333333333 0.40527281746031746 0.09578373015873015 0.040984623015873016
5 0.48112103174603177 0.21179315476190477 0.10652777777777778 0.08251984126984127
5 0.3746759259259259 0.28881944444444446 0.10392195767195767 0.07806299603174603
2 0.6181646825396825 0.47509672619047616 0.056845238095238095 0.06176835317460318
5 0.37141865079365083 0.22045882936507935 0.10636243386243385 0.08154265873015873
4 0.3854166666666667 0.6166989087301588 0.06502314814814815 0.08312996031746032
4 0.46028769841269845 0.6225595238095237 0.06160383597883597 0.08569444444444443
1 0.6894543650793651 0.5034176587301588 0.05436177248677248 0.049042658730158735
4 0.3642592592592592 0.7548834325396826 0.06746362433862434 0.09222470238095239
4 0.43587301587301586 0.7670907738095237 0.06612103174603175 0.09155257936507936
0 0.7154960317460317 0.37231398809523814 0.10563161375661376 0.06042410714285714
4 0.29313161375661373 0.7509771825396826 0.07027116402116403 0.09234623015873016
5 0.266114417989418 0.22485367063492065 0.09285383597883598 0.07421875
5 0.4899074074074074 0.2790525793650794 0.1180026455026455 0.08343501984126984
4 0.3151058201058201 0.6103521825396826 0.0635978835978836 0.08312996031746032
5 0.5921230158730159 0.27026289682539684 0.10847883597883598 0.07824652777777778
4 0.5299470899470899 0.6279290674603174 0.06539021164021164 0.08660962301587301
4 0.2444675925925926 0.6040029761904763 0.06490079365079365 0.08178819444444443
4 0.6220701058201058 0.3300793650793651 0.09269179894179895 0.03704861111111111
1 0.6822916666666666 0.43237351190476186 0.06229497354497354 0.042814980158730157
5 0.26936838624338627 0.28979414682539684 0.10058531746031747 0.07574404761904761
4 0.5068353174603175 0.7753918650793651 0.06323082010582011 0.09399305555555557
5 0.5859391534391535 0.19787698412698412 0.09269179894179895 0.06817708333333333
0 0.8678373015873017 0.45165922619047616 0.07706679894179895 0.10015873015873016
5 0.7070304232804233 0.26269593253968254 0.0987962962962963 0.07208333333333333
3 0.6999570105820107 0.3426760912698413 0.0992063492063492 0.05538938492063492
5 0.6492493386243386 0.5324082341269841 0.11463955026455026 0.052909226190476194