3 0.5830078125 0.83056640625 0.09513346354166667 0.063720703125
3 0.5400390625 0.77197265625 0.092041015625 0.05975341796875
3 0.65234375 0.7197265625 0.091552734375 0.0552978515625
3 0.7213541666666666 0.61376953125 0.08992513020833333 0.051361083984375
3 0.6966145833333334 0.77685546875 0.092041015625 0.059417724609375
0 0.3118489583333333 0.4765625 0.0826416015625 0.0704345703125
3 0.8639322916666666 0.62109375 0.08544921875 0.050048828125
3 0.76171875 0.669921875 0.087646484375 0.05224609375
3 0.8033854166666666 0.7265625 0.09342447916666667 0.058349609375
1 0.5289713541666666 0.62353515625 0.04345703125 0.0509033203125
3 0.9069010416666666 0.67529296875 0.09171549479166667 0.054290771484375
2 0.3857421875 0.357666015625 0.07267252604166667 0.047149658203125
5 0.4280598958333333 0.5185546875 0.097412109375 0.05291748046875
3 0.6129557291666666 0.6611328125 0.08894856770833333 0.053985595703125
5 0.173828125 0.64013671875 0.0684814453125 0.09515380859375
4 0.5810546875 0.40478515625 0.08235677083333333 0.06243896484375
5 0.3191731770833333 0.6611328125 0.06685384114583333 0.09515380859375
3 0.49609375 0.7119140625 0.09269205729166667 0.059539794921875
5 0.10693359375 0.57373046875 0.07120768229166667 0.095703125
5 0.18684895833333334 0.529296875 0.06551106770833333 0.08819580078125
5 0.12361653645833333 0.46435546875 0.068359375 0.086181640625
3 0.5592447916666666 0.5126953125 0.09090169270833333 0.035552978515625
5 0.24381510416666666 0.70654296875 0.0709228515625 0.100341796875
4 0.6276041666666666 0.43798828125 0.08390299479166667 0.06085205078125
4 0.5305989583333334 0.371826171875 0.08056640625 0.0604248046875
5 0.040140787760416664 0.5048828125 0.07145182291666667 0.09283447265625
5 0.2565104166666667 0.5947265625 0.06624348958333333 0.091552734375
0 0.3961588541666667 0.5771484375 0.09041341145833333 0.08050537109375
4 0.6907552083333334 0.3291015625 0.08085123697916667 0.060760498046875
5 0.3103841145833333 0.78271484375 0.0679931640625 0.10797119140625
4 0.6061197916666666 0.255615234375 0.07120768229166667 0.054595947265625
4 0.4827473958333333 0.334716796875 0.07954915364583333 0.06280517578125
1 0.4466145833333333 0.41552734375 0.063232421875 0.0311431884765625
4 0.6455078125 0.292724609375 0.08011881510416667 0.0616455078125
4 0.48828125 0.61962890625 0.039164225260416664 0.06854248046875
4 0.6725260416666666 0.469970703125 0.08414713541666667 0.061767578125
4 0.7376302083333334 0.36083984375 0.08011881510416667 0.059326171875