3 0.2840169270833333 0.428955078125 0.0687255859375 0.05572509765625
3 0.23030598958333334 0.40380859375 0.06722005208333333 0.05560302734375
3 0.3525390625 0.3662109375 0.06722005208333333 0.055206298828125
3 0.24495442708333334 0.3173828125 0.06490071614583333 0.051849365234375
5 0.3639322916666667 0.5634765625 0.09611002604166667 0.06744384765625
4 0.671875 0.56591796875 0.0986328125 0.045684814453125
3 0.21337890625 0.494140625 0.073486328125 0.058349609375
3 0.2989908854166667 0.343017578125 0.06502278645833333 0.054290771484375
3 0.10791015625 0.4375 0.073486328125 0.057281494140625
3 0.1611328125 0.46875 0.07173665364583333 0.05877685546875
5 0.3460286458333333 0.80029296875 0.10774739583333333 0.0794677734375
5 0.2820638020833333 0.5625 0.09879557291666667 0.06524658203125
4 0.515625 0.537109375 0.09391276041666667 0.04595947265625
5 0.2547200520833333 0.796875 0.10245768229166667 0.07305908203125
5 0.3333333333333333 0.89111328125 0.11466471354166667 0.08990478515625
3 0.13907877604166666 0.5634765625 0.07442220052083333 0.057281494140625
5 0.24055989583333334 0.88916015625 0.11507161458333333 0.08740234375
2 0.4475911458333333 0.73974609375 0.039835611979166664 0.064208984375
0 0.5725911458333334 0.732421875 0.05859375 0.09124755859375
1 0.82421875 0.55078125 0.058024088541666664 0.027435302734375
4 0.4973958333333333 0.58056640625 0.09269205729166667 0.050140380859375
5 0.2747395833333333 0.63916015625 0.10538736979166667 0.0706787109375
4 0.55078125 0.450927734375 0.09122721354166667 0.0460205078125
4 0.5657552083333334 0.412353515625 0.09025065104166667 0.04620361328125
3 0.0849609375 0.53564453125 0.07307942708333333 0.058135986328125
0 0.6555989583333334 0.7451171875 0.05859375 0.093994140625
5 0.359375 0.63671875 0.09969075520833333 0.06939697265625
3 0.1796875 0.3759765625 0.06978352864583333 0.05499267578125
1 0.8411458333333334 0.505859375 0.058268229166666664 0.0280609130859375
4 0.701171875 0.48095703125 0.09513346354166667 0.0469970703125
5 0.3522135416666667 0.71630859375 0.10221354166666667 0.0753173828125
5 0.2682291666666667 0.7138671875 0.10847981770833333 0.0743408203125
4 0.6842447916666666 0.525390625 0.09822591145833333 0.04510498046875
4 0.5319010416666666 0.493408203125 0.09375 0.049224853515625
4 0.65625 0.61181640625 0.09879557291666667 0.0482177734375
3 0.0369873046875 0.50537109375 0.073486328125 0.057373046875
4 0.7154947916666666 0.43701171875 0.095947265625 0.044525146484375