0 0.484375 0.403076171875 0.061726888020833336 0.09912109375
3 0.2599283854166667 0.408447265625 0.0574951171875 0.08197021484375
0 0.3971354166666667 0.40966796875 0.06636555989583333 0.100341796875
3 0.13834635416666666 0.20263671875 0.06298828125 0.08758544921875
3 0.275390625 0.51220703125 0.0560302734375 0.07708740234375
4 0.6569010416666666 0.7763671875 0.09326171875 0.03271484375
3 0.24300130208333334 0.30322265625 0.056111653645833336 0.08477783203125
3 0.22802734375 0.1954345703125 0.056111653645833336 0.087890625
4 0.65625 0.72216796875 0.10074869791666667 0.0325927734375
3 0.07307942708333333 0.421875 0.062174479166666664 0.0850830078125
4 0.6692708333333334 0.5546875 0.11067708333333333 0.04345703125
5 0.8098958333333334 0.47607421875 0.08158365885416667 0.0782470703125
5 0.8430989583333334 0.55810546875 0.07320149739583333 0.07452392578125
3 0.15087890625 0.31005859375 0.057820638020833336 0.0831298828125
4 0.4833984375 0.544921875 0.11222330729166667 0.043609619140625
3 0.057373046875 0.316162109375 0.06514485677083333 0.08709716796875
3 0.18391927083333334 0.51806640625 0.0594482421875 0.078369140625
4 0.6640625 0.60791015625 0.11328125 0.04345703125
5 0.8359375 0.296142578125 0.08040364583333333 0.0831298828125
3 0.040669759114583336 0.20703125 0.06254069010416667 0.0889892578125
5 0.7473958333333334 0.314697265625 0.073486328125 0.0762939453125
4 0.4632161458333333 0.77197265625 0.10099283854166667 0.036285400390625
2 0.6103515625 0.35791015625 0.0638427734375 0.06500244140625
5 0.9342447916666666 0.53662109375 0.08040364583333333 0.07666015625
4 0.6595052083333334 0.66552734375 0.11344401041666667 0.046539306640625
4 0.4720052083333333 0.65625 0.10986328125 0.04681396484375
3 0.08797200520833333 0.5263671875 0.061726888020833336 0.0810546875
4 0.478515625 0.60009765625 0.10904947916666667 0.044189453125
5 0.720703125 0.227783203125 0.0758056640625 0.0823974609375
3 0.16861979166666666 0.414306640625 0.060262044270833336 0.082275390625
5 0.9010416666666666 0.456787109375 0.07938639322916667 0.07781982421875
5 0.865234375 0.377685546875 0.070556640625 0.076416015625
1 0.3001302083333333 0.72216796875 0.078369140625 0.036285400390625
5 0.7747395833333334 0.396484375 0.07722981770833333 0.07708740234375
5 0.8098958333333334 0.2113037109375 0.07649739583333333 0.08880615234375
4 0.4658203125 0.71044921875 0.10847981770833333 0.04559326171875
1 0.29736328125 0.66357421875 0.07499186197916667 0.038238525390625