3 0.3720703125 0.548828125 0.06551106770833333 0.05059814453125
3 0.19645182291666666 0.56787109375 0.06502278645833333 0.0504150390625
3 0.25341796875 0.53369140625 0.06490071614583333 0.048675537109375
3 0.337890625 0.6865234375 0.07198079427083333 0.058563232421875
3 0.30322265625 0.498046875 0.06453450520833333 0.04840087890625
3 0.396484375 0.64501953125 0.07132975260416667 0.05499267578125
3 0.13330078125 0.5146484375 0.06416829427083333 0.048675537109375
3 0.4446614583333333 0.60546875 0.060465494791666664 0.0521240234375
3 0.2652994791666667 0.62451171875 0.06697591145833333 0.053802490234375
3 0.3219401041666667 0.5859375 0.06722005208333333 0.051544189453125
3 0.18929036458333334 0.4814453125 0.06563313802083333 0.047088623046875
3 0.23860677083333334 0.44482421875 0.06404622395833333 0.044921875
2 0.4283854166666667 0.406005859375 0.061971028645833336 0.03424072265625
5 0.5833333333333334 0.450927734375 0.10099283854166667 0.03326416015625
5 0.6979166666666666 0.290283203125 0.09220377604166667 0.0311431884765625
5 0.5859375 0.37744140625 0.09773763020833333 0.0289306640625
5 0.810546875 0.276123046875 0.09895833333333333 0.0330810546875
5 0.5302734375 0.41796875 0.09285481770833333 0.0293731689453125
5 0.6419270833333334 0.3349609375 0.09578450520833333 0.0301055908203125
0 0.3250325520833333 0.379638671875 0.07568359375 0.0574951171875
5 0.701171875 0.36376953125 0.09684244791666667 0.032470703125
5 0.75390625 0.322265625 0.101318359375 0.0310211181640625
5 0.6416015625 0.411376953125 0.095947265625 0.03131103515625
5 0.7552083333333334 0.2459716796875 0.089599609375 0.03424072265625
0 0.2747395833333333 0.41162109375 0.07820638020833333 0.05792236328125
1 0.498046875 0.312255859375 0.0523681640625 0.0279083251953125
4 0.7526041666666666 0.498046875 0.073486328125 0.05792236328125
4 0.703125 0.5224609375 0.072265625 0.0615234375
4 0.6038411458333334 0.5703125 0.07320149739583333 0.06439208984375
4 0.7552083333333334 0.64501953125 0.07527669270833333 0.06500244140625
4 0.9108072916666666 0.56494140625 0.081298828125 0.06280517578125
4 0.8072916666666666 0.619140625 0.0792236328125 0.06536865234375
1 0.4814453125 0.348876953125 0.050130208333333336 0.025177001953125
4 0.7037760416666666 0.669921875 0.07568359375 0.06671142578125
4 0.857421875 0.59130859375 0.08028157552083333 0.0635986328125
4 0.8059895833333334 0.470947265625 0.07722981770833333 0.058135986328125
4 0.6559244791666666 0.544921875 0.06787109375 0.060516357421875