3 0.5680338541666666 0.59814453125 0.08544921875 0.037384033203125
3 0.5690104166666666 0.436279296875 0.0799560546875 0.0457763671875
3 0.6028645833333334 0.39404296875 0.07722981770833333 0.0455322265625
3 0.7369791666666666 0.389404296875 0.08251953125 0.04803466796875
5 0.6712239583333334 0.82421875 0.11344401041666667 0.060302734375
5 0.7708333333333334 0.79296875 0.12101236979166667 0.0631103515625
3 0.6383463541666666 0.352783203125 0.07938639322916667 0.04803466796875
3 0.8079427083333334 0.473388671875 0.085693359375 0.047943115234375
3 0.7760416666666666 0.52001953125 0.08601888020833333 0.047698974609375
3 0.7037760416666666 0.43310546875 0.0799560546875 0.04638671875
5 0.5374348958333334 0.7890625 0.112060546875 0.060211181640625
3 0.541015625 0.314453125 0.07511393229166667 0.046722412109375
5 0.8684895833333334 0.76220703125 0.124267578125 0.061187744140625
3 0.5065104166666666 0.356689453125 0.07552083333333333 0.047088623046875
3 0.8385416666666666 0.428466796875 0.08601888020833333 0.048492431640625
5 0.6341145833333334 0.75634765625 0.10774739583333333 0.057586669921875
3 0.669921875 0.476318359375 0.07865397135416667 0.045196533203125
5 0.7298177083333334 0.7255859375 0.11222330729166667 0.055511474609375
4 0.6380208333333334 0.63623046875 0.059814453125 0.05975341796875
2 0.3665364583333333 0.65771484375 0.0736083984375 0.04840087890625
5 0.470703125 0.8935546875 0.11263020833333333 0.06500244140625
5 0.4391276041666667 0.82421875 0.11083984375 0.05718994140625
1 0.7786458333333334 0.59716796875 0.06587727864583333 0.0310211181640625
4 0.4264322916666667 0.54345703125 0.067626953125 0.05718994140625
4 0.3263346354166667 0.6025390625 0.0745849609375 0.063232421875
0 0.4348958333333333 0.68603515625 0.097900390625 0.033843994140625
0 0.5641276041666666 0.68896484375 0.111083984375 0.04046630859375
4 0.13126627604166666 0.564453125 0.07161458333333333 0.0616455078125
4 0.23763020833333334 0.51025390625 0.0791015625 0.06707763671875
4 0.18391927083333334 0.537109375 0.07853190104166667 0.06646728515625
4 0.2877604166666667 0.48095703125 0.07722981770833333 0.06280517578125
4 0.22119140625 0.66357421875 0.0819091796875 0.06817626953125
5 0.525390625 0.6376953125 0.09912109375 0.038238525390625
4 0.3782552083333333 0.57470703125 0.07820638020833333 0.06573486328125
5 0.5725911458333334 0.859375 0.11165364583333333 0.06097412109375
4 0.2747395833333333 0.63232421875 0.08028157552083333 0.06512451171875
1 0.5270182291666666 0.515625 0.055501302083333336 0.03436279296875