3 0.22347005208333334 0.44580078125 0.08780924479166667 0.039703369140625
3 0.4446614583333333 0.4052734375 0.086669921875 0.0384521484375
3 0.3170572916666667 0.3740234375 0.08585611979166667 0.037689208984375
3 0.4622395833333333 0.45654296875 0.08561197916666667 0.038543701171875
3 0.20670572916666666 0.393798828125 0.0849609375 0.03802490234375
3 0.3346354166666667 0.42529296875 0.08528645833333333 0.03802490234375
4 0.5673828125 0.6220703125 0.08174641927083333 0.028106689453125
3 0.5504557291666666 0.384521484375 0.08447265625 0.038909912109375
0 0.5569661458333334 0.5185546875 0.0748291015625 0.063232421875
0 0.4586588541666667 0.6279296875 0.095947265625 0.0272674560546875
1 0.5406901041666666 0.564453125 0.060587565104166664 0.0309600830078125
3 0.3505859375 0.476318359375 0.0849609375 0.0379638671875
4 0.3391927083333333 0.7392578125 0.09440104166666667 0.048492431640625
2 0.388671875 0.54833984375 0.060343424479166664 0.049957275390625
5 0.6829427083333334 0.4833984375 0.0758056640625 0.071044921875
3 0.5696614583333334 0.43701171875 0.08748372395833333 0.04010009765625
5 0.775390625 0.76708984375 0.08390299479166667 0.07879638671875
5 0.8118489583333334 0.609375 0.07389322916666667 0.06817626953125
5 0.765625 0.470947265625 0.08101399739583333 0.07122802734375
5 0.7473958333333334 0.6943359375 0.08174641927083333 0.07354736328125
3 0.4251302083333333 0.353759765625 0.08406575520833333 0.0369873046875
5 0.8313802083333334 0.68017578125 0.08512369791666667 0.07574462890625
4 0.17041015625 0.72802734375 0.099365234375 0.04949951171875
3 0.533203125 0.333740234375 0.08601888020833333 0.037322998046875
5 0.7259114583333334 0.62353515625 0.07649739583333333 0.0738525390625
5 0.78515625 0.5380859375 0.0849609375 0.07196044921875
4 0.18326822916666666 0.77392578125 0.09513346354166667 0.047515869140625
1 0.5764973958333334 0.71875 0.049031575520833336 0.04083251953125
4 0.3064778645833333 0.65234375 0.0966796875 0.046295166015625
5 0.7005208333333334 0.55322265625 0.07938639322916667 0.0743408203125
4 0.3557942708333333 0.78564453125 0.09138997395833333 0.04620361328125
4 0.150634765625 0.68212890625 0.09879557291666667 0.047149658203125
5 0.3279622395833333 0.54443359375 0.10001627604166667 0.034027099609375
3 0.5283203125 0.73095703125 0.0758056640625 0.0537109375
4 0.2869466145833333 0.60888671875 0.085693359375 0.03759765625
4 0.19905598958333334 0.82666015625 0.09171549479166667 0.042816162109375
4 0.3214518229166667 0.69921875 0.08634440104166667 0.0390625