4 0.7649739583333334 0.32080078125 0.048095703125 0.058349609375
4 0.705078125 0.31298828125 0.048665364583333336 0.059417724609375
3 0.6318359375 0.599609375 0.07527669270833333 0.06671142578125
3 0.3450520833333333 0.671875 0.08634440104166667 0.06951904296875
3 0.3779296875 0.83984375 0.087646484375 0.076416015625
3 0.4886067708333333 0.63671875 0.08203125 0.07122802734375
3 0.5511067708333334 0.67724609375 0.0799560546875 0.07159423828125
4 0.822265625 0.329833984375 0.054646809895833336 0.06304931640625
3 0.5677083333333334 0.56103515625 0.07763671875 0.06475830078125
3 0.4651692708333333 0.7568359375 0.08308919270833333 0.07318115234375
3 0.2555338541666667 0.74755859375 0.087646484375 0.0701904296875
4 0.6409505208333334 0.30322265625 0.0528564453125 0.059326171875
5 0.10074869791666667 0.65185546875 0.10750325520833333 0.03521728515625
0 0.7376302083333334 0.794921875 0.1220703125 0.060211181640625
3 0.4059244791666667 0.71337890625 0.08544921875 0.0699462890625
5 0.16227213541666666 0.69189453125 0.11181640625 0.0364990234375
4 0.5859375 0.2900390625 0.0484619140625 0.05889892578125
3 0.3162434895833333 0.7919921875 0.086181640625 0.07171630859375
5 0.3564453125 0.420166015625 0.09879557291666667 0.0343017578125
2 0.73828125 0.64501953125 0.08943684895833333 0.044769287109375
5 0.29833984375 0.56640625 0.10205078125 0.033660888671875
5 0.23486328125 0.63037109375 0.10791015625 0.034698486328125
5 0.3639322916666667 0.50732421875 0.10774739583333333 0.0360107421875
5 0.30078125 0.47265625 0.09578450520833333 0.03289794921875
4 0.779296875 0.43603515625 0.051595052083333336 0.0616455078125
5 0.16959635416666666 0.59130859375 0.10734049479166667 0.037750244140625
1 0.7180989583333334 0.88720703125 0.07267252604166667 0.037322998046875
3 0.4300130208333333 0.59765625 0.0849609375 0.06756591796875
5 0.4182942708333333 0.451904296875 0.09090169270833333 0.0294189453125
1 0.6998697916666666 0.9609375 0.07120768229166667 0.03948974609375
3 0.5042317708333334 0.52587890625 0.07511393229166667 0.06109619140625
5 0.24104817708333334 0.533203125 0.10595703125 0.0401611328125
4 0.5338541666666666 0.3857421875 0.050252278645833336 0.05450439453125
0 0.7623697916666666 0.72607421875 0.11637369791666667 0.05291748046875
4 0.7115885416666666 0.42529296875 0.055379231770833336 0.06982421875
4 0.6490885416666666 0.41748046875 0.060017903645833336 0.07183837890625
4 0.5911458333333334 0.40234375 0.059895833333333336 0.06549072265625