3 0.8170572916666666 0.43212890625 0.072265625 0.06427001953125
4 0.6617838541666666 0.64697265625 0.07954915364583333 0.04913330078125
3 0.794921875 0.6513671875 0.07694498697916667 0.07318115234375
3 0.8040364583333334 0.5390625 0.07609049479166667 0.06842041015625
5 0.2819010416666667 0.74609375 0.051188151041666664 0.08868408203125
5 0.197265625 0.69287109375 0.047770182291666664 0.085693359375
3 0.6204427083333334 0.4072265625 0.06441243489583333 0.06243896484375
3 0.8756510416666666 0.51171875 0.08174641927083333 0.06842041015625
3 0.7584635416666666 0.356689453125 0.06685384114583333 0.061309814453125
3 0.6868489583333334 0.38427734375 0.0628662109375 0.0616455078125
1 0.421875 0.6201171875 0.06298828125 0.0323486328125
3 0.7434895833333334 0.460205078125 0.07002766927083333 0.06488037109375
4 0.3136393229166667 0.300537109375 0.07694498697916667 0.06280517578125
4 0.2654622395833333 0.329345703125 0.07539876302083333 0.06451416015625
2 0.294921875 0.53515625 0.07185872395833333 0.049407958984375
0 0.474609375 0.52392578125 0.10929361979166667 0.042388916015625
3 0.5810546875 0.5810546875 0.08601888020833333 0.033477783203125
5 0.2620442708333333 0.6337890625 0.044514973958333336 0.0728759765625
5 0.5413411458333334 0.923828125 0.052652994791666664 0.1015625
5 0.4576822916666667 0.5791015625 0.041361490885416664 0.07794189453125
3 0.6744791666666666 0.483154296875 0.06624348958333333 0.06549072265625
5 0.4514973958333333 0.859375 0.04931640625 0.09967041015625
5 0.3447265625 0.68701171875 0.044637044270833336 0.08135986328125
3 0.865234375 0.62353515625 0.08406575520833333 0.0751953125
5 0.5149739583333334 0.7958984375 0.0509033203125 0.09283447265625
4 0.3629557291666667 0.413330078125 0.07881673177083333 0.06500244140625
0 0.3414713541666667 0.5830078125 0.08296712239583333 0.06524658203125
5 0.4283854166666667 0.7421875 0.0491943359375 0.08660888671875
3 0.7298177083333334 0.564453125 0.07120768229166667 0.06915283203125
5 0.3655598958333333 0.802734375 0.04931640625 0.09136962890625
4 0.21565755208333334 0.3564453125 0.07820638020833333 0.06671142578125
4 0.4143880208333333 0.385009765625 0.0791015625 0.06549072265625
4 0.11067708333333333 0.407470703125 0.07763671875 0.06829833984375
4 0.2589518229166667 0.471923828125 0.08430989583333333 0.06768798828125
4 0.16389973958333334 0.382568359375 0.07735188802083333 0.06964111328125
4 0.3118489583333333 0.443603515625 0.07954915364583333 0.06451416015625
1 0.5035807291666666 0.468994140625 0.06538899739583333 0.033966064453125