3 0.36686177248677254 0.42309523809523814 0.07763558201058202 0.08105406746031746
3 0.25471891534391533 0.6225595238095237 0.0792228835978836 0.08007936507936508
5 0.8209623015873017 0.7041021825396826 0.09667989417989419 0.08868303571428571
5 0.9140641534391535 0.6845709325396826 0.0961111111111111 0.08618055555555557
3 0.2760416666666667 0.39379960317460316 0.08011904761904762 0.08312996031746032
5 0.7662764550264549 0.5463864087301588 0.09285383597883598 0.08477678571428571
5 0.7480456349206349 0.46801835317460316 0.08203042328042329 0.0823983134920635
5 0.7962235449735451 0.6303720238095237 0.08374007936507936 0.08020089285714285
3 0.311359126984127 0.5234375 0.07881613756613756 0.08020089285714285
3 0.18326719576719577 0.3652356150793651 0.07808531746031745 0.08270337301587301
0 0.1538095238095238 0.9321279761904763 0.14347222222222222 0.05371031746031746
2 0.6679695767195767 0.6147470238095237 0.056845238095238095 0.06335565476190476
5 0.8170568783068783 0.3627926587301587 0.10099206349206348 0.09039186507936507
5 0.8365873015873017 0.4448239087301587 0.10261904761904762 0.0910639880952381
1 0.5123710317460318 0.43457093253968254 0.06477843915343914 0.03912450396825397
5 0.8860681216931217 0.6064459325396826 0.09863425925925925 0.08727926587301588
4 0.44954365079365083 0.8413095238095237 0.1048181216931217 0.06549107142857143
3 0.1668287037037037 0.5961904761904763 0.08113756613756615 0.08123759920634921
4 0.6051421957671957 0.7446279761904763 0.09716931216931216 0.04376240079365079
3 0.22021494708994707 0.49633680555555554 0.08325066137566138 0.08312996031746032
3 0.19889219576719577 0.7202157738095237 0.07751322751322752 0.07720982142857143
3 0.11043320105820105 0.6943353174603174 0.08028108465608466 0.0797718253968254
4 0.6253240740740741 0.7885739087301588 0.11287367724867724 0.0637202380952381
5 0.8600264550264549 0.5249032738095237 0.10042328042328043 0.08709821428571429
4 0.4736342592592592 0.8857415674603174 0.10636243386243385 0.06585813492063493
5 0.7226554232804233 0.37890625 0.09985449735449735 0.09704613095238096
4 0.6881514550264549 0.9262698412698412 0.10026124338624338 0.062103174603174605
3 0.1259755291005291 0.46801835317460316 0.08235780423280424 0.08447172619047619
4 0.6692724867724869 0.8793948412698412 0.10734126984126985 0.06335565476190476
4 0.4221990740740741 0.7880853174603174 0.11027116402116402 0.06561259920634921
4 0.6487632275132275 0.83984375 0.09822751322751323 0.05398561507936508
3 0.06966269841269841 0.5698239087301588 0.08308862433862434 0.08386160714285715
3 0.02925595238095238 0.6704092261904763 0.05643849206349206 0.07965029761904761
0 0.16479497354497355 0.8666989087301588 0.14054232804232805 0.05358878968253968
4 0.5032539682539682 0.9448239087301588 0.09895833333333333 0.05450396825396825
1 0.5595701058201058 0.38208085317460316 0.06551256613756615 0.033539186507936504
4 0.523587962962963 0.9828050595238096 0.09479828042328042 0.03439236111111111