1 0.6306216931216931 0.5029761904761905 0.08664021164021164 0.043154761904761904
2 0.5704365079365079 0.6747271825396826 0.05952380952380952 0.08953373015873016
0 0.6226851851851852 0.8612351190476191 0.16005291005291006 0.07465277777777778
5 0.7898478835978836 0.49429563492063494 0.10615079365079365 0.08680555555555555
4 0.8290343915343915 0.7331349206349206 0.11574074074074074 0.08978174603174603
1 0.9163359788359788 0.621155753968254 0.06547619047619048 0.0716765873015873
4 0.40145502645502645 0.6462053571428571 0.1388888888888889 0.06076388888888889
4 0.38310185185185186 0.38851686507936506 0.12003968253968254 0.041914682539682536
4 0.38591269841269843 0.4463045634920635 0.12433862433862433 0.04836309523809524
4 0.16253306878306878 0.5252976190476191 0.1359126984126984 0.04662698412698413
4 0.16468253968253968 0.4634176587301587 0.13161375661375663 0.044890873015873016
4 0.39732142857142855 0.5750248015873016 0.1306216931216931 0.047867063492063495
4 0.39186507936507936 0.5094246031746031 0.12962962962962962 0.04811507936507937
4 0.16038359788359788 0.5951140873015873 0.14087301587301587 0.048859126984126984
4 0.15046296296296297 0.6641865079365079 0.13161375661375663 0.046130952380952384
3 0.7199074074074074 0.5849454365079365 0.12103174603174603 0.06125992063492063