3 0.4514973958333333 0.54541015625 0.057820638020833336 0.075439453125
3 0.6243489583333334 0.57421875 0.059122721354166664 0.07763671875
3 0.5364583333333334 0.55908203125 0.060587565104166664 0.0762939453125
3 0.4482421875 0.86474609375 0.058675130208333336 0.08282470703125
3 0.4228515625 0.64599609375 0.057169596354166664 0.078369140625
3 0.48046875 0.7607421875 0.058919270833333336 0.07965087890625
3 0.5660807291666666 0.779296875 0.058675130208333336 0.07977294921875
3 0.3932291666666667 0.7470703125 0.056844075520833336 0.080078125
3 0.3629557291666667 0.8505859375 0.057088216145833336 0.08270263671875
3 0.537109375 0.8837890625 0.0594482421875 0.0838623046875
3 0.5087890625 0.66015625 0.0595703125 0.078369140625
3 0.5966796875 0.67626953125 0.058349609375 0.08062744140625
5 0.25830078125 0.74462890625 0.11124674479166667 0.07275390625
5 0.21061197916666666 0.48486328125 0.103515625 0.0616455078125
5 0.3035481770833333 0.49658203125 0.0966796875 0.05792236328125
0 0.830078125 0.71923828125 0.1201171875 0.039337158203125
5 0.2880859375 0.5771484375 0.10205078125 0.060760498046875
5 0.23209635416666666 0.8349609375 0.11263020833333333 0.07135009765625
5 0.1796875 0.6513671875 0.10774739583333333 0.06781005859375
5 0.15974934895833334 0.7333984375 0.114501953125 0.06951904296875
4 0.3746744791666667 0.3876953125 0.0584716796875 0.0831298828125
5 0.13932291666666666 0.822265625 0.11531575520833333 0.07208251953125
2 0.75 0.580078125 0.08927408854166667 0.036895751953125
5 0.27099609375 0.662109375 0.10986328125 0.0755615234375
4 0.5152994791666666 0.37646484375 0.057373046875 0.08416748046875
5 0.19759114583333334 0.56396484375 0.10506184895833333 0.0640869140625
4 0.58984375 0.368408203125 0.06254069010416667 0.08599853515625
0 0.8157552083333334 0.64990234375 0.11368815104166667 0.035675048828125
1 0.8873697916666666 0.86962890625 0.07552083333333333 0.0460205078125
4 0.4964192708333333 0.239501953125 0.0584716796875 0.0863037109375
4 0.5680338541666666 0.2322998046875 0.0596923828125 0.08758544921875
4 0.353515625 0.25390625 0.057942708333333336 0.08526611328125
4 0.4244791666666667 0.2489013671875 0.057373046875 0.08599853515625
1 0.8645833333333334 0.8056640625 0.07779947916666667 0.042083740234375
4 0.6630859375 0.3603515625 0.056966145833333336 0.08477783203125
4 0.6373697916666666 0.2220458984375 0.0576171875 0.08648681640625
4 0.4459635416666667 0.381103515625 0.0538330078125 0.0794677734375