5 0.6822916666666666 0.468994140625 0.055582682291666664 0.08819580078125
3 0.10432942708333333 0.59814453125 0.103515625 0.05792236328125
5 0.7532552083333334 0.427001953125 0.056315104166666664 0.0880126953125
5 0.615234375 0.408203125 0.056437174479166664 0.08709716796875
5 0.6829427083333334 0.36669921875 0.047037760416666664 0.07794189453125
5 0.6165364583333334 0.304443359375 0.055704752604166664 0.0894775390625
3 0.1875 0.493896484375 0.09635416666666667 0.055938720703125
5 0.5494791666666666 0.347412109375 0.0576171875 0.09039306640625
3 0.06673177083333333 0.5419921875 0.10042317708333333 0.05633544921875
3 0.2998046875 0.447998046875 0.092529296875 0.052703857421875
5 0.7506510416666666 0.52734375 0.058146158854166664 0.09088134765625
5 0.8951822916666666 0.54638671875 0.045206705729166664 0.081787109375
2 0.16536458333333334 0.7421875 0.046061197916666664 0.06854248046875
5 0.8229166666666666 0.58837890625 0.0574951171875 0.093505859375
5 0.8216145833333334 0.485595703125 0.054158528645833336 0.089599609375
3 0.22265625 0.54931640625 0.094970703125 0.05987548828125
4 0.35546875 0.603515625 0.0849609375 0.079345703125
3 0.369140625 0.351318359375 0.088623046875 0.05072021484375
3 0.4521484375 0.453369140625 0.088623046875 0.05450439453125
0 0.5530598958333334 0.9326171875 0.13053385416666666 0.058349609375
4 0.4166666666666667 0.5771484375 0.08280436197916667 0.07989501953125
3 0.4111328125 0.40185546875 0.08927408854166667 0.05242919921875
3 0.2596028645833333 0.39501953125 0.09309895833333333 0.05059814453125
3 0.14656575520833334 0.439453125 0.097412109375 0.052825927734375
3 0.3408203125 0.499267578125 0.09171549479166667 0.055938720703125
4 0.3128255208333333 0.7783203125 0.08650716145833333 0.0863037109375
4 0.5589192708333334 0.67236328125 0.06660970052083333 0.07135009765625
4 0.4729817708333333 0.5546875 0.07389322916666667 0.0753173828125
4 0.5003255208333334 0.69775390625 0.083251953125 0.0823974609375
4 0.3759765625 0.74853515625 0.083251953125 0.08416748046875
4 0.29150390625 0.6279296875 0.08927408854166667 0.08135986328125
4 0.22607421875 0.654296875 0.088623046875 0.080078125
4 0.4397786458333333 0.7216796875 0.083740234375 0.08343505859375
0 0.5322265625 0.86181640625 0.11246744791666667 0.050140380859375
1 0.8111979166666666 0.78759765625 0.067626953125 0.035552978515625
1 0.7740885416666666 0.7392578125 0.06490071614583333 0.03515625
3 0.041361490885416664 0.488037109375 0.08174641927083333 0.05780029296875