1 0.4801421957671958 0.7221676587301588 0.06648809523809524 0.03979414682539682
3 0.7714847883597883 0.3911135912698413 0.07002645502645502 0.05624503968253968
3 0.6419279100529101 0.3615724206349206 0.06428902116402116 0.055602678571428574
3 0.8430985449735451 0.45605406746031746 0.07511243386243385 0.06042410714285714
3 0.7148445767195767 0.5175793650793651 0.0744212962962963 0.06427083333333333
3 0.7050793650793651 0.33129960317460316 0.06685515873015872 0.0546875
3 0.7884126984126983 0.5917981150793651 0.07893849206349207 0.0680530753968254
3 0.7792956349206349 0.48803819444444446 0.07389219576719576 0.06143105158730159
4 0.5979828042328043 0.6479489087301588 0.08463624338624338 0.05203125
3 0.6744808201058201 0.6186532738095237 0.08325066137566138 0.049315476190476194
3 0.5823578042328043 0.38769593253968254 0.06563161375661376 0.056121031746031745
3 0.7076818783068783 0.42285218253968254 0.06901124338624338 0.05728174603174603
0 0.5823578042328043 0.7919915674603174 0.06575396825396826 0.08911210317460318
5 0.37207010582010586 0.41381944444444446 0.0733234126984127 0.06512400793650794
5 0.3551421957671958 0.46875 0.07780092592592593 0.06463541666666667
2 0.4921891534391535 0.6811532738095237 0.07108465608465608 0.04760664682539682
5 0.2636706349206349 0.45776289682539684 0.08357804232804233 0.07330357142857143
5 0.19108134920634923 0.39209077380952384 0.06490079365079365 0.05758680555555556
5 0.44726521164021166 0.47729414682539684 0.08040343915343914 0.07275297619047619
5 0.28255291005291006 0.4040525793650794 0.06978505291005291 0.06500248015873016
4 0.35351521164021166 0.7114260912698412 0.08028108465608466 0.08447172619047619
4 0.3567724867724868 0.5756845238095237 0.06937499999999999 0.07305803571428571
5 0.5410152116402116 0.48339781746031746 0.06913359788359788 0.05920386904761905
3 0.6461574074074075 0.44995039682539684 0.06823743386243386 0.06118799603174603
5 0.16862103174603174 0.44604414682539684 0.07043320105820106 0.06585813492063493
0 0.41894510582010586 0.828125 0.12687169312169314 0.07275297619047619
4 0.15974867724867725 0.6650396825396826 0.08190806878306878 0.08105406746031746
4 0.18066468253968254 0.5366220238095237 0.0744212962962963 0.06793154761904761
4 0.2399074074074074 0.55078125 0.07226521164021164 0.06982390873015873
3 0.8548181216931217 0.5605481150793651 0.08235780423280424 0.06707837301587301
5 0.4586574074074074 0.4201661706349206 0.06925595238095238 0.060210813492063496
4 0.2983399470899471 0.5644543650793651 0.07173611111111111 0.07263144841269842
5 0.7779960317460317 0.6918948412698412 0.08601851851851852 0.06768849206349206
4 0.2233068783068783 0.6796875 0.0792228835978836 0.08196924603174603
4 0.2864583333333333 0.6962896825396826 0.08056547619047619 0.0816641865079365
4 0.10131944444444443 0.6479489087301588 0.08569444444444443 0.08050595238095239
1 0.5875231481481482 0.5791170634920635 0.055115740740740736 0.03058779761904762