3 0.48842592592592593 0.36743551587301587 0.06415343915343916 0.06522817460317461
3 0.47470238095238093 0.26872519841269843 0.0625 0.0642361111111111
3 0.5428240740740741 0.2898065476190476 0.06316137566137567 0.0642361111111111
3 0.527281746031746 0.19543650793650794 0.060515873015873016 0.06299603174603174
3 0.40773809523809523 0.24553571428571427 0.06547619047619048 0.06448412698412699
3 0.42146164021164023 0.34486607142857145 0.06580687830687831 0.0642361111111111
3 0.35201719576719576 0.31882440476190477 0.06580687830687831 0.0642361111111111
3 0.5963955026455027 0.21515376984126985 0.06183862433862434 0.06225198412698413
3 0.4621362433862434 0.17373511904761904 0.06117724867724868 0.06225198412698413
3 0.4313822751322751 0.4446924603174603 0.06514550264550265 0.06498015873015874
3 0.36491402116402116 0.42212301587301587 0.06712962962962964 0.0625
3 0.2943121693121693 0.3947172619047619 0.06746031746031746 0.0642361111111111
2 0.5904431216931217 0.42472718253968256 0.040013227513227514 0.05927579365079365
0 0.7966269841269841 0.27058531746031744 0.08465608465608465 0.06349206349206349
4 0.3235780423280423 0.7001488095238095 0.10482804232804233 0.03869047619047619
4 0.31845238095238093 0.6462053571428571 0.10251322751322751 0.038938492063492064
4 0.31200396825396826 0.5930059523809523 0.103505291005291 0.039186507936507936
4 0.14599867724867724 0.6595982142857143 0.11078042328042328 0.03794642857142857
4 0.15112433862433863 0.7111855158730159 0.11574074074074074 0.04141865079365079
4 0.32705026455026454 0.7529761904761905 0.10515873015873016 0.03869047619047619
4 0.15046296296296297 0.7646329365079365 0.11574074074074074 0.04365079365079365
1 0.12119708994708994 0.32068452380952384 0.04398148148148148 0.043154761904761904
4 0.32936507936507936 0.808655753968254 0.10251322751322751 0.03695436507936508
4 0.1431878306878307 0.6085069444444444 0.10912698412698413 0.03794642857142857
1 0.0539021164021164 0.3253968253968254 0.04431216931216931 0.0441468253968254
4 0.15046296296296297 0.8216765873015873 0.11375661375661375 0.04117063492063492
5 0.8540013227513228 0.4123263888888889 0.11541005291005291 0.031994047619047616
5 0.5932539682539683 0.6691468253968254 0.10912698412698413 0.03373015873015873
5 0.9188161375661376 0.46589781746031744 0.12268518518518519 0.03447420634920635
5 0.8346560846560847 0.5162450396825397 0.11706349206349206 0.03447420634920635
5 0.5322420634920635 0.6140873015873016 0.11144179894179894 0.03670634920634921
5 0.6909722222222222 0.5153769841269841 0.10747354497354497 0.03373015873015873
5 0.7726521164021164 0.4636656746031746 0.11342592592592593 0.03149801587301587
5 0.6124338624338624 0.5648561507936508 0.10582010582010581 0.03546626984126984
5 0.6714616402116402 0.6190476190476191 0.10615079365079365 0.032242063492063495
5 0.75380291005291 0.5654761904761905 0.11144179894179894 0.030753968253968252
0 0.8522123015873017 0.31396577380952384 0.09790013227513228 0.07092261904761904