4 0.78125 0.51904296875 0.0721435546875 0.09039306640625
3 0.18863932291666666 0.61865234375 0.08174641927083333 0.06451416015625
4 0.6998697916666666 0.51025390625 0.07279459635416667 0.0889892578125
4 0.943359375 0.54248046875 0.08158365885416667 0.09637451171875
4 0.5973307291666666 0.63671875 0.0631103515625 0.0838623046875
4 0.9029947916666666 0.68310546875 0.07442220052083333 0.092041015625
4 0.828125 0.67529296875 0.0560302734375 0.0765380859375
3 0.10319010416666667 0.5458984375 0.08280436197916667 0.063720703125
4 0.861328125 0.52880859375 0.07706705729166667 0.093994140625
3 0.23942057291666666 0.583984375 0.08235677083333333 0.06512451171875
3 0.153564453125 0.509765625 0.08561197916666667 0.06732177734375
3 0.134033203125 0.6513671875 0.078369140625 0.06243896484375
3 0.0509033203125 0.58154296875 0.08308919270833333 0.06451416015625
3 0.21451822916666666 0.71875 0.07792154947916667 0.06231689453125
3 0.2718098958333333 0.6845703125 0.07706705729166667 0.06427001953125
3 0.3238932291666667 0.65380859375 0.07865397135416667 0.06488037109375
5 0.22786458333333334 0.25439453125 0.09041341145833333 0.08270263671875
3 0.294921875 0.78466796875 0.0748291015625 0.0616455078125
4 0.748046875 0.66015625 0.052164713541666664 0.0755615234375
4 0.673828125 0.65380859375 0.0496826171875 0.07275390625
3 0.3531901041666667 0.75537109375 0.07596842447916667 0.0616455078125
5 0.6015625 0.2218017578125 0.09342447916666667 0.09173583984375
3 0.4072265625 0.7275390625 0.07706705729166667 0.06524658203125
4 0.6227213541666666 0.50244140625 0.07108561197916667 0.08831787109375
5 0.7265625 0.2413330078125 0.094970703125 0.093505859375
2 0.5029296875 0.39990234375 0.07413736979166667 0.0604248046875
5 0.361328125 0.19189453125 0.091064453125 0.09173583984375
5 0.23828125 0.173828125 0.09309895833333333 0.09075927734375
1 0.216796875 0.42529296875 0.06278483072916667 0.040679931640625
5 0.5804036458333334 0.310791015625 0.089599609375 0.08978271484375
5 0.34375 0.27490234375 0.09562174479166667 0.0885009765625
0 0.5579427083333334 0.8095703125 0.08992513020833333 0.07354736328125
5 0.7037760416666666 0.328125 0.09456380208333333 0.0880126953125
0 0.6253255208333334 0.8447265625 0.09440104166666667 0.08465576171875
5 0.48046875 0.2093505859375 0.0775146484375 0.08465576171875
5 0.4619140625 0.292236328125 0.0986328125 0.0953369140625
1 0.17317708333333334 0.371337890625 0.0595703125 0.040252685546875