3 0.19645182291666666 0.5146484375 0.07389322916666667 0.06866455078125
3 0.4036458333333333 0.498046875 0.07291666666666667 0.06719970703125
3 0.3369140625 0.57861328125 0.07255045572916667 0.06793212890625
3 0.2635091145833333 0.434814453125 0.07539876302083333 0.06658935546875
3 0.5970052083333334 0.5830078125 0.08296712239583333 0.059326171875
3 0.3369140625 0.467041015625 0.07279459635416667 0.06646728515625
4 0.5911458333333334 0.7744140625 0.04296875 0.0775146484375
3 0.2682291666666667 0.5478515625 0.07596842447916667 0.06768798828125
3 0.20149739583333334 0.6318359375 0.07596842447916667 0.07080078125
0 0.5003255208333334 0.62060546875 0.09285481770833333 0.0830078125
3 0.2683919270833333 0.66455078125 0.073486328125 0.06890869140625
3 0.12711588541666666 0.5986328125 0.07401529947916667 0.06854248046875
4 0.603515625 0.921875 0.063232421875 0.10089111328125
1 0.6617838541666666 0.6630859375 0.062418619791666664 0.047882080078125
3 0.4016927083333333 0.386962890625 0.07442220052083333 0.06842041015625
2 0.4153645833333333 0.66748046875 0.07637532552083333 0.056121826171875
4 0.7395833333333334 0.765625 0.06298828125 0.094482421875
4 0.6803385416666666 0.92626953125 0.046671549479166664 0.08251953125
4 0.6630859375 0.7685546875 0.060709635416666664 0.09124755859375
5 0.5960286458333334 0.37451171875 0.063232421875 0.08599853515625
4 0.8151041666666666 0.76513671875 0.06746419270833333 0.09552001953125
3 0.4690755208333333 0.416748046875 0.07108561197916667 0.06817626953125
5 0.6725260416666666 0.333251953125 0.063720703125 0.08331298828125
1 0.4638671875 0.546875 0.050699869791666664 0.04193115234375
4 0.8333333333333334 0.916015625 0.068115234375 0.0994873046875
0 0.5608723958333334 0.6875 0.10986328125 0.044586181640625
5 0.7194010416666666 0.50927734375 0.06734212239583333 0.092529296875
5 0.6559244791666666 0.439453125 0.06502278645833333 0.0885009765625
4 0.7571614583333334 0.9228515625 0.045979817708333336 0.08343505859375
4 0.6276041666666666 0.5185546875 0.08927408854166667 0.03948974609375
5 0.7330729166666666 0.39990234375 0.06538899739583333 0.0880126953125
5 0.5745442708333334 0.64599609375 0.113037109375 0.0330810546875
5 0.8697916666666666 0.5341796875 0.06453450520833333 0.0966796875
5 0.7981770833333334 0.466064453125 0.068115234375 0.0938720703125
4 0.9114583333333334 0.91650390625 0.07014973958333333 0.10052490234375
5 0.7884114583333334 0.57666015625 0.06949869791666667 0.0987548828125
5 0.6129557291666666 0.270263671875 0.0538330078125 0.089111328125