3 0.26953125 0.6025390625 0.0638427734375 0.06610107421875
3 0.2506510416666667 0.7158203125 0.06660970052083333 0.073974609375
5 0.5162760416666666 0.56201171875 0.07373046875 0.070068359375
2 0.458984375 0.67578125 0.08085123697916667 0.0394287109375
3 0.3224283854166667 0.685546875 0.06697591145833333 0.07122802734375
5 0.24755859375 0.4296875 0.09358723958333333 0.06756591796875
3 0.20052083333333334 0.63037109375 0.06465657552083333 0.0699462890625
3 0.15169270833333334 0.55029296875 0.0633544921875 0.06634521484375
1 0.5738932291666666 0.51904296875 0.06648763020833333 0.036346435546875
3 0.3053385416666667 0.80712890625 0.07080078125 0.0809326171875
3 0.3815104166666667 0.775390625 0.0679931640625 0.0755615234375
3 0.21988932291666666 0.5234375 0.0628662109375 0.0640869140625
3 0.22216796875 0.8408203125 0.07027180989583333 0.08331298828125
0 0.548828125 0.58935546875 0.086669921875 0.06768798828125
3 0.12247721354166667 0.6611328125 0.06502278645833333 0.072265625
5 0.3460286458333333 0.3662109375 0.09578450520833333 0.06524658203125
5 0.4443359375 0.41552734375 0.090087890625 0.06805419921875
5 0.2470703125 0.369384765625 0.092529296875 0.06719970703125
3 0.17122395833333334 0.7470703125 0.0682373046875 0.07763671875
5 0.3427734375 0.42236328125 0.09342447916666667 0.06707763671875
5 0.5380859375 0.345458984375 0.0986328125 0.06536865234375
4 0.86328125 0.626953125 0.10042317708333333 0.051177978515625
5 0.4427083333333333 0.35302734375 0.09407552083333333 0.06573486328125
5 0.5400390625 0.408203125 0.09326171875 0.06597900390625
5 0.14908854166666666 0.3740234375 0.09358723958333333 0.06854248046875
3 0.458984375 0.5185546875 0.08797200520833333 0.04010009765625
0 0.455078125 0.59912109375 0.059814453125 0.07989501953125
4 0.9212239583333334 0.53076171875 0.1005859375 0.0517578125
1 0.3587239583333333 0.5830078125 0.046061197916666664 0.04296875
4 0.890625 0.57568359375 0.09879557291666667 0.050811767578125
4 0.4069010416666667 0.4716796875 0.0557861328125 0.05877685546875
4 0.6552734375 0.61474609375 0.09375 0.058990478515625
4 0.7239583333333334 0.52001953125 0.1044921875 0.05792236328125
4 0.6946614583333334 0.564453125 0.09895833333333333 0.06085205078125
4 0.9498697916666666 0.485107421875 0.08829752604166667 0.04351806640625
4 0.748046875 0.476318359375 0.10563151041666667 0.058013916015625
4 0.837890625 0.67529296875 0.12141927083333333 0.061309814453125