1 0.37136243386243384 0.5327380952380952 0.09060846560846561 0.052083333333333336
0 0.3794642857142857 0.8405257936507936 0.16170634920634921 0.062003968253968256
5 0.33895502645502645 0.43737599206349204 0.062169312169312166 0.12227182539682539
2 0.3976521164021164 0.7622767857142857 0.0710978835978836 0.09449404761904762
1 0.42146164021164023 0.6400049603174603 0.07705026455026455 0.06671626984126984
4 0.45337301587301587 0.7393353174603174 0.06878306878306878 0.1076388888888889
3 0.3649074074074074 0.6655282738095237 0.10969907407407407 0.10394345238095239
3 0.5983068783068783 0.8940426587301588 0.08528769841269843 0.12445188492063493
3 0.7180985449735451 0.8666989087301588 0.08748346560846561 0.12249751984126984
3 0.5234391534391535 0.5932614087301588 0.07649801587301587 0.1089484126984127
3 0.48600198412698414 0.4509275793650794 0.07413690476190476 0.10559027777777778
3 0.5582671957671957 0.7402356150793651 0.08666997354497354 0.11816468253968254
3 0.6451818783068783 0.5766592261904763 0.07482804232804233 0.10485863095238096
3 0.7981779100529101 0.69921875 0.08634589947089948 0.1159672619047619
3 0.6777347883597883 0.7172842261904763 0.08544973544973544 0.11737103174603175
3 0.7610681216931217 0.55859375 0.07780092592592593 0.10522569444444443
3 0.6074206349206349 0.43676835317460316 0.07552248677248677 0.10577380952380953
3 0.7207043650793651 0.4213864087301587 0.07938492063492064 0.10375992063492064