3 0.4886078042328042 0.56640625 0.0430489417989418 0.06854166666666667
3 0.33756613756613757 0.4201661706349206 0.09025132275132276 0.034484126984126985
3 0.45898478835978834 0.4084474206349206 0.0915542328042328 0.034484126984126985
3 0.20800925925925925 0.3771974206349206 0.09375 0.03643849206349206
3 0.4488921957671958 0.3549801587301587 0.0913888888888889 0.03533978174603175
3 0.5686838624338625 0.34399305555555554 0.09171626984126985 0.035553075396825395
3 0.43912698412698414 0.296875 0.0913888888888889 0.03549107142857143
3 0.2146825396825397 0.43237351190476186 0.09358796296296296 0.035553075396825395
3 0.32877645502645503 0.36621031746031746 0.09073743386243385 0.035064484126984125
3 0.19791666666666666 0.31884672619047616 0.09220238095238095 0.03656001984126984
3 0.5791005291005291 0.3964856150793651 0.0915542328042328 0.03482142857142857
0 0.36002645502645503 0.6049801587301588 0.05969246031746032 0.0758655753968254
4 0.5729166666666666 0.5458978174603174 0.07540013227513227 0.0555109126984127
4 0.38769510582010586 0.76171875 0.08862433862433862 0.06439236111111112
3 0.31754629629629627 0.3081051587301587 0.08715939153439153 0.034759424603174605
5 0.7337235449735451 0.6123040674603174 0.11385251322751323 0.06536954365079364
2 0.2947585978835979 0.5141592261904763 0.045654761904761906 0.05490079365079365
5 0.40950396825396823 0.5903323412698412 0.08634589947089948 0.07092261904761904
5 0.7591137566137566 0.5341790674603174 0.11572420634920634 0.06311011904761905
5 0.6386706349206349 0.5917981150793651 0.10506283068783068 0.0565500992063492
5 0.6933597883597883 0.44384672619047616 0.10522486772486772 0.06451388888888888
5 0.7858068783068783 0.4631349206349206 0.11450066137566138 0.06143105158730159
5 0.6751289682539682 0.5092782738095237 0.10058531746031747 0.05865575396825397
5 0.7057308201058201 0.69140625 0.10774801587301587 0.06768849206349206
4 0.33496031746031746 0.7163095238095237 0.08357804232804233 0.060210813492063496
4 0.43164021164021166 0.8061532738095237 0.08813492063492064 0.06585813492063493
4 0.19221891534391533 0.8193353174603174 0.09773809523809524 0.07367063492063493
4 0.2897123015873016 0.67578125 0.08748346560846561 0.05835069444444445
5 0.6165376984126985 0.6713864087301588 0.11385251322751323 0.06164434523809524
1 0.44596230158730155 0.6499032738095237 0.04479828042328042 0.05126984126984127
4 0.14152116402116402 0.7778323412698412 0.09309854497354496 0.06512400793650794
5 0.8105456349206349 0.38915922619047616 0.10831679894179895 0.05911210317460318
0 0.39225198412698414 0.5366220238095237 0.12247685185185185 0.036622023809523806
4 0.3310548941798942 0.9589856150793651 0.09236772486772486 0.06982390873015873
4 0.28434193121693124 0.9072271825396826 0.1180026455026455 0.0863045634920635
1 0.4466137566137566 0.47167906746031746 0.061279761904761906 0.028549107142857143
4 0.23413690476190474 0.861470734126984 0.08728174603174603 0.060406746031746034