4 0.39897486772486773 0.6004464285714286 0.12665343915343916 0.07886904761904762
2 0.4966931216931217 0.7115575396825397 0.06547619047619048 0.08928571428571429
5 0.1671626984126984 0.4009176587301587 0.19146825396825398 0.08804563492063493
1 0.3558201058201058 0.5407986111111112 0.0958994708994709 0.050347222222222224
0 0.2175925925925926 0.6898561507936508 0.17724867724867724 0.05431547619047619
3 0.20535714285714285 0.5348462301587301 0.16071428571428573 0.05282738095238095
3 0.787109375 0.451171875 0.111083984375 0.0831298828125
3 0.42578125 0.3125 0.13167317708333334 0.1044921875
3 0.6171875 0.58984375 0.10945638020833333 0.0810546875
1 0.23876953125 0.47509765625 0.11572265625 0.0615234375
3 0.6624348958333334 0.34619140625 0.1337890625 0.10687255859375
3 0.5709635416666666 0.42333984375 0.1298828125 0.0994873046875
3 0.4876302083333333 0.50341796875 0.12272135416666667 0.08770751953125
3 0.8098958333333334 0.60107421875 0.106201171875 0.0809326171875
3 0.693359375 0.515625 0.12247721354166667 0.090087890625
3 0.732421875 0.66748046875 0.10734049479166667 0.07763671875
3 0.5237630208333334 0.230712890625 0.15380859375 0.12274169921875
3 0.3263346354166667 0.395751953125 0.15787760416666666 0.11279296875