3 0.14864417989417988 0.511656746031746 0.059854497354497355 0.06299603174603174
0 0.5112433862433863 0.8198164682539683 0.10978835978835978 0.04439484126984127
3 0.1164021164021164 0.4185267857142857 0.056878306878306875 0.06076388888888889
3 0.17956349206349206 0.6066468253968254 0.06018518518518518 0.06696428571428571
3 0.21792328042328044 0.5230654761904762 0.056216931216931214 0.0625
3 0.25380291005291006 0.44518849206349204 0.0539021164021164 0.06001984126984127
3 0.22040343915343916 0.35974702380952384 0.05191798941798942 0.057291666666666664
3 0.03422619047619048 0.5778769841269841 0.06316137566137567 0.06597222222222222
3 0.2881944444444444 0.3699156746031746 0.05257936507936508 0.057787698412698416
3 0.07688492063492064 0.4955357142857143 0.05919312169312169 0.0625
3 0.15476190476190477 0.34585813492063494 0.05489417989417989 0.05828373015873016
3 0.1087962962962963 0.5936259920634921 0.06481481481481481 0.06671626984126984
3 0.18518518518518517 0.4334077380952381 0.05555555555555555 0.06076388888888889
0 0.5279431216931217 0.7554563492063492 0.10615079365079365 0.04365079365079365
2 0.5289351851851852 0.9098462301587301 0.0882936507936508 0.03695436507936508
4 0.5061177248677249 0.5716765873015873 0.09755291005291006 0.041666666666666664
4 0.5476190476190477 0.4429563492063492 0.09126984126984126 0.041666666666666664
5 0.6436838624338624 0.6118551587301587 0.09424603174603174 0.061507936507936505
5 0.652281746031746 0.5416666666666666 0.09953703703703703 0.061507936507936505
4 0.5307539682539683 0.4871031746031746 0.09854497354497355 0.04017857142857143
4 0.3306878306878307 0.5889136904761905 0.0992063492063492 0.045882936507936505
4 0.5162037037037037 0.5308779761904762 0.10251322751322751 0.04290674603174603
4 0.49090608465608465 0.6155753968253969 0.10416666666666667 0.04662698412698413
4 0.3488756613756614 0.5440228174603174 0.09854497354497355 0.04141865079365079
4 0.3812830687830688 0.45969742063492064 0.09259259259259259 0.040426587301587304
5 0.7733134920634921 0.35379464285714285 0.09424603174603174 0.054811507936507936
4 0.39814814814814814 0.41964285714285715 0.09259259259259259 0.04117063492063492
4 0.3680555555555556 0.49950396825396826 0.09259259259259259 0.04117063492063492
1 0.3101851851851852 0.714905753968254 0.04365079365079365 0.045882936507936505
5 0.6793981481481481 0.40736607142857145 0.09556878306878307 0.054811507936507936
1 0.2359457671957672 0.7263144841269841 0.04398148148148148 0.048859126984126984
5 0.7318121693121693 0.623015873015873 0.09722222222222222 0.060515873015873016
5 0.6703042328042328 0.4720982142857143 0.09259259259259259 0.058779761904761904
5 0.7423941798941799 0.5505952380952381 0.09986772486772487 0.05952380952380952
5 0.7526041666666666 0.4833984375 0.09969075520833333 0.061309814453125
5 0.7610677083333334 0.419189453125 0.10099283854166667 0.0592041015625
5 0.6940104166666666 0.342529296875 0.1005859375 0.05975341796875