3 0.6575038580246912 0.6098632812499999 0.0882824556327161 0.030044555664062576
2 0.4580078125 0.62158203125 0.0721435546875 0.040374755859375
1 0.431640625 0.6572265625 0.06722005208333333 0.030792236328125
5 0.4124348958333333 0.36962890625 0.05859375 0.08599853515625
5 0.455078125 0.2998046875 0.052449544270833336 0.0830078125
5 0.22005208333333334 0.28369140625 0.061279296875 0.0816650390625
5 0.3629557291666667 0.26171875 0.054361979166666664 0.0843505859375
5 0.5485026041666666 0.338134765625 0.054646809895833336 0.07464599609375
5 0.5029296875 0.4033203125 0.0523681640625 0.077392578125
5 0.3162434895833333 0.322998046875 0.060017903645833336 0.0784912109375
5 0.2664388020833333 0.2197265625 0.06298828125 0.0889892578125
3 0.8997395833333334 0.41845703125 0.053751627604166664 0.0726318359375
3 0.8815104166666666 0.3193359375 0.054361979166666664 0.07586669921875
3 0.791015625 0.332763671875 0.0552978515625 0.07476806640625
5 0.5963541666666666 0.4404296875 0.054036458333333336 0.07989501953125
4 0.3214518229166667 0.464111328125 0.0745849609375 0.0604248046875
3 0.7044270833333334 0.345703125 0.049967447916666664 0.07342529296875
3 0.8463541666666666 0.6142578125 0.05224609375 0.0699462890625
3 0.7272135416666666 0.441650390625 0.050252278645833336 0.07122802734375
3 0.7467447916666666 0.53466796875 0.050333658854166664 0.06951904296875
3 0.8313802083333334 0.52392578125 0.0533447265625 0.07080078125
4 0.2158203125 0.39599609375 0.0748291015625 0.059417724609375
3 0.916015625 0.5146484375 0.053751627604166664 0.0723876953125
3 0.8111979166666666 0.4306640625 0.0552978515625 0.07208251953125
4 0.3714192708333333 0.4951171875 0.0709228515625 0.058441162109375
3 0.765625 0.62353515625 0.047932942708333336 0.06878662109375
5 0.6959635416666666 0.69970703125 0.08650716145833333 0.042816162109375
4 0.2672526041666667 0.430419921875 0.06990559895833333 0.05633544921875
4 0.5654296875 0.61767578125 0.08028157552083333 0.0294189453125
1 0.5934244791666666 0.5556640625 0.060017903645833336 0.0305023193359375
4 0.10652669270833333 0.4931640625 0.087646484375 0.072265625
0 0.4869791666666667 0.732421875 0.07666015625 0.06512451171875
0 0.34375 0.72216796875 0.11027018229166667 0.047332763671875
4 0.16324869791666666 0.5244140625 0.089111328125 0.0709228515625
4 0.31494140625 0.62109375 0.08894856770833333 0.06732177734375
4 0.21223958333333334 0.55517578125 0.092529296875 0.07159423828125
4 0.2649739583333333 0.58984375 0.09187825520833333 0.070068359375