2 0.564484126984127 0.535218253968254 0.08134920634920635 0.06646825396825397
1 0.17410714285714285 0.5617559523809523 0.0796957671957672 0.046130952380952384
5 0.2786044973544973 0.5236855158730159 0.1087962962962963 0.08209325396825397
4 0.5110780423280423 0.8825644841269841 0.08234126984126984 0.10193452380952381
4 0.593584656084656 0.8479662698412699 0.09126984126984126 0.09821428571428571
4 0.48478835978835977 0.6793154761904762 0.09523809523809523 0.09771825396825397
0 0.19791666666666666 0.6449652777777778 0.06712962962962964 0.09945436507936507
4 0.3913690476190476 0.591765873015873 0.11011904761904762 0.040674603174603176
4 0.7582671957671958 0.7759176587301587 0.1078042328042328 0.10788690476190477
1 0.12450396825396826 0.6449652777777778 0.08366402116402116 0.03794642857142857
0 0.3900462962962963 0.4262152777777778 0.04662698412698413 0.09350198412698413
4 0.4039351851851852 0.7103174603174603 0.08564814814814815 0.09375
3 0.8587239583333334 0.5205078125 0.11865234375 0.058441162109375
4 0.5628255208333334 0.650390625 0.10001627604166667 0.0987548828125
3 0.5865885416666666 0.413330078125 0.09912109375 0.059539794921875
4 0.6380208333333334 0.6220703125 0.10538736979166667 0.0943603515625
3 0.5608723958333334 0.2587890625 0.09513346354166667 0.056243896484375
3 0.3580729166666667 0.54638671875 0.11124674479166667 0.0472412109375
3 0.6357421875 0.359130859375 0.09879557291666667 0.05645751953125
3 0.7161458333333334 0.4677734375 0.10245768229166667 0.060211181640625
4 0.84375 0.74658203125 0.092041015625 0.09271240234375
4 0.677734375 0.8125 0.087158203125 0.1007080078125
3 0.5152994791666666 0.31103515625 0.09285481770833333 0.05499267578125
3 0.6809895833333334 0.305419921875 0.09716796875 0.0567626953125
3 0.4645182291666667 0.36279296875 0.091552734375 0.055938720703125
3 0.7623697916666666 0.410888671875 0.10172526041666667 0.058990478515625
3 0.900390625 0.466064453125 0.11368815104166667 0.06256103515625
3 0.8092447916666666 0.3544921875 0.10750325520833333 0.05975341796875