3 0.20654296875 0.673828125 0.06697591145833333 0.0738525390625
2 0.3811848958333333 0.6689453125 0.08634440104166667 0.044525146484375
4 0.8893229166666666 0.798828125 0.07442220052083333 0.0830078125
3 0.2998046875 0.4951171875 0.061971028645833336 0.06646728515625
3 0.2542317708333333 0.5830078125 0.061848958333333336 0.07159423828125
4 0.6673177083333334 0.869140625 0.08203125 0.10394287109375
3 0.10481770833333333 0.54541015625 0.06722005208333333 0.06964111328125
4 0.81640625 0.8212890625 0.07173665364583333 0.086181640625
3 0.15169270833333334 0.463134765625 0.0687255859375 0.06829833984375
0 0.52734375 0.6513671875 0.10652669270833333 0.0301055908203125
3 0.22884114583333334 0.48046875 0.06392415364583333 0.06866455078125
3 0.13102213541666666 0.65576171875 0.07108561197916667 0.07421875
5 0.5100911458333334 0.412353515625 0.054036458333333336 0.0850830078125
4 0.5904947916666666 0.72119140625 0.06502278645833333 0.07720947265625
3 0.18212890625 0.5654296875 0.06624348958333333 0.0704345703125
4 0.7447916666666666 0.84765625 0.06990559895833333 0.08740234375
3 0.2726236979166667 0.400634765625 0.06465657552083333 0.06439208984375
4 0.95452880859375 0.7763671875 0.0909423828125 0.097412109375
3 0.3453776041666667 0.41552734375 0.062174479166666664 0.06439208984375
5 0.6474609375 0.400634765625 0.0596923828125 0.08343505859375
4 0.7942708333333334 0.66162109375 0.08528645833333333 0.08709716796875
4 0.5270182291666666 0.51513671875 0.08732096354166667 0.033843994140625
3 0.050618489583333336 0.6357421875 0.07161458333333333 0.0743408203125
4 0.7213541666666666 0.68212890625 0.08251953125 0.09173583984375
1 0.6080729166666666 0.60205078125 0.06660970052083333 0.039642333984375
4 0.6569010416666666 0.69970703125 0.060262044270833336 0.07342529296875
5 0.564453125 0.367431640625 0.059041341145833336 0.079345703125
5 0.4856770833333333 0.32763671875 0.05224609375 0.07354736328125
5 0.6783854166666666 0.494140625 0.061848958333333336 0.08648681640625
5 0.4085286458333333 0.287841796875 0.046061197916666664 0.081787109375
5 0.5950520833333334 0.45361328125 0.059814453125 0.08538818359375
5 0.7356770833333334 0.440673828125 0.06453450520833333 0.087890625
5 0.5227864583333334 0.60693359375 0.10335286458333333 0.045867919921875
0 0.4404296875 0.60595703125 0.06660970052083333 0.08404541015625
3 0.5130208333333334 0.55859375 0.08479817708333333 0.04913330078125
5 0.4348958333333333 0.375 0.0478515625 0.07684326171875
1 0.3815104166666667 0.54638671875 0.0462646484375 0.042816162109375