0 0.5208333333333334 0.6220703125 0.09700520833333333 0.042816162109375
3 0.23421223958333334 0.697265625 0.050130208333333336 0.07080078125
3 0.208984375 0.51953125 0.0517578125 0.063232421875
3 0.10693359375 0.59619140625 0.054768880208333336 0.06585693359375
3 0.16015625 0.6923828125 0.053466796875 0.071044921875
2 0.3948567708333333 0.66357421875 0.08113606770833333 0.034423828125
3 0.2555338541666667 0.60595703125 0.048095703125 0.06756591796875
3 0.2976888020833333 0.4443359375 0.047037760416666664 0.058563232421875
3 0.07893880208333333 0.68701171875 0.0574951171875 0.071044921875
3 0.23160807291666666 0.442138671875 0.051106770833333336 0.058135986328125
3 0.13525390625 0.51318359375 0.05224609375 0.05987548828125
1 0.5846354166666666 0.56787109375 0.061848958333333336 0.03607177734375
4 0.7760416666666666 0.7626953125 0.07967122395833333 0.07196044921875
4 0.48828125 0.505859375 0.07893880208333333 0.037109375
3 0.18440755208333334 0.60302734375 0.052571614583333336 0.06756591796875
4 0.8919270833333334 0.69580078125 0.08085123697916667 0.06817626953125
5 0.4830729166666667 0.368408203125 0.062174479166666664 0.07208251953125
3 0.2794596354166667 0.52197265625 0.0517578125 0.0618896484375
0 0.4339192708333333 0.59814453125 0.0517578125 0.0816650390625
4 0.7161458333333334 0.7978515625 0.0966796875 0.08978271484375
4 0.830078125 0.7275390625 0.08280436197916667 0.0723876953125
5 0.3245442708333333 0.32080078125 0.051472981770833336 0.06597900390625
4 0.712890625 0.6201171875 0.08585611979166667 0.07421875
5 0.5706380208333334 0.38818359375 0.06949869791666667 0.0755615234375
5 0.5055338541666666 0.58544921875 0.090576171875 0.052825927734375
5 0.6240234375 0.46142578125 0.0758056640625 0.07501220703125
4 0.7649739583333334 0.58935546875 0.09041341145833333 0.0740966796875
3 0.4860026041666667 0.5458984375 0.07881673177083333 0.035888671875
5 0.4495442708333333 0.417724609375 0.0628662109375 0.072509765625
4 0.603515625 0.67724609375 0.07132975260416667 0.06610107421875
5 0.6559244791666666 0.408935546875 0.07267252604166667 0.075439453125
4 0.9518229166666666 0.6630859375 0.0792236328125 0.06463623046875
5 0.4088541666666667 0.346435546875 0.06624348958333333 0.07421875
4 0.65234375 0.64892578125 0.08308919270833333 0.0723876953125
5 0.5377604166666666 0.44091796875 0.060709635416666664 0.0723876953125
5 0.3717447916666667 0.394775390625 0.057169596354166664 0.06646728515625
1 0.3639322916666667 0.552734375 0.0382080078125 0.042327880859375