3 0.3404947916666667 0.80810546875 0.10408528645833333 0.0401611328125
3 0.20377604166666666 0.80126953125 0.103759765625 0.040679931640625
3 0.3424479166666667 0.73779296875 0.10432942708333333 0.0390625
3 0.6223958333333334 0.8173828125 0.10677083333333333 0.044342041015625
5 0.3470052083333333 0.36279296875 0.09285481770833333 0.07763671875
3 0.3346354166666667 0.8798828125 0.10872395833333333 0.044769287109375
2 0.25732421875 0.499755859375 0.08203125 0.04010009765625
3 0.20719401041666666 0.7333984375 0.102783203125 0.03790283203125
3 0.6240234375 0.7451171875 0.10652669270833333 0.041778564453125
3 0.4801432291666667 0.81396484375 0.10791015625 0.042388916015625
5 0.435546875 0.349609375 0.08650716145833333 0.08050537109375
3 0.4775390625 0.89013671875 0.10791015625 0.047698974609375
3 0.19661458333333334 0.8740234375 0.10579427083333333 0.043701171875
5 0.4514973958333333 0.4208984375 0.087646484375 0.0792236328125
5 0.4163411458333333 0.276611328125 0.08780924479166667 0.0810546875
3 0.4820963541666667 0.74267578125 0.10652669270833333 0.039642333984375
5 0.3981119791666667 0.204833984375 0.08601888020833333 0.0836181640625
5 0.359375 0.4404296875 0.089111328125 0.07965087890625
5 0.3292643229166667 0.290771484375 0.08992513020833333 0.07781982421875
5 0.3125 0.218017578125 0.08797200520833333 0.08209228515625
3 0.6220703125 0.8955078125 0.10904947916666667 0.04986572265625
5 0.3818359375 0.129638671875 0.07609049479166667 0.08282470703125
5 0.2947591145833333 0.1419677734375 0.07763671875 0.0784912109375
1 0.22021484375 0.417236328125 0.062052408854166664 0.038818359375
4 0.82421875 0.34130859375 0.11946614583333333 0.045440673828125
4 0.6341145833333334 0.2880859375 0.10734049479166667 0.044586181640625
4 0.62890625 0.390625 0.10750325520833333 0.042327880859375
4 0.8229166666666666 0.39501953125 0.11971028645833333 0.04510498046875
4 0.6285807291666666 0.44140625 0.10001627604166667 0.033905029296875
0 0.14127604166666666 0.61865234375 0.133056640625 0.049407958984375
1 0.17659505208333334 0.37548828125 0.058146158854166664 0.04443359375
4 0.8229166666666666 0.50341796875 0.12166341145833333 0.0460205078125
4 0.8248697916666666 0.290283203125 0.11865234375 0.04559326171875
4 0.6334635416666666 0.3427734375 0.10807291666666667 0.04193115234375
4 0.6259765625 0.499267578125 0.10986328125 0.044097900390625
0 0.12801106770833334 0.5537109375 0.12166341145833333 0.044342041015625
4 0.822265625 0.45068359375 0.11881510416666667 0.04486083984375