3 0.2537434895833333 0.4658203125 0.0450439453125 0.058441162109375
3 0.3193359375 0.455078125 0.043538411458333336 0.055938720703125
3 0.3408203125 0.53076171875 0.046427408854166664 0.05987548828125
3 0.3623046875 0.60791015625 0.047322591145833336 0.061431884765625
3 0.3636067708333333 0.36962890625 0.042724609375 0.055816650390625
3 0.3850911458333333 0.443115234375 0.045450846354166664 0.056976318359375
3 0.2991536458333333 0.382080078125 0.042399088541666664 0.056121826171875
3 0.4065755208333333 0.51806640625 0.044637044270833336 0.059112548828125
3 0.23453776041666666 0.39208984375 0.043701171875 0.055816650390625
3 0.27294921875 0.54150390625 0.046875 0.059539794921875
5 0.5712890625 0.363525390625 0.073486328125 0.06427001953125
3 0.4293619791666667 0.595703125 0.045979817708333336 0.06109619140625
3 0.2918294270833333 0.62109375 0.046346028645833336 0.06268310546875
0 0.7526041666666666 0.76708984375 0.0439453125 0.0794677734375
5 0.4755859375 0.32080078125 0.07511393229166667 0.06744384765625
4 0.4573567708333333 0.8359375 0.053751627604166664 0.080810546875
0 0.8216145833333334 0.7587890625 0.054850260416666664 0.0838623046875
5 0.4957682291666667 0.374755859375 0.07373046875 0.06634521484375
4 0.3349609375 0.8486328125 0.050130208333333336 0.07891845703125
4 0.4361979166666667 0.71484375 0.051595052083333336 0.06732177734375
5 0.5944010416666666 0.427490234375 0.07430013020833333 0.06744384765625
4 0.31884765625 0.72607421875 0.050048828125 0.0709228515625
5 0.5452473958333334 0.308349609375 0.07609049479166667 0.071044921875
5 0.5208333333333334 0.4443359375 0.07499186197916667 0.0699462890625
4 0.513671875 0.8330078125 0.0504150390625 0.0794677734375
1 0.5830078125 0.62890625 0.037923177083333336 0.04345703125
5 0.5413411458333334 0.50244140625 0.07881673177083333 0.07080078125
4 0.3782552083333333 0.71923828125 0.049112955729166664 0.0728759765625
5 0.6175130208333334 0.489990234375 0.07320149739583333 0.07122802734375
1 0.6461588541666666 0.6259765625 0.036641438802083336 0.0416259765625
4 0.2615559895833333 0.7314453125 0.049967447916666664 0.072509765625
4 0.3948567708333333 0.8427734375 0.05126953125 0.07977294921875
4 0.4921875 0.712890625 0.043131510416666664 0.06536865234375
5 0.5257161458333334 0.247802734375 0.06103515625 0.061767578125
4 0.27392578125 0.85595703125 0.05224609375 0.07879638671875
5 0.455078125 0.259521484375 0.0723876953125 0.06768798828125
2 0.767578125 0.8583984375 0.040364583333333336 0.06256103515625