5 0.748015873015873 0.3785962301587302 0.07804232804232804 0.05431547619047619
4 0.49636243386243384 0.45498511904761907 0.08531746031746032 0.05381944444444445
4 0.47354497354497355 0.3148561507936508 0.07804232804232804 0.048859126984126984
2 0.6762566137566137 0.541046626984127 0.046957671957671955 0.057787698412698416
4 0.320271164021164 0.4193948412698413 0.08564814814814815 0.05803571428571429
4 0.5701058201058201 0.39186507936507936 0.08068783068783068 0.046130952380952384
5 0.12946428571428573 0.6199156746031746 0.11607142857142858 0.06274801587301587
0 0.6526124338624338 0.4088541666666667 0.07374338624338625 0.060267857142857144
5 0.2771164021164021 0.6722470238095238 0.11706349206349206 0.06374007936507936
5 0.14368386243386244 0.6910962301587301 0.1173941798941799 0.06721230158730158
5 0.2585978835978836 0.603546626984127 0.10978835978835978 0.0642361111111111
4 0.404265873015873 0.3661954365079365 0.07903439153439154 0.053323412698412696
0 0.8525132275132276 0.5070684523809523 0.0992063492063492 0.05381944444444445
5 0.5130621693121693 0.6294642857142857 0.11144179894179894 0.062003968253968256
5 0.6223544973544973 0.6050347222222222 0.11243386243386243 0.053323412698412696
5 0.3993055555555556 0.6496775793650794 0.11474867724867725 0.05927579365079365
5 0.37648809523809523 0.5830853174603174 0.10945767195767196 0.060515873015873016
1 0.6038359788359788 0.4593253968253968 0.0582010582010582 0.03968253968253968
1 0.8678902116402116 0.4305555555555556 0.04861111111111111 0.03670634920634921
5 0.4826388888888889 0.5623759920634921 0.11474867724867725 0.05927579365079365
3 0.7845568783068783 0.5744047619047619 0.09556878306878307 0.05406746031746032
3 0.6673181216931217 0.6806646825396826 0.09895833333333333 0.06222470238095238
3 0.29768849206349207 0.9291989087301588 0.13378968253968254 0.08105406746031746
3 0.5963558201058201 0.8041989087301588 0.11368716931216932 0.07183779761904761
4 0.3649074074074074 0.39331101190476186 0.07836970899470899 0.052703373015873016
4 0.44042989417989414 0.33984375 0.07499338624338624 0.04708829365079365
4 0.5322255291005291 0.42651289682539684 0.07983465608465608 0.05059771825396825
3 0.5078141534391535 0.9453125 0.12736111111111112 0.08660962301587301
3 0.45637896825396823 0.8647470238095237 0.12963955026455026 0.07696428571428571
4 0.7395833333333334 0.4824231150793651 0.04345568783068783 0.05932539682539682
3 0.25537037037037036 0.8457043650793651 0.13354497354497355 0.07904017857142857
3 0.6523445767195767 0.8798834325396826 0.11694444444444443 0.08105406746031746
3 0.4082043650793651 0.7871106150793651 0.12736111111111112 0.07055555555555557
3 0.5426421957671957 0.7324231150793651 0.11507275132275133 0.0680530753968254
3 0.7265641534391535 0.7485342261904763 0.1043287037037037 0.06524553571428571
3 0.7910152116402117 0.8168948412698412 0.11181547619047619 0.07330357142857143
4 0.6015625 0.3662109375 0.0775146484375 0.04840087890625