3 0.7238756613756614 0.5580357142857143 0.07407407407407407 0.06845238095238096
3 0.5904431216931217 0.7229662698412699 0.08234126984126984 0.07688492063492064
3 0.5325727513227513 0.5654761904761905 0.08101851851851852 0.05853174603174603
3 0.794808201058201 0.5942460317460317 0.0763888888888889 0.07242063492063493
3 0.8754960317460317 0.6279761904761905 0.07903439153439154 0.07589285714285714
3 0.9267526455026455 0.5491071428571429 0.07308201058201058 0.07093253968253968
3 0.6598875661375662 0.6372767857142857 0.07771164021164022 0.07366071428571429
3 0.8503637566137566 0.5177331349206349 0.07506613756613757 0.06770833333333333
3 0.7349537037037037 0.6755952380952381 0.08101851851851852 0.07688492063492064
4 0.13442460317460317 0.46564980158730157 0.08697089947089948 0.06374007936507936
3 0.81630291005291 0.7134176587301587 0.08366402116402116 0.08110119047619048
4 0.466765873015873 0.6558779761904762 0.09027777777777778 0.04836309523809524
0 0.36160714285714285 0.6059027777777778 0.10218253968253968 0.05505952380952381
3 0.6686507936507936 0.7637648809523809 0.08267195767195767 0.08159722222222222
4 0.4036044973544973 0.43898809523809523 0.08300264550264551 0.06001984126984127
3 0.7526455026455027 0.8065476190476191 0.08664021164021164 0.08779761904761904
2 0.3773148148148148 0.5620039682539683 0.08531746031746032 0.04265873015873016
1 0.33019179894179895 0.6641865079365079 0.06911375661375661 0.03819444444444445
0 0.2273478835978836 0.6703869047619048 0.11607142857142858 0.06547619047619048
4 0.2614087301587302 0.5460069444444444 0.0916005291005291 0.06820436507936507
5 0.4017857142857143 0.7335069444444444 0.10317460317460317 0.07217261904761904
4 0.23528439153439154 0.3974454365079365 0.08564814814814815 0.061755952380952384
1 0.453207671957672 0.5085565476190477 0.05125661375661376 0.03794642857142857
4 0.18717447916666666 0.431640625 0.09122721354166667 0.06658935546875
4 0.2825520833333333 0.365234375 0.08797200520833333 0.0618896484375
4 0.3590494791666667 0.4736328125 0.09090169270833333 0.06475830078125
4 0.3136393229166667 0.509765625 0.09358723958333333 0.06817626953125