3 0.48046875 0.76904296875 0.0799560546875 0.07806396484375
3 0.4013671875 0.85888671875 0.08414713541666667 0.07989501953125
2 0.7408854166666666 0.63671875 0.09122721354166667 0.04168701171875
3 0.34375 0.69091796875 0.08101399739583333 0.07208251953125
3 0.6272786458333334 0.59765625 0.07470703125 0.06982421875
5 0.21842447916666666 0.55712890625 0.10693359375 0.044769287109375
3 0.5579427083333334 0.56298828125 0.07442220052083333 0.06817626953125
1 0.7408854166666666 0.958984375 0.07255045572916667 0.039642333984375
1 0.7493489583333334 0.88427734375 0.07401529947916667 0.037384033203125
3 0.4134114583333333 0.7294921875 0.08113606770833333 0.07452392578125
3 0.5572916666666666 0.68017578125 0.07938639322916667 0.073974609375
3 0.2652994791666667 0.7763671875 0.08447265625 0.077392578125
3 0.4869791666666667 0.64453125 0.07820638020833333 0.07330322265625
3 0.4899088541666667 0.5302734375 0.07198079427083333 0.06488037109375
5 0.2696940104166667 0.490234375 0.10791015625 0.041839599609375
4 0.5009765625 0.384521484375 0.049601236979166664 0.060211181640625
5 0.09285481770833333 0.68896484375 0.11612955729166667 0.045867919921875
5 0.2859700520833333 0.58740234375 0.10847981770833333 0.04595947265625
3 0.3330078125 0.81689453125 0.08341471354166667 0.07696533203125
5 0.3224283854166667 0.4296875 0.09952799479166667 0.040313720703125
3 0.4195963541666667 0.609375 0.0792236328125 0.07208251953125
4 0.728515625 0.29931640625 0.046142578125 0.06268310546875
4 0.5598958333333334 0.395263671875 0.057820638020833336 0.070556640625
5 0.15437825520833334 0.62255859375 0.11083984375 0.046539306640625
4 0.7565104166666666 0.4169921875 0.04931640625 0.06427001953125
5 0.2265625 0.65625 0.11124674479166667 0.042572021484375
5 0.3916015625 0.45556640625 0.1005859375 0.03912353515625
4 0.6009114583333334 0.285888671875 0.052734375 0.06732177734375
5 0.33984375 0.52197265625 0.105224609375 0.038818359375
0 0.7584635416666666 0.78955078125 0.12711588541666666 0.054412841796875
5 0.16292317708333334 0.72705078125 0.119873046875 0.047882080078125
4 0.5426432291666666 0.275146484375 0.0447998046875 0.058563232421875
4 0.666015625 0.292724609375 0.045979817708333336 0.0618896484375
4 0.6868489583333334 0.4150390625 0.0576171875 0.07708740234375
0 0.7766927083333334 0.7177734375 0.1220703125 0.047882080078125
4 0.6220703125 0.403564453125 0.053548177083333336 0.06671142578125
4 0.7890625 0.303466796875 0.048095703125 0.061981201171875