3 0.3429232804232804 0.6927083333333334 0.10449735449735449 0.04117063492063492
3 0.33482142857142855 0.6263640873015873 0.10152116402116403 0.037450396825396824
2 0.033895502645502645 0.6223958333333334 0.05853174603174603 0.061755952380952384
3 0.4748677248677249 0.6811755952380952 0.10515873015873016 0.040426587301587304
3 0.48313492063492064 0.7507440476190477 0.10714285714285714 0.042162698412698416
3 0.6053240740740741 0.6710069444444444 0.10482804232804233 0.040426587301587304
3 0.5950727513227513 0.6066468253968254 0.09953703703703703 0.036210317460317464
5 0.6709656084656085 0.4857390873015873 0.07076719576719577 0.08110119047619048
3 0.3468915343915344 0.7612847222222222 0.10714285714285714 0.041914682539682536
3 0.7228835978835979 0.5979662698412699 0.10251322751322751 0.03819444444444445
4 0.3062169312169312 0.37797619047619047 0.0992063492063492 0.04712301587301587
1 0.08895502645502645 0.6248759920634921 0.051587301587301584 0.045882936507936505
3 0.46511243386243384 0.6155753968253969 0.1001984126984127 0.03819444444444445
3 0.6178902116402116 0.7393353174603174 0.105489417989418 0.039186507936507936
3 0.7349537037037037 0.6613343253968254 0.10681216931216932 0.04141865079365079
0 0.42939814814814814 0.5623759920634921 0.11078042328042328 0.035962301587301584
4 0.2853835978835979 0.42199900793650796 0.10185185185185185 0.046378968253968256
4 0.3275462962962963 0.33308531746031744 0.09821428571428571 0.047619047619047616
5 0.6121031746031746 0.39533730158730157 0.07142857142857142 0.0798611111111111
1 0.15922619047619047 0.6465773809523809 0.045965608465608467 0.04662698412698413
3 0.751818783068783 0.728546626984127 0.10482804232804233 0.040426587301587304
5 0.5228174603174603 0.3637152777777778 0.06415343915343916 0.07713293650793651
5 0.8042328042328042 0.46118551587301587 0.07804232804232804 0.08209325396825397
5 0.9036044973544973 0.48995535714285715 0.07374338624338625 0.07911706349206349
4 0.23462301587301587 0.509796626984127 0.09953703703703703 0.04836309523809524
4 0.17311507936507936 0.3012152777777778 0.09887566137566138 0.04439484126984127
0 0.4174933862433862 0.5029761904761905 0.105489417989418 0.03819444444444445
4 0.26008597883597884 0.4636656746031746 0.09953703703703703 0.045882936507936505
4 0.07126322751322751 0.47333829365079366 0.09953703703703703 0.04538690476190476
4 0.14930555555555555 0.3430059523809524 0.09821428571428571 0.044642857142857144
4 0.10036375661375661 0.42993551587301587 0.10152116402116403 0.041914682539682536
4 0.1283068783068783 0.38566468253968256 0.10383597883597884 0.046130952380952384
5 0.703125 0.427734375 0.07722981770833333 0.0816650390625
5 0.7688802083333334 0.52001953125 0.08040364583333333 0.08526611328125
5 0.5719401041666666 0.453369140625 0.07511393229166667 0.08251953125
5 0.4827473958333333 0.4208984375 0.07027180989583333 0.08123779296875
5 0.8684895833333334 0.55517578125 0.086181640625 0.08709716796875