4 0.5659722222222222 0.6726190476190477 0.10085978835978836 0.07242063492063493
0 0.357473544973545 0.7378472222222222 0.10251322751322751 0.08234126984126984
1 0.4406415343915344 0.6617063492063492 0.06183862433862434 0.04513888888888889
1 0.11177248677248677 0.6889880952380952 0.06746031746031746 0.044642857142857144
2 0.39368386243386244 0.560515873015873 0.04332010582010582 0.062003968253968256
4 0.7746362433862434 0.7220982142857143 0.12202380952380952 0.08010912698412699
4 0.4115410052910053 0.814484126984127 0.09689153439153439 0.0763888888888889
5 0.21924603174603174 0.7898065476190477 0.07341269841269842 0.09151785714285714
5 0.7795965608465608 0.4410962301587302 0.09953703703703703 0.047867063492063495
5 0.8080357142857143 0.4992559523809524 0.10416666666666667 0.056051587301587304
5 0.7018849206349206 0.5221974206349206 0.09953703703703703 0.051835317460317464
4 0.6793981481481481 0.822296626984127 0.12136243386243387 0.08804563492063493
0 0.19047619047619047 0.5915178571428571 0.11243386243386243 0.05505952380952381
5 0.4679232804232804 0.48995535714285715 0.0992063492063492 0.05133928571428571
5 0.8854166666666666 0.4175347222222222 0.10681216931216932 0.048859126984126984
4 0.578207671957672 0.9299355158730159 0.12466931216931217 0.0920138888888889
5 0.6760912698412699 0.46056547619047616 0.09755291005291006 0.044642857142857144
5 0.9166666666666666 0.47978670634920634 0.11243386243386243 0.053323412698412696
5 0.5729166666666666 0.4756944444444444 0.09424603174603174 0.0496031746031746
5 0.59375 0.5389384920634921 0.10085978835978836 0.05505952380952381
4 0.29927248677248675 0.6246279761904762 0.051587301587301584 0.07018849206349206
3 0.2987023947310404 0.52001953125 0.0767822265625 0.055511474609375
4 0.6285807291666666 0.87451171875 0.126220703125 0.09075927734375
4 0.724609375 0.7744140625 0.11946614583333333 0.0885009765625
4 0.513671875 0.72265625 0.09952799479166667 0.076416015625
4 0.4609375 0.76708984375 0.09578450520833333 0.081787109375
3 0.3858024691358024 0.33399470899470896 0.08156966490299834 0.03968253968253968
3 0.4925130208333333 0.3056640625 0.08085123697916667 0.039642333984375
3 0.6005859375 0.276611328125 0.08251953125 0.04010009765625
3 0.4166666666666667 0.37890625 0.08406575520833333 0.040771484375
3 0.5237630208333334 0.3486328125 0.08280436197916667 0.040618896484375
3 0.6315104166666666 0.31884765625 0.08406575520833333 0.040008544921875
3 0.736328125 0.290771484375 0.08414713541666667 0.038116455078125
3 0.6634114583333334 0.3603515625 0.08699544270833333 0.040252685546875
3 0.5524088541666666 0.392578125 0.08601888020833333 0.0391845703125
3 0.7708333333333334 0.329833984375 0.08585611979166667 0.040313720703125
3 0.4407552083333333 0.425537109375 0.085693359375 0.03875732421875