3 0.6022123015873015 0.42553819444444446 0.08129960317460318 0.0719593253968254
3 0.6070965608465608 0.5444345238095237 0.08146164021164021 0.0746453373015873
3 0.4580092592592592 0.4721676587301587 0.08390211640211641 0.07519593253968254
3 0.53125 0.38769593253968254 0.07320105820105821 0.0680530753968254
3 0.3798842592592592 0.5576165674603174 0.08447420634920634 0.07409722222222222
3 0.6783862433862434 0.45849702380952384 0.08028108465608466 0.0746453373015873
4 0.390625 0.40307539682539684 0.10408399470899471 0.0680530753968254
3 0.6686210317460318 0.3454588293650794 0.07820767195767196 0.07006944444444443
3 0.45996031746031746 0.5922842261904763 0.08463624338624338 0.07751488095238096
4 0.35123677248677254 0.4472668650793651 0.10652777777777778 0.06744295634920636
4 0.1599107142857143 0.4199231150793651 0.10522486772486772 0.06585813492063493
5 0.7363293650793651 0.6645510912698412 0.109864417989418 0.05572420634920635
4 0.11425925925925925 0.46606398809523814 0.10652777777777778 0.06311011904761905
5 0.6927083333333334 0.7485342261904763 0.10294642857142858 0.050141369047619046
5 0.8242195767195767 0.5009771825396826 0.12101190476190476 0.05041418650793651
4 0.2653009259259259 0.5385739087301588 0.10652777777777778 0.07006944444444443
5 0.7825529100529101 0.5805654761904763 0.10945767195767196 0.05529761904761905
3 0.7421891534391535 0.37768601190476186 0.07808531746031745 0.0706795634920635
3 0.5354828042328043 0.6313467261904763 0.08203042328042329 0.07751488095238096
5 0.8378902116402117 0.6953125 0.12036044973544975 0.05126984126984127
5 0.6461574074074075 0.8432614087301588 0.11368716931216932 0.060302579365079365
5 0.8730456349206349 0.6118154761904763 0.1223148148148148 0.05572420634920635
4 0.23795634920634923 0.33496031746031746 0.10319113756613757 0.06585813492063493
5 0.796875 0.7822271825396826 0.13216269841269843 0.06671130952380953
5 0.9140641534391535 0.5283209325396826 0.1214186507936508 0.05099454365079365
4 0.30712962962962964 0.49365327380952384 0.10636243386243385 0.07055555555555557
4 0.20035714285714284 0.37768601190476186 0.10392195767195767 0.06610119047619047
0 0.4899074074074074 0.7895510912698412 0.05098544973544974 0.09893849206349206
3 0.5325529100529101 0.5043948412698412 0.08406415343915344 0.07556051587301588
3 0.5374338624338625 0.7934573412698412 0.05033399470899471 0.09008680555555557
2 0.40885582010582017 0.6699231150793651 0.08927248677248677 0.03643849206349206
1 0.3411474867724868 0.7045907738095237 0.07881613756613756 0.03634672619047619
0 0.3203141534391534 0.86328125 0.12182539682539682 0.0933234126984127
4 0.5908201058201058 0.7421875 0.06441137566137566 0.07684275793650794
1 0.4309887566137566 0.7348635912698412 0.03560515873015873 0.049042658730158735
5 0.32407407407407407 0.6617881944444445 0.10582010582010581 0.07357886904761905
4 0.4254861111111111 0.35176835317460314 0.09038690476190475 0.052083333333333336