3 0.1787109375 0.39794921875 0.09187825520833333 0.042724609375
3 0.5022786458333334 0.59033203125 0.097412109375 0.048583984375
3 0.5257161458333334 0.52734375 0.09562174479166667 0.0482177734375
3 0.375 0.5654296875 0.095947265625 0.047943115234375
3 0.2506510416666667 0.54052734375 0.094970703125 0.044677734375
3 0.275390625 0.480224609375 0.092529296875 0.046295166015625
4 0.4651692708333333 0.8203125 0.07173665364583333 0.09234619140625
3 0.2994791666666667 0.420166015625 0.09358723958333333 0.04443359375
4 0.4420572916666667 0.66162109375 0.072265625 0.08416748046875
4 0.3053385416666667 0.63623046875 0.07198079427083333 0.08404541015625
4 0.3264973958333333 0.78564453125 0.07279459635416667 0.091064453125
4 0.2353515625 0.62548828125 0.07027180989583333 0.08209228515625
4 0.3955078125 0.80517578125 0.07185872395833333 0.092041015625
3 0.15812174479166666 0.456298828125 0.09309895833333333 0.043121337890625
2 0.6298828125 0.53662109375 0.050699869791666664 0.0638427734375
1 0.6927083333333334 0.5712890625 0.050252278645833336 0.0496826171875
4 0.2566731770833333 0.7724609375 0.07722981770833333 0.09283447265625
3 0.5478515625 0.465576171875 0.09716796875 0.0455322265625
4 0.5113932291666666 0.67626953125 0.072265625 0.0843505859375
4 0.3740234375 0.650390625 0.07413736979166667 0.08404541015625
0 0.7421875 0.44775390625 0.10579427083333333 0.05572509765625
1 0.6998697916666666 0.501953125 0.06624348958333333 0.041839599609375
3 0.4241536458333333 0.442138671875 0.09773763020833333 0.047607421875
3 0.4010416666666667 0.50341796875 0.09716796875 0.048675537109375
3 0.728515625 0.417236328125 0.09611002604166667 0.04913330078125
0 0.87890625 0.5390625 0.08414713541666667 0.09466552734375
5 0.4342447916666667 0.256103515625 0.1005859375 0.08331298828125
5 0.5315755208333334 0.327392578125 0.1044921875 0.0885009765625
5 0.3260091145833333 0.247802734375 0.083251953125 0.07208251953125
4 0.6552734375 0.396728515625 0.088134765625 0.0299224853515625
5 0.3165690104166667 0.31689453125 0.09822591145833333 0.08251953125
5 0.421875 0.321533203125 0.08878580729166667 0.0726318359375
5 0.5380859375 0.258056640625 0.087158203125 0.07421875
5 0.6399739583333334 0.330078125 0.09716796875 0.07977294921875
5 0.6432291666666666 0.259521484375 0.08341471354166667 0.07147216796875
5 0.7545572916666666 0.33349609375 0.08528645833333333 0.06915283203125
5 0.6477864583333334 0.59423828125 0.10205078125 0.063720703125