3 0.2197265625 0.533203125 0.086669921875 0.042572021484375
3 0.3720703125 0.61279296875 0.088134765625 0.04296875
3 0.5686848958333334 0.50244140625 0.087158203125 0.04351806640625
3 0.2613932291666667 0.640625 0.08797200520833333 0.042877197265625
3 0.2431640625 0.58642578125 0.088623046875 0.044281005859375
3 0.4833984375 0.58544921875 0.08732096354166667 0.042633056640625
2 0.5797526041666666 0.65576171875 0.07625325520833333 0.04376220703125
3 0.3284505208333333 0.50537109375 0.085693359375 0.042633056640625
3 0.4619140625 0.53076171875 0.08992513020833333 0.04376220703125
3 0.5940755208333334 0.556640625 0.088134765625 0.042022705078125
4 0.7350260416666666 0.513671875 0.09578450520833333 0.046905517578125
4 0.7578125 0.5595703125 0.09578450520833333 0.046478271484375
5 0.4453125 0.382080078125 0.08430989583333333 0.052825927734375
3 0.5442708333333334 0.449462890625 0.09073893229166667 0.044677734375
3 0.3528645833333333 0.55908203125 0.08585611979166667 0.042236328125
4 0.7018229166666666 0.423583984375 0.09407552083333333 0.046722412109375
3 0.439453125 0.477294921875 0.08780924479166667 0.04443359375
4 0.7161458333333334 0.468505859375 0.094970703125 0.046112060546875
4 0.8951822916666666 0.479736328125 0.10148111979166667 0.047698974609375
4 0.779296875 0.60693359375 0.09773763020833333 0.04486083984375
5 0.3388671875 0.342529296875 0.09025065104166667 0.050994873046875
4 0.94140625 0.5693359375 0.10465494791666667 0.048583984375
4 0.8561197916666666 0.388916015625 0.099365234375 0.04949951171875
1 0.3263346354166667 0.71875 0.055582682291666664 0.0333251953125
5 0.171875 0.431640625 0.08732096354166667 0.05194091796875
1 0.3772786458333333 0.6806640625 0.053141276041666664 0.03521728515625
0 0.5084635416666666 0.7470703125 0.0447998046875 0.082275390625
5 0.431640625 0.324462890625 0.08683268229166667 0.04931640625
4 0.8743489583333334 0.432861328125 0.101318359375 0.04876708984375
5 0.24755859375 0.356201171875 0.08390299479166667 0.050811767578125
5 0.35546875 0.39892578125 0.09041341145833333 0.051177978515625
5 0.5185546875 0.304443359375 0.08699544270833333 0.05108642578125
5 0.5393880208333334 0.365234375 0.09041341145833333 0.05224609375
5 0.2649739583333333 0.41796875 0.09440104166666667 0.055419921875
5 0.158935546875 0.375244140625 0.094970703125 0.0582275390625
0 0.5875651041666666 0.7392578125 0.043050130208333336 0.0784912109375
4 0.91796875 0.5224609375 0.09969075520833333 0.04742431640625