3 0.50390625 0.385009765625 0.09773763020833333 0.03704833984375
3 0.7493489583333334 0.30712890625 0.095947265625 0.037689208984375
3 0.6321614583333334 0.375244140625 0.09684244791666667 0.038543701171875
3 0.7369791666666666 0.2496337890625 0.10026041666666667 0.0411376953125
3 0.4876302083333333 0.267333984375 0.10188802083333333 0.04052734375
3 0.3733723958333333 0.39599609375 0.09912109375 0.037200927734375
3 0.6129557291666666 0.2587890625 0.09969075520833333 0.04052734375
3 0.4951171875 0.329833984375 0.10026041666666667 0.039947509765625
3 0.3658854166666667 0.33740234375 0.09912109375 0.03912353515625
3 0.623046875 0.3193359375 0.09700520833333333 0.039642333984375
3 0.7649739583333334 0.365966796875 0.10099283854166667 0.037750244140625
3 0.357421875 0.276123046875 0.09684244791666667 0.039642333984375
2 0.6106770833333334 0.6064453125 0.07596842447916667 0.060302734375
0 0.6611328125 0.51904296875 0.10774739583333333 0.061309814453125
4 0.1533203125 0.591796875 0.1201171875 0.06097412109375
4 0.3815104166666667 0.64208984375 0.113037109375 0.061431884765625
5 0.8743489583333334 0.46435546875 0.11385091145833333 0.03753662109375
5 0.9490559895833334 0.5 0.10188802083333333 0.03955078125
4 0.3328450520833333 0.5380859375 0.111083984375 0.05560302734375
4 0.3603515625 0.59033203125 0.11083984375 0.05706787109375
4 0.24853515625 0.8125 0.123779296875 0.06500244140625
0 0.7057291666666666 0.4638671875 0.11027018229166667 0.061187744140625
5 0.7623697916666666 0.60498046875 0.1171875 0.04559326171875
5 0.8138020833333334 0.53076171875 0.11653645833333333 0.043121337890625
5 0.8997395833333334 0.57177734375 0.11043294270833333 0.035675048828125
1 0.5074869791666666 0.4775390625 0.06103515625 0.0391845703125
4 0.20003255208333334 0.6953125 0.120361328125 0.063232421875
4 0.4104817708333333 0.6982421875 0.11466471354166667 0.0631103515625
5 0.7884114583333334 0.72021484375 0.12247721354166667 0.04949951171875
4 0.4381510416666667 0.75439453125 0.11466471354166667 0.0635986328125
5 0.732421875 0.80419921875 0.11588541666666667 0.04949951171875
4 0.1787109375 0.64501953125 0.11971028645833333 0.0618896484375
1 0.4514973958333333 0.52294921875 0.056966145833333336 0.04217529296875
4 0.22428385416666666 0.75244140625 0.12272135416666667 0.06439208984375
5 0.6393229166666666 0.7578125 0.11612955729166667 0.046722412109375
5 0.7024739583333334 0.67822265625 0.11588541666666667 0.043853759765625
5 0.857421875 0.64404296875 0.11263020833333333 0.043121337890625