4 0.4697420634920635 0.6737351190476191 0.15376984126984128 0.08556547619047619
2 0.6259920634920635 0.6703869047619048 0.0873015873015873 0.09672619047619048
4 0.23098544973544974 0.6029265873015873 0.14781746031746032 0.08333333333333333
1 0.7791005291005291 0.4911954365079365 0.10052910052910052 0.045882936507936505
5 0.8872354497354498 0.45027281746031744 0.07208994708994709 0.10639880952380952
1 0.8513558201058201 0.6029265873015873 0.06911375661375661 0.07688492063492064
4 0.37003968253968256 0.41294642857142855 0.1349206349206349 0.07390873015873016
4 0.5517526455026455 0.5379464285714286 0.1412037037037037 0.07688492063492064
0 0.7326388888888888 0.8531746031746031 0.1875 0.06547619047619048
4 0.5922619047619048 0.4711061507936508 0.13624338624338625 0.07465277777777778
4 0.6273148148148148 0.4078621031746032 0.12632275132275134 0.06374007936507936
4 0.7328042328042328 0.7121775793650794 0.13161375661375663 0.09052579365079365
4 0.3284505208333333 0.465576171875 0.12467447916666667 0.06793212890625
3 0.71875 0.58447265625 0.11637369791666667 0.09320068359375
4 0.5149739583333334 0.6064453125 0.15730794270833334 0.0831298828125
4 0.2786458333333333 0.53466796875 0.13736979166666666 0.0762939453125