3 0.6078042328042328 0.4246031746031746 0.0582010582010582 0.07886904761904762
3 0.6279761904761905 0.529265873015873 0.062169312169312166 0.08432539682539683
3 0.6483134920634921 0.6400049603174603 0.06580687830687831 0.0900297619047619
3 0.5656415343915344 0.7653769841269841 0.06779100529100529 0.09523809523809523
3 0.5299272486772487 0.5373263888888888 0.05919312169312169 0.08308531746031746
3 0.6683201058201058 0.7585565476190477 0.06746031746031746 0.09449404761904762
3 0.4618055555555556 0.7749255952380952 0.06448412698412699 0.09399801587301587
3 0.5486111111111112 0.6486855158730159 0.06613756613756613 0.0900297619047619
3 0.4351851851851852 0.542906746031746 0.0582010582010582 0.0818452380952381
3 0.4482473544973545 0.6555059523809523 0.06117724867724868 0.08878968253968254
3 0.29381613756613756 0.4869791666666667 0.06911375661375661 0.07118055555555555
4 0.2959656084656085 0.5633680555555556 0.04828042328042328 0.07663690476190477
3 0.3576388888888889 0.591765873015873 0.05720899470899471 0.07886904761904762
4 0.18303571428571427 0.6459573412698413 0.0744047619047619 0.07663690476190477