4 0.8252314814814815 0.6954365079365079 0.11607142857142858 0.06845238095238096
0 0.6789021164021164 0.839905753968254 0.13425925925925927 0.08556547619047619
4 0.18204365079365079 0.7573164682539683 0.15707671957671956 0.07564484126984126
2 0.5747354497354498 0.6879960317460317 0.07539682539682539 0.08482142857142858
4 0.1488095238095238 0.6898561507936508 0.14947089947089948 0.07415674603174603
1 0.8804563492063492 0.5714285714285714 0.06448412698412699 0.06746031746031746
5 0.7294973544973545 0.4642857142857143 0.09259259259259259 0.10367063492063493
1 0.5778769841269841 0.5048363095238095 0.0882936507936508 0.03993055555555555
4 0.37020502645502645 0.6277281746031746 0.12400793650793651 0.06498015873015874
4 0.3037367724867725 0.49255952380952384 0.12533068783068782 0.0625
4 0.07622354497354497 0.5590277777777778 0.1207010582010582 0.06101190476190476
4 0.11491402116402116 0.623015873015873 0.13128306878306878 0.06299603174603174
4 0.2701719576719577 0.4290674603174603 0.12169312169312169 0.06001984126984127
4 0.3368055555555556 0.560515873015873 0.12400793650793651 0.062003968253968256
4 0.4039351851851852 0.6923363095238095 0.12533068783068782 0.06374007936507936
3 0.6881510416666666 0.57080078125 0.12312825520833333 0.05194091796875