3 0.6842460317460317 0.5732415674603174 0.07320105820105821 0.06463541666666667
3 0.7460945767195767 0.5014657738095238 0.07132936507936508 0.06164434523809524
3 0.5511078042328043 0.6142584325396826 0.07458333333333333 0.0686656746031746
3 0.8092460317460317 0.43432539682539684 0.07185846560846561 0.059754464285714286
2 0.3541666666666667 0.7841790674603174 0.06685515873015872 0.06622271825396825
1 0.3948578042328042 0.7529290674603174 0.04874669312169312 0.045257936507936504
3 0.6168617724867725 0.5410168650793651 0.0719808201058201 0.06408730158730158
3 0.6907539682539683 0.6860342261904763 0.07836970899470899 0.07226686507936508
3 0.6194675925925925 0.6499032738095237 0.07791997354497354 0.07043402777777778
3 0.8157539682539683 0.5332043650793651 0.07320105820105821 0.0637202380952381
3 0.7447916666666666 0.40356398809523814 0.06799272486772487 0.05780009920634921
4 0.10563161375661376 0.5102529761904763 0.09269179894179895 0.05389384920634921
3 0.7545568783068783 0.6079092261904763 0.07637566137566137 0.06793154761904761
5 0.7838558201058201 0.31103422619047616 0.09863425925925925 0.044097222222222225
5 0.6966137566137566 0.33862351190476186 0.09285383597883598 0.04476934523809523
4 0.16292328042328041 0.5864260912698412 0.09968915343915344 0.058439980158730157
4 0.37174603174603177 0.6020510912698412 0.09773809523809524 0.059538690476190474
3 0.6835945767195767 0.4707043650793651 0.06937499999999999 0.06042410714285714
4 0.3108730158730159 0.5224603174603174 0.09057539682539682 0.05371031746031746
5 0.5302744708994709 0.3925793650793651 0.0910648148148148 0.0450124007936508
5 0.7480456349206349 0.26318452380952384 0.0961111111111111 0.04534970238095238
4 0.3417956349206349 0.5620114087301588 0.08862433862433862 0.05349702380952381
5 0.5836574074074075 0.32006944444444446 0.09667989417989419 0.045441468253968255
4 0.19694113756613754 0.6298834325396826 0.09895833333333333 0.057921626984126985
5 0.49707010582010586 0.3417981150793651 0.09895833333333333 0.048035714285714286
3 0.8769543650793651 0.4631349206349206 0.07108465608465608 0.060853174603174603
0 0.4801421957671958 0.5014657738095238 0.07254960317460317 0.07263144841269842
5 0.6656911375661375 0.28979414682539684 0.09391203703703704 0.04452628968253968
5 0.41243386243386243 0.36450148809523814 0.09562169312169314 0.045441468253968255
4 0.2242824074074074 0.6733407738095237 0.10375992063492064 0.06118799603174603
4 0.13590608465608467 0.546875 0.09985449735449735 0.05441220238095238
5 0.4423842592592592 0.41918898809523814 0.09773809523809524 0.046202876984126985
1 0.46549603174603177 0.7236334325396826 0.050251322751322755 0.04351686507936508
5 0.6181646825396825 0.3652356150793651 0.0841468253968254 0.0390625
0 0.5465509259259259 0.5302728174603174 0.07511243386243385 0.07434027777777778
4 0.24887896825396827 0.4417311507936508 0.08215277777777778 0.046212797619047626
4 0.27946097883597887 0.4838864087301587 0.08813492063492064 0.051361607142857146