3 0.5462239583333334 0.599609375 0.043212890625 0.061187744140625
3 0.5673828125 0.68505859375 0.043701171875 0.06475830078125
3 0.5895182291666666 0.77392578125 0.0462646484375 0.06842041015625
3 0.4736328125 0.6083984375 0.041524251302083336 0.060760498046875
3 0.638671875 0.6748046875 0.047322591145833336 0.06512451171875
3 0.494140625 0.6943359375 0.0439453125 0.06451416015625
3 0.5143229166666666 0.7841796875 0.0447998046875 0.06793212890625
4 0.2158203125 0.671875 0.09187825520833333 0.03515625
3 0.4547526041666667 0.52734375 0.04058837890625 0.056243896484375
3 0.6617838541666666 0.763671875 0.047566731770833336 0.06878662109375
3 0.5234375 0.52001953125 0.04248046875 0.05780029296875
4 0.3662109375 0.65673828125 0.08585611979166667 0.035675048828125
4 0.3538411458333333 0.564453125 0.08463541666666667 0.0321044921875
5 0.6650390625 0.443359375 0.06538899739583333 0.06781005859375
3 0.615234375 0.58984375 0.045450846354166664 0.060089111328125
4 0.20849609375 0.62744140625 0.09269205729166667 0.03460693359375
4 0.3701171875 0.701171875 0.08650716145833333 0.0369873046875
0 0.5146484375 0.39404296875 0.07198079427083333 0.06866455078125
3 0.5930989583333334 0.509765625 0.043863932291666664 0.05718994140625
5 0.7740885416666666 0.4853515625 0.06925455729166667 0.064208984375
5 0.8502604166666666 0.6162109375 0.061848958333333336 0.06744384765625
4 0.3597005208333333 0.61083984375 0.08101399739583333 0.0323486328125
4 0.3756510416666667 0.74755859375 0.08357747395833333 0.0322265625
4 0.21451822916666666 0.720703125 0.08894856770833333 0.03533935546875
5 0.73828125 0.42529296875 0.0684814453125 0.06964111328125
1 0.3974609375 0.8935546875 0.04058837890625 0.051666259765625
2 0.7005208333333334 0.68701171875 0.037618001302083336 0.054290771484375
0 0.4586588541666667 0.368896484375 0.0677490234375 0.06951904296875
1 0.4671223958333333 0.88916015625 0.043294270833333336 0.052520751953125
5 0.63671875 0.380126953125 0.059814453125 0.06719970703125
5 0.814453125 0.5498046875 0.06673177083333333 0.06768798828125
5 0.7024739583333334 0.50244140625 0.056111653645833336 0.060211181640625
4 0.20491536458333334 0.58154296875 0.09171549479166667 0.037322998046875
4 0.21858723958333334 0.7646484375 0.094970703125 0.037200927734375
5 0.7708333333333334 0.6357421875 0.06298828125 0.0753173828125
5 0.7311197916666666 0.56982421875 0.06949869791666667 0.0723876953125
5 0.7083333333333334 0.3623046875 0.057291666666666664 0.06658935546875