5 0.6381084656084657 0.6041170634920635 0.09373015873015873 0.03521825396825397
5 0.709646164021164 0.5724578373015873 0.09340608465608465 0.036941964285714286
5 0.7586011904761906 0.6190277777777778 0.09462962962962963 0.043608630952380954
5 0.7819378306878306 0.5381225198412698 0.09032407407407407 0.035198412698412694
5 0.5624636243386244 0.6361706349206349 0.09627314814814815 0.03967757936507936
3 0.5123710317460318 0.5600595238095237 0.07120701058201058 0.03634672619047619
3 0.48762896825396823 0.5224603174603174 0.06925595238095238 0.03533978174603175
3 0.27441468253968254 0.5297842261904763 0.07389219576719576 0.036622023809523806
3 0.39420634920634917 0.5483407738095237 0.07027116402116403 0.03671378968253968
3 0.6074206349206349 0.53515625 0.0733234126984127 0.03539930555555555
3 0.578125 0.4965823412698413 0.07067791005291005 0.03482142857142857
3 0.4632175925925926 0.48193452380952384 0.06648809523809524 0.03515625
3 0.3144543650793651 0.6162103174603174 0.08011904761904762 0.0394890873015873
3 0.37272156084656083 0.5053720238095238 0.07120701058201058 0.03643849206349206
3 0.2944345238095238 0.5747073412698412 0.07706679894179895 0.03768849206349206
3 0.4166666666666667 0.5878918650793651 0.07580687830687831 0.038117559523809526
5 0.8307308201058201 0.5834970238095237 0.09456349206349206 0.03320436507936508
3 0.5527347883597884 0.45776289682539684 0.06624338624338624 0.03469742063492064
0 0.7473974867724869 0.4340823412698413 0.08544973544973544 0.03753720238095238
0 0.7330720899470899 0.47119047619047616 0.08715939153439153 0.0378125
4 0.3613293650793651 0.3627926587301587 0.04083333333333333 0.049042658730158735
1 0.1512037037037037 0.48535218253968254 0.05716931216931217 0.028975694444444443
4 0.3951818783068783 0.43237351190476186 0.04386243386243386 0.049315476190476194
4 0.4528009259259259 0.3420411706349206 0.04496362433862434 0.04699652777777778
4 0.4065740740740741 0.3520510912698413 0.041749338624338626 0.04690476190476191
5 0.48170634920634925 0.6671180555555556 0.09513227513227514 0.03726190476190477
4 0.4934887566137566 0.41381944444444446 0.04801587301587301 0.0528249007936508
4 0.2672519841269841 0.3771974206349206 0.041911375661375656 0.04611111111111111
1 0.15950396825396826 0.5234375 0.0635978835978836 0.03539930555555555
4 0.31168650793650793 0.3691418650793651 0.03908399470899471 0.04559275793650794
4 0.29964285714285716 0.4470213293650794 0.038125 0.04321180555555555
5 0.6873908730158731 0.6522693452380952 0.09773809523809524 0.035064484126984125
4 0.3486342592592592 0.44458085317460316 0.04659060846560846 0.052703373015873016
4 0.445327380952381 0.4228670634920635 0.03747685185185185 0.04712301587301587
5 0.607364417989418 0.6890699404761904 0.09700066137566137 0.043816964285714285
5 0.52744708994709 0.7204861111111112 0.0958994708994709 0.04546875
2 0.4095006613756614 0.6312003968253969 0.07165013227513227 0.03720238095238095