5 0.24057539682539683 0.31262400793650796 0.15046296296296297 0.10044642857142858
2 0.4193121693121693 0.728546626984127 0.082010582010582 0.10441468253968254
1 0.35284391534391535 0.49094742063492064 0.09523809523809523 0.06274801587301587
0 0.14401455026455026 0.609375 0.18816137566137567 0.07043650793650794
1 0.2671957671957672 0.39719742063492064 0.08928571428571429 0.05927579365079365
4 0.3688822751322751 0.5636160714285714 0.14583333333333334 0.06324404761904762
3 0.21435515873015873 0.44628968253968254 0.155109126984127 0.0863045634920635
3 0.3857407407407408 0.3515625 0.11759589947089948 0.11315972222222222
3 0.5042328042328043 0.30444444444444446 0.11466600529100529 0.11242559523809524
3 0.6054695767195767 0.4357911706349206 0.11108465608465609 0.10968005952380953
3 0.6175132275132275 0.25488343253968254 0.11246693121693123 0.10858134920634921
3 0.7180985449735451 0.3872073412698413 0.10693452380952381 0.10687251984126984
3 0.5966798941798942 0.6176760912698412 0.11466600529100529 0.11084077380952381
3 0.8125 0.5161135912698412 0.11824404761904762 0.11126736111111112
3 0.4954431216931217 0.4865724206349206 0.10693452380952381 0.10742311507936508
3 0.6998710317460317 0.7519543650793651 0.11108465608465609 0.11047371031746032
3 0.8066402116402117 0.6972668650793651 0.10677248677248677 0.10357638888888888
3 0.7011706349206349 0.5688467261904763 0.12011574074074075 0.11260912698412699