3 0.3668619791666667 0.39794921875 0.07527669270833333 0.026458740234375
3 0.3645833333333333 0.3505859375 0.07722981770833333 0.0287017822265625
3 0.4612630208333333 0.297607421875 0.07881673177083333 0.02880859375
3 0.4661458333333333 0.39501953125 0.07609049479166667 0.0262603759765625
5 0.5862630208333334 0.61474609375 0.091064453125 0.03277587890625
2 0.529296875 0.5634765625 0.055908203125 0.042388916015625
1 0.4619140625 0.466552734375 0.042724609375 0.0289306640625
4 0.3828125 0.619140625 0.08146158854166667 0.040008544921875
3 0.3590494791666667 0.300537109375 0.07609049479166667 0.0289764404296875
4 0.33203125 0.50537109375 0.0792236328125 0.036773681640625
3 0.5582682291666666 0.294677734375 0.07694498697916667 0.029205322265625
5 0.69140625 0.59765625 0.09269205729166667 0.03253173828125
4 0.25341796875 0.65234375 0.0849609375 0.042572021484375
4 0.3665364583333333 0.58349609375 0.0799560546875 0.037750244140625
3 0.6569010416666666 0.29150390625 0.07954915364583333 0.0296478271484375
3 0.6650390625 0.389404296875 0.07763671875 0.0268096923828125
5 0.5348307291666666 0.6669921875 0.09171549479166667 0.03515625
3 0.4632161458333333 0.3486328125 0.07694498697916667 0.028656005859375
5 0.630859375 0.56640625 0.09122721354166667 0.03216552734375
5 0.640625 0.64794921875 0.091552734375 0.035736083984375
3 0.5641276041666666 0.392578125 0.07552083333333333 0.02655029296875
1 0.4208984375 0.498779296875 0.042073567708333336 0.03179931640625
4 0.26904296875 0.69140625 0.083251953125 0.038909912109375
4 0.21907552083333334 0.5771484375 0.08158365885416667 0.038909912109375
5 0.5947265625 0.701171875 0.07666015625 0.0295867919921875
3 0.6585286458333334 0.340576171875 0.07694498697916667 0.028106689453125
4 0.23649088541666666 0.61279296875 0.0819091796875 0.036834716796875
5 0.7903645833333334 0.495849609375 0.09407552083333333 0.0323486328125
4 0.3518880208333333 0.5439453125 0.07893880208333333 0.03656005859375
5 0.736328125 0.5458984375 0.08829752604166667 0.0272674560546875
3 0.5625 0.344970703125 0.07853190104166667 0.0283355712890625
4 0.3997395833333333 0.6591796875 0.08219401041666667 0.037811279296875
5 0.677734375 0.5146484375 0.09513346354166667 0.0352783203125
5 0.7330729166666666 0.46826171875 0.08158365885416667 0.0257110595703125
0 0.5745442708333334 0.5 0.07893880208333333 0.04779052734375
4 0.201171875 0.5390625 0.08280436197916667 0.040313720703125
0 0.611328125 0.460693359375 0.08040364583333333 0.048492431640625