5 0.6726818783068783 0.40147073412698414 0.05497685185185185 0.07520337301587303
5 0.7298743386243386 0.47048859126984127 0.05929563492063492 0.08041914682539683
3 0.37858134920634917 0.44946180555555554 0.09407407407407407 0.046202876984126985
3 0.25130291005291006 0.4785168650793651 0.09952711640211641 0.04681299603174603
5 0.7832043650793651 0.54296875 0.06034391534391534 0.0803844246031746
3 0.2298181216931217 0.42285218253968254 0.09578373015873015 0.04742311507936508
3 0.12076719576719576 0.5068353174603174 0.10522486772486772 0.0476984126984127
3 0.47265542328042326 0.36816468253968254 0.09025132275132276 0.04577628968253968
3 0.10294642857142858 0.44995039682539684 0.10188822751322751 0.048125
5 0.8066402116402117 0.44116319444444446 0.05708664021164021 0.07720982142857143
3 0.5003240740740741 0.42285218253968254 0.09529761904761905 0.04699652777777778
3 0.35319113756613757 0.39575148809523814 0.09342592592592593 0.04715029761904762
5 0.8652347883597883 0.5107415674603174 0.05395502645502646 0.07904017857142857
5 0.7037764550264549 0.30322172619047616 0.055380291005291 0.07781994047619047
5 0.9238293650793651 0.5834970238095237 0.05285714285714286 0.07751488095238096
5 0.7532539682539683 0.3745114087301587 0.05904100529100529 0.07434027777777778
4 0.4283862433862434 0.5400396825396826 0.0742989417989418 0.0803844246031746
5 0.624348544973545 0.3337400793650794 0.059123677248677245 0.0816641865079365
4 0.3603505291005291 0.5576165674603174 0.07511243386243385 0.08154265873015873
4 0.2884126984126984 0.5717782738095237 0.07694444444444444 0.08209325396825397
4 0.21875 0.5830084325396826 0.07735119047619048 0.08416666666666667
0 0.12849867724867725 0.8637698412698412 0.14957671957671959 0.0546875
4 0.26643849206349207 0.7192385912698412 0.05664021164021164 0.07501240079365079
4 0.4778637566137566 0.6713864087301588 0.07780092592592593 0.08880704365079364
4 0.4934887566137566 0.5263665674603174 0.07161375661375662 0.07922371031746032
5 0.8391931216931217 0.6166989087301588 0.053832671957671954 0.08178819444444443
4 0.40559854497354497 0.6889657738095237 0.060261243386243384 0.0784920634920635
4 0.5455720899470899 0.6582043650793651 0.05643849206349206 0.07330357142857143
3 0.2081712962962963 0.3654786706349206 0.09684193121693123 0.045257936507936504
3 0.45019510582010586 0.31323164682539684 0.09187830687830686 0.045441468253968255
4 0.3388657407407408 0.7036135912698412 0.07458333333333333 0.0894766865079365
3 0.08341600529100529 0.39184523809523814 0.10261904761904762 0.04568452380952381
3 0.3307308201058201 0.33911210317460316 0.0963558201058201 0.04586805555555556
0 0.15275132275132275 0.7910168650793651 0.1442857142857143 0.05233878968253968
1 0.7825529100529101 0.8149404761904763 0.07055555555555557 0.03460813492063492
2 0.6738293650793651 0.8388665674603174 0.07580687830687831 0.05676339285714286
1 0.7545205026455026 0.7560342261904762 0.06723875661375661 0.033896329365079365