3 0.7708333333333334 0.37939453125 0.08390299479166667 0.0328369140625
3 0.6611328125 0.37060546875 0.07666015625 0.03271484375
3 0.6468098958333334 0.40673828125 0.0792236328125 0.03131103515625
3 0.7825520833333334 0.338623046875 0.08280436197916667 0.03179931640625
3 0.8802083333333334 0.42919921875 0.09171549479166667 0.034088134765625
3 0.6764322916666666 0.330322265625 0.07735188802083333 0.0305023193359375
3 0.7604166666666666 0.41845703125 0.08528645833333333 0.033843994140625
3 0.89453125 0.348388671875 0.08797200520833333 0.03277587890625
3 0.8854166666666666 0.390625 0.08797200520833333 0.033538818359375
0 0.7174479166666666 0.541015625 0.11287434895833333 0.043365478515625
4 0.3414713541666667 0.448974609375 0.06636555989583333 0.0604248046875
5 0.5208333333333334 0.7236328125 0.10807291666666667 0.09088134765625
0 0.7272135416666666 0.488525390625 0.11149088541666667 0.042327880859375
2 0.7350260416666666 0.62353515625 0.08846028645833333 0.033843994140625
4 0.3636067708333333 0.57373046875 0.07527669270833333 0.0723876953125
5 0.900390625 0.8212890625 0.12516276041666666 0.0948486328125
5 0.6376953125 0.7265625 0.09440104166666667 0.080810546875
4 0.4456380208333333 0.480712890625 0.06404622395833333 0.06622314453125
4 0.30810546875 0.55810546875 0.07161458333333333 0.06982421875
4 0.2550455729166667 0.54345703125 0.06949869791666667 0.06549072265625
4 0.5511067708333334 0.50341796875 0.06624348958333333 0.06939697265625
5 0.5130208333333334 0.802734375 0.103515625 0.0938720703125
4 0.4235026041666667 0.59326171875 0.0687255859375 0.07208251953125
5 0.4088541666666667 0.71337890625 0.085693359375 0.0784912109375
5 0.6380208333333334 0.80859375 0.10115559895833333 0.09185791015625
5 0.888671875 0.7353515625 0.118408203125 0.08154296875
4 0.3893229166666667 0.46484375 0.06429036458333333 0.0635986328125
4 0.4931640625 0.492431640625 0.0609130859375 0.06732177734375
5 0.3922526041666667 0.78955078125 0.09269205729166667 0.08599853515625
1 0.4378255208333333 0.38134765625 0.035400390625 0.03460693359375
5 0.759765625 0.73291015625 0.09969075520833333 0.08331298828125
5 0.7649739583333334 0.81787109375 0.11263020833333333 0.0965576171875
1 0.4921875 0.39013671875 0.03363037109375 0.03173828125
4 0.4752604166666667 0.607421875 0.07413736979166667 0.07452392578125