2 0.3247354497354497 0.6149553571428571 0.07804232804232804 0.07068452380952381
0 0.14682539682539683 0.7542162698412699 0.09986772486772487 0.09672619047619048
0 0.4646164021164021 0.8013392857142857 0.05952380952380952 0.1111111111111111
5 0.3741732804232804 0.9224950396825397 0.1306216931216931 0.06870039682539683
4 0.8181216931216931 0.8572668650793651 0.14682539682539683 0.056299603174603176
1 0.16782407407407407 0.8962053571428571 0.060515873015873016 0.06076388888888889
4 0.5768849206349206 0.8442460317460317 0.13921957671957672 0.05654761904761905
4 0.5805224867724867 0.7720734126984127 0.13128306878306878 0.05406746031746032
4 0.5877976190476191 0.7022569444444444 0.12797619047619047 0.053323412698412696
4 0.8204365079365079 0.6458333333333334 0.14417989417989419 0.05109126984126984
4 0.8184523809523809 0.7836061507936508 0.14484126984126985 0.056299603174603176
4 0.8176256613756614 0.7136656746031746 0.14649470899470898 0.05580357142857143
5 0.6633597883597884 0.23251488095238096 0.12037037037037036 0.036458333333333336
4 0.8209325396825397 0.5803571428571429 0.1412037037037037 0.051587301587301584
5 0.5825066137566137 0.302703373015873 0.12136243386243387 0.037450396825396824
5 0.6607142857142857 0.35106646825396826 0.12037037037037036 0.035962301587301584
5 0.7452050264550265 0.28137400793650796 0.12334656084656084 0.036458333333333336
4 0.5932539682539683 0.6350446428571429 0.12632275132275134 0.04985119047619048
1 0.4664351851851852 0.6883680555555556 0.07903439153439154 0.04092261904761905
5 0.32787698412698413 0.5057043650793651 0.12533068783068782 0.03670634920634921
5 0.4988425925925926 0.4911954365079365 0.12731481481481483 0.040426587301587304
3 0.18700396825396826 0.6252480158730159 0.11011904761904762 0.04662698412698413
5 0.4166666666666667 0.43799603174603174 0.12367724867724868 0.039186507936507936
5 0.5825066137566137 0.4212549603174603 0.12334656084656084 0.03993055555555555
5 0.5014880952380952 0.37115575396825395 0.11937830687830688 0.04092261904761905
4 0.2953042328042328 0.7287946428571429 0.0787037037037037 0.07961309523809523
3 0.3209623015873016 0.2410887896825397 0.08011904761904762 0.0706795634920635
3 0.3188492063492064 0.35961805555555554 0.08447420634920634 0.07330357142857143
3 0.3984391534391535 0.27246031746031746 0.08084986772486773 0.07147321428571429
3 0.39908730158730155 0.16003472222222223 0.0791005291005291 0.0686656746031746
3 0.24137235449735447 0.32714781746031746 0.08585648148148148 0.07250992063492064
3 0.47135582010582017 0.18701140873015873 0.07470568783068783 0.07208333333333333
3 0.23730489417989417 0.4514161706349206 0.08813492063492064 0.07367063492063493
3 0.24609457671957674 0.2084970238095238 0.08174603174603175 0.07019097222222222
3 0.15999338624338624 0.41528273809523814 0.08862433862433862 0.07489087301587301
3 0.0791005291005291 0.38012648809523814 0.09008928571428572 0.0758655753968254
3 0.16308531746031746 0.2924801587301587 0.08715939153439153 0.07354662698412699