1 0.7594246031746031 0.6703869047619048 0.06580687830687831 0.07192460317460317
2 0.5702711640211641 0.7310267857142857 0.07572751322751323 0.09598214285714286
4 0.17212301587301587 0.730406746031746 0.14715608465608465 0.07192460317460317
1 0.6749338624338624 0.5735367063492064 0.08796296296296297 0.045882936507936505
4 0.7288359788359788 0.7653769841269841 0.10185185185185185 0.10218253968253968
4 0.21329365079365079 0.6623263888888888 0.13690476190476192 0.0662202380952381
4 0.4123677248677249 0.7770337301587301 0.15079365079365079 0.08085317460317461
5 0.7652116402116402 0.5275297619047619 0.07738095238095238 0.09871031746031746
4 0.4441137566137566 0.7047371031746031 0.14616402116402116 0.07068452380952381
4 0.2531415343915344 0.5951140873015873 0.1292989417989418 0.06770833333333333
4 0.5243055555555556 0.5106646825396826 0.12003968253968254 0.05406746031746032
4 0.5003306878306878 0.5685763888888888 0.12566137566137567 0.0597718253968254
0 0.6919642857142857 0.9274553571428571 0.18287037037037038 0.05233134920634921
4 0.47172619047619047 0.6354166666666666 0.13194444444444445 0.060515873015873016
3 0.6354166666666666 0.6640625 0.11165364583333333 0.08538818359375
4 0.287109375 0.5380859375 0.12939453125 0.0615234375