4 0.3996362433862434 0.6416170634920635 0.12797619047619047 0.08432539682539683
2 0.5198412698412699 0.7455357142857143 0.07208994708994709 0.0882936507936508
5 0.13227513227513227 0.4615575396825397 0.20105820105820105 0.07837301587301587
0 0.23065476190476192 0.7409474206349206 0.1775793650793651 0.06125992063492063
1 0.3445767195767196 0.5868055555555556 0.10052910052910052 0.04662698412698413
3 0.19146825396825398 0.5923859126984127 0.16865079365079366 0.045882936507936505
3 0.7936210317460317 0.46020585317460316 0.12443121693121692 0.08300843253968254
3 0.38704365079365083 0.34887648809523814 0.16365410052910054 0.11242559523809524
3 0.4742824074074074 0.5346676587301588 0.1432308201058201 0.09039186507936507
1 0.2141931216931217 0.5292981150793651 0.11987433862433862 0.05572420634920635
3 0.5572916666666666 0.4472668650793651 0.13403439153439153 0.09570436507936508
3 0.6500661375661375 0.3666989087301587 0.12849867724867725 0.09155257936507936
3 0.4788425925925926 0.25463789682539684 0.1673181216931217 0.12249751984126984
3 0.29378306878306876 0.44140625 0.16764219576719577 0.10876488095238096
3 0.8404960317460317 0.6123040674603174 0.1180026455026455 0.08020089285714285
3 0.7057308201058201 0.5336904761904763 0.12556878306878308 0.08599950396825397
3 0.6263029100529101 0.6142584325396826 0.12874338624338624 0.08374007936507936
3 0.765625 0.6850595238095237 0.11677910052910052 0.07861359126984127