1 0.2853835978835979 0.8763640873015873 0.0582010582010582 0.053323412698412696
3 0.5930886243386243 0.35267857142857145 0.04728835978835979 0.06398809523809523
3 0.466765873015873 0.5360863095238095 0.04728835978835979 0.07068452380952381
1 0.3599537037037037 0.9148065476190477 0.054563492063492064 0.058779761904761904
3 0.6316137566137566 0.5230654761904762 0.05555555555555555 0.07291666666666667
2 0.1529431216931217 0.8430059523809523 0.054563492063492064 0.07787698412698413
3 0.5140542328042328 0.3618551587301587 0.045965608465608467 0.06448412698412699
3 0.45287698412698413 0.44828869047619047 0.045304232804232805 0.06770833333333333
3 0.43915343915343913 0.36594742063492064 0.04298941798941799 0.06274801587301587
3 0.6116071428571429 0.435515873015873 0.050595238095238096 0.06944444444444445
3 0.5320767195767195 0.44382440476190477 0.047619047619047616 0.06820436507936507
3 0.6536044973544973 0.6178075396825397 0.05654761904761905 0.07539682539682539
3 0.48214285714285715 0.6333085317460317 0.05026455026455026 0.07762896825396826
3 0.5505952380952381 0.5307539682539683 0.051587301587301584 0.07242063492063493
4 0.31117724867724866 0.4503968253968254 0.10317460317460317 0.037698412698412696
5 0.8837632275132276 0.7331349206349206 0.09027777777777778 0.0763888888888889
3 0.5687830687830688 0.6264880952380952 0.051587301587301584 0.07738095238095238
5 0.7799272486772487 0.7359871031746031 0.08895502645502645 0.07415674603174603
4 0.3176256613756614 0.5494791666666666 0.11011904761904762 0.03993055555555555
4 0.13343253968253968 0.509796626984127 0.11607142857142858 0.037450396825396824
4 0.13326719576719576 0.5608878968253969 0.11838624338624339 0.038938492063492064
4 0.31531084656084657 0.5004960317460317 0.10681216931216932 0.03819444444444445
5 0.863260582010582 0.6484375 0.0916005291005291 0.07217261904761904
4 0.13227513227513227 0.6137152777777778 0.12103174603174603 0.04290674603174603
4 0.3191137566137566 0.6010664682539683 0.11177248677248677 0.03993055555555555
4 0.13409391534391535 0.4634176587301587 0.11078042328042328 0.035962301587301584
5 0.7359457671957672 0.48995535714285715 0.09292328042328042 0.07366071428571429
4 0.1283068783068783 0.6690228174603174 0.125 0.047371031746031744
5 0.7280092592592593 0.4148065476190476 0.08630952380952381 0.06919642857142858
5 0.8191137566137566 0.4131944444444444 0.08994708994708994 0.07043650793650794
5 0.7648809523809523 0.6462053571428571 0.08994708994708994 0.0716765873015873
0 0.6127645502645502 0.8030753968253969 0.12367724867724868 0.03422619047619048
5 0.8323412698412699 0.4868551587301587 0.09060846560846561 0.07093253968253968
0 0.6084656084656085 0.7287946428571429 0.11904761904761904 0.03298611111111111
5 0.7529761904761905 0.5632440476190477 0.08928571428571429 0.07291666666666667
4 0.31977513227513227 0.6530257936507936 0.11838624338624339 0.039186507936507936
5 0.8425925925925926 0.5642361111111112 0.08994708994708994 0.07291666666666667