3 0.451171875 0.9306640625 0.13028971354166666 0.056243896484375
3 0.7884114583333334 0.9287109375 0.13639322916666666 0.054412841796875
4 0.4957682291666667 0.349609375 0.09187825520833333 0.0535888671875
3 0.6097005208333334 0.83837890625 0.12646484375 0.0517578125
3 0.2978515625 0.84375 0.12337239583333333 0.0517578125
5 0.21793619791666666 0.53564453125 0.08732096354166667 0.09320068359375
4 0.5182291666666666 0.390380859375 0.09342447916666667 0.054412841796875
4 0.5413411458333334 0.436767578125 0.09716796875 0.05572509765625
3 0.7604166666666666 0.75341796875 0.12825520833333334 0.04595947265625
4 0.5647786458333334 0.473876953125 0.09806315104166667 0.060089111328125
3 0.6158854166666666 0.92919921875 0.134033203125 0.055511474609375
4 0.3352864583333333 0.39794921875 0.09895833333333333 0.0521240234375
5 0.17252604166666666 0.46875 0.08341471354166667 0.087890625
5 0.2571614583333333 0.60302734375 0.08561197916666667 0.094482421875
5 0.16975911458333334 0.6376953125 0.095458984375 0.09185791015625
0 0.7161458333333334 0.62353515625 0.08528645833333333 0.10504150390625
4 0.3942057291666667 0.52734375 0.10172526041666667 0.05340576171875
4 0.5930989583333334 0.52001953125 0.10563151041666667 0.061309814453125
4 0.3528645833333333 0.437255859375 0.10188802083333333 0.057586669921875
4 0.3733723958333333 0.479248046875 0.10115559895833333 0.0560302734375
2 0.5244140625 0.66650390625 0.09578450520833333 0.03985595703125
4 0.4114583333333333 0.572265625 0.10872395833333333 0.06439208984375
0 0.6223958333333334 0.64453125 0.08447265625 0.10394287109375
3 0.453125 0.83984375 0.12711588541666666 0.052337646484375
1 0.6585286458333334 0.346435546875 0.06787109375 0.03643798828125
3 0.4534505208333333 0.75732421875 0.12361653645833333 0.04986572265625
5 0.09513346354166667 0.35302734375 0.07552083333333333 0.08282470703125
3 0.2893880208333333 0.9306640625 0.12687174479166666 0.056640625
5 0.0509033203125 0.44140625 0.08406575520833333 0.08197021484375
5 0.12711588541666666 0.5703125 0.08780924479166667 0.0943603515625
5 0.09090169270833333 0.5048828125 0.08280436197916667 0.08477783203125
3 0.6041666666666666 0.75439453125 0.12516276041666666 0.049774169921875
3 0.3025716145833333 0.76025390625 0.121826171875 0.04931640625
5 0.134033203125 0.411376953125 0.07893880208333333 0.0843505859375
1 0.6868489583333334 0.3876953125 0.063232421875 0.03875732421875
3 0.7747395833333334 0.8359375 0.13541666666666666 0.05291748046875
5 0.027587890625 0.381103515625 0.052937825520833336 0.08062744140625