5 0.2996031746031746 0.3392857142857143 0.08002645502645503 0.10863095238095238
0 0.2716600529100529 0.7581845238095238 0.20734126984126985 0.09672619047619048
2 0.3103505291005291 0.6691468253968254 0.08234126984126984 0.11656746031746032
3 0.29052734375 0.5546875 0.11735026041666667 0.11358642578125
4 0.3802083333333333 0.642578125 0.07954915364583333 0.134521484375
1 0.3610026041666667 0.5302734375 0.09342447916666667 0.0782470703125
3 0.4560546875 0.365478515625 0.07413736979166667 0.0987548828125
1 0.3206380208333333 0.421630859375 0.10929361979166667 0.057373046875
3 0.583984375 0.3662109375 0.0767822265625 0.09844970703125
3 0.7037760416666666 0.35791015625 0.083740234375 0.09552001953125
3 0.513671875 0.658203125 0.09879557291666667 0.1429443359375
3 0.5501302083333334 0.85693359375 0.11824544270833333 0.1761474609375
3 0.4833984375 0.49755859375 0.08101399739583333 0.1131591796875
3 0.8098958333333334 0.638671875 0.11612955729166667 0.1439208984375
3 0.7513020833333334 0.486572265625 0.094970703125 0.11395263671875
3 0.662109375 0.65380859375 0.11043294270833333 0.1436767578125
3 0.6204427083333334 0.494873046875 0.08406575520833333 0.11419677734375
3 0.712890625 0.84228515625 0.12825520833333334 0.171875