2 0.45089285714285715 0.7393353174603174 0.0796957671957672 0.08928571428571429
1 0.6483134920634921 0.6659226190476191 0.05853174603174603 0.06498015873015874
5 0.6645171957671958 0.5497271825396826 0.06845238095238096 0.08556547619047619
4 0.3062169312169312 0.7483878968253969 0.13690476190476192 0.06671626984126984
4 0.12863756613756613 0.6500496031746031 0.12169312169312169 0.057539682539682536
4 0.21726190476190477 0.5460069444444444 0.1111111111111111 0.05084325396825397
1 0.5765542328042328 0.5840773809523809 0.08035714285714286 0.043154761904761904
4 0.0775462962962963 0.7074652777777778 0.13525132275132276 0.06522817460317461
4 0.4426256613756614 0.5298859126984127 0.11541005291005291 0.051835317460317464
4 0.17956349206349206 0.5948660714285714 0.11243386243386243 0.057787698412698416
4 0.41451719576719576 0.5793650793650794 0.11805555555555555 0.05555555555555555
0 0.5611772486772487 0.8931051587301587 0.17989417989417988 0.05654761904761905
4 0.34672619047619047 0.6886160714285714 0.12996031746031747 0.05828373015873016
4 0.37880291005291006 0.6325644841269841 0.12202380952380952 0.057291666666666664
4 0.5496031746031746 0.7625248015873016 0.12301587301587301 0.07514880952380952
3 0.53515625 0.658203125 0.10904947916666667 0.0830078125