3 0.5550130208333334 0.368896484375 0.06441243489583333 0.05975341796875
3 0.6080729166666666 0.66552734375 0.06709798177083333 0.06744384765625
3 0.6158854166666666 0.446044921875 0.06453450520833333 0.0631103515625
3 0.5442708333333334 0.58447265625 0.06787109375 0.06634521484375
3 0.4869791666666667 0.403076171875 0.062296549479166664 0.06256103515625
3 0.6796875 0.52392578125 0.06697591145833333 0.0635986328125
3 0.5498046875 0.47802734375 0.06599934895833333 0.06256103515625
3 0.744140625 0.60498046875 0.068359375 0.06597900390625
4 0.3824869791666667 0.64208984375 0.09912109375 0.0640869140625
3 0.6110026041666666 0.5537109375 0.06599934895833333 0.064208984375
4 0.12247721354166667 0.591796875 0.10148111979166667 0.06573486328125
4 0.4173177083333333 0.68115234375 0.09187825520833333 0.0618896484375
2 0.7727864583333334 0.490478515625 0.07735188802083333 0.034027099609375
3 0.48046875 0.50341796875 0.058797200520833336 0.06280517578125
4 0.3460286458333333 0.59765625 0.097412109375 0.06243896484375
3 0.4215494791666667 0.4287109375 0.06404622395833333 0.06646728515625
3 0.6751302083333334 0.63525390625 0.06949869791666667 0.06744384765625
5 0.6207682291666666 0.251953125 0.046875 0.08447265625
4 0.2672526041666667 0.515625 0.09578450520833333 0.059967041015625
0 0.24039713541666666 0.29736328125 0.052083333333333336 0.08404541015625
4 0.3048502604166667 0.55859375 0.09635416666666667 0.06256103515625
1 0.5358072916666666 0.83349609375 0.057088216145833336 0.047943115234375
4 0.15706380208333334 0.63671875 0.08992513020833333 0.060302734375
4 0.19482421875 0.67333984375 0.10750325520833333 0.0703125
4 0.2737630208333333 0.76123046875 0.10538736979166667 0.07196044921875
5 0.693359375 0.304931640625 0.048665364583333336 0.08465576171875
0 0.3177083333333333 0.30419921875 0.048665364583333336 0.08465576171875
5 0.6783854166666666 0.21533203125 0.046671549479166664 0.08526611328125
5 0.6119791666666666 0.1571044921875 0.0419921875 0.08135986328125
1 0.4671223958333333 0.86474609375 0.04931640625 0.052825927734375
5 0.7506510416666666 0.255859375 0.049845377604166664 0.08404541015625
5 0.5556640625 0.1981201171875 0.050048828125 0.0830078125
4 0.2353515625 0.72216796875 0.09285481770833333 0.06085205078125
5 0.8444010416666666 0.3994140625 0.042643229166666664 0.07501220703125
5 0.8248697916666666 0.30810546875 0.051472981770833336 0.08331298828125
5 0.767578125 0.35107421875 0.049967447916666664 0.08135986328125
5 0.900390625 0.351318359375 0.052734375 0.079345703125