3 0.6929563492063492 0.6979166666666666 0.050595238095238096 0.06547619047619048
3 0.8869047619047619 0.8829365079365079 0.061507936507936505 0.07936507936507936
3 0.7824074074074074 0.7873263888888888 0.0582010582010582 0.0716765873015873
3 0.830191798941799 0.699156746031746 0.0539021164021164 0.06547619047619048
3 0.7334656084656085 0.8881448412698413 0.05489417989417989 0.08283730158730158
3 0.857473544973545 0.7860863095238095 0.06018518518518518 0.07415674603174603
3 0.759755291005291 0.7003968253968254 0.05191798941798942 0.06547619047619048
3 0.8098544973544973 0.8860367063492064 0.057539682539682536 0.08159722222222222
4 0.2847222222222222 0.5280257936507936 0.0701058201058201 0.05406746031746032
3 0.7116402116402116 0.7869543650793651 0.05357142857142857 0.07192460317460317
4 0.46511243386243384 0.5462549603174603 0.07043650793650794 0.05431547619047619
3 0.8067129629629629 0.6221478174603174 0.049933862433862435 0.06076388888888889
4 0.3844246031746032 0.6004464285714286 0.0763888888888889 0.061507936507936505
4 0.42063492063492064 0.7421875 0.08267195767195767 0.047371031746031744
3 0.6130952380952381 0.6768353174603174 0.0701058201058201 0.05357142857142857
4 0.19295634920634921 0.5803571428571429 0.07043650793650794 0.05803571428571429
4 0.36408730158730157 0.4810267857142857 0.06746031746031746 0.04935515873015873
3 0.6010251322751323 0.7734375 0.07308201058201058 0.06274801587301587
4 0.5421626984126984 0.7349950396825397 0.060515873015873016 0.061755952380952384
4 0.32584656084656083 0.5024404761904762 0.07373015873015873 0.05175843253968254
4 0.24007275132275133 0.5541989087301588 0.07389219576719576 0.056855158730158735
4 0.43001322751322746 0.5712896825396826 0.07540013227513227 0.056334325396825397