3 0.7975260416666666 0.455078125 0.09716796875 0.042724609375
3 0.4879557291666667 0.27001953125 0.08829752604166667 0.044342041015625
3 0.4632161458333333 0.3271484375 0.08732096354166667 0.04248046875
3 0.7180989583333334 0.316650390625 0.09806315104166667 0.046478271484375
0 0.4202473958333333 0.65966796875 0.11124674479166667 0.03125
3 0.5862630208333334 0.52197265625 0.06937662760416667 0.061767578125
3 0.4417317708333333 0.38037109375 0.08732096354166667 0.0413818359375
3 0.6712239583333334 0.428466796875 0.09456380208333333 0.04217529296875
3 0.5787760416666666 0.35009765625 0.08992513020833333 0.042816162109375
5 0.4322916666666667 0.81884765625 0.10115559895833333 0.06585693359375
5 0.5276692708333334 0.72900390625 0.09456380208333333 0.06671142578125
5 0.6389973958333334 0.71923828125 0.1005859375 0.06427001953125
4 0.703125 0.5244140625 0.050130208333333336 0.06549072265625
3 0.8151041666666666 0.40087890625 0.10172526041666667 0.046539306640625
5 0.75 0.70751953125 0.10042317708333333 0.06243896484375
2 0.3401692708333333 0.654296875 0.042643229166666664 0.06292724609375
5 0.767578125 0.78466796875 0.11083984375 0.0728759765625
4 0.09651692708333333 0.52099609375 0.10750325520833333 0.033599853515625
5 0.4202473958333333 0.7421875 0.09757486979166667 0.06524658203125
3 0.5517578125 0.403564453125 0.08846028645833333 0.042877197265625
1 0.513671875 0.63916015625 0.062052408854166664 0.040374755859375
4 0.08634440104166667 0.56982421875 0.10847981770833333 0.035614013671875
5 0.4964192708333333 0.5908203125 0.090087890625 0.059661865234375
3 0.6015625 0.293212890625 0.091064453125 0.044677734375
3 0.693359375 0.374267578125 0.09822591145833333 0.043853759765625
0 0.45703125 0.5439453125 0.10636393229166667 0.06903076171875
4 0.0638427734375 0.66943359375 0.11263020833333333 0.038604736328125
4 0.23974609375 0.62890625 0.09912109375 0.03216552734375
5 0.884765625 0.77490234375 0.11263020833333333 0.073974609375
5 0.5426432291666666 0.8076171875 0.107177734375 0.0738525390625
4 0.2596028645833333 0.5263671875 0.10392252604166667 0.036834716796875
4 0.2516276041666667 0.57861328125 0.10205078125 0.03240966796875
4 0.10245768229166667 0.470458984375 0.10579427083333333 0.033599853515625
4 0.2664388020833333 0.4775390625 0.10408528645833333 0.03656005859375
5 0.6477864583333334 0.79150390625 0.103515625 0.06658935546875
4 0.07609049479166667 0.619140625 0.112060546875 0.038543701171875
1 0.4189453125 0.486572265625 0.06441243489583333 0.037384033203125