3 0.18115234375 0.449951171875 0.094970703125 0.051544189453125
3 0.21744791666666666 0.295654296875 0.09285481770833333 0.053009033203125
3 0.255859375 0.351318359375 0.0947265625 0.05340576171875
3 0.2931315104166667 0.4033203125 0.09187825520833333 0.050994873046875
3 0.10986328125 0.341064453125 0.09407552083333333 0.053192138671875
5 0.6966145833333334 0.57568359375 0.10693359375 0.09368896484375
3 0.3694661458333333 0.30419921875 0.09391276041666667 0.05419921875
3 0.4833984375 0.25830078125 0.099365234375 0.056121826171875
3 0.14835611979166666 0.396728515625 0.09651692708333333 0.053985595703125
5 0.8001302083333334 0.56689453125 0.10579427083333333 0.09332275390625
0 0.4182942708333333 0.60009765625 0.09342447916666667 0.06915283203125
1 0.5244140625 0.6123046875 0.049845377604166664 0.052520751953125
5 0.6751302083333334 0.48974609375 0.10465494791666667 0.08880615234375
4 0.5491536458333334 0.50244140625 0.08683268229166667 0.054412841796875
4 0.3932291666666667 0.689453125 0.06648763020833333 0.06915283203125
5 0.7779947916666666 0.478271484375 0.11027018229166667 0.09234619140625
3 0.4072265625 0.357421875 0.09456380208333333 0.054107666015625
4 0.4557291666666667 0.87646484375 0.07511393229166667 0.08270263671875
5 0.7552083333333334 0.3935546875 0.10579427083333333 0.08740234375
4 0.595703125 0.935546875 0.0682373046875 0.078369140625
5 0.6399739583333334 0.323974609375 0.09847005208333333 0.09088134765625
2 0.3019205729166667 0.53564453125 0.059366861979166664 0.06109619140625
5 0.736328125 0.310791015625 0.10408528645833333 0.09185791015625
4 0.5341796875 0.7392578125 0.0677490234375 0.0743408203125
3 0.498046875 0.52587890625 0.0596923828125 0.07171630859375
5 0.4544270833333333 0.5693359375 0.11083984375 0.05987548828125
3 0.5227864583333334 0.310302734375 0.094970703125 0.05633544921875
0 0.4020182291666667 0.52490234375 0.126220703125 0.060760498046875
4 0.52734375 0.89892578125 0.090087890625 0.10174560546875
5 0.6546223958333334 0.400390625 0.10319010416666667 0.09027099609375
4 0.318359375 0.8310546875 0.068359375 0.0794677734375
4 0.3893229166666667 0.8486328125 0.086181640625 0.0970458984375
4 0.6012369791666666 0.76416015625 0.06685384114583333 0.07598876953125
4 0.4599609375 0.7138671875 0.06563313802083333 0.0723876953125
3 0.3294270833333333 0.248046875 0.09391276041666667 0.054595947265625
5 0.71484375 0.2264404296875 0.10042317708333333 0.092041015625
1 0.4186197916666667 0.447998046875 0.08158365885416667 0.048309326171875