3 0.6539713541666666 0.484375 0.07722981770833333 0.030853271484375
3 0.6497395833333334 0.5302734375 0.0819091796875 0.03125
3 0.6591796875 0.43994140625 0.07666015625 0.0322265625
3 0.5426432291666666 0.5205078125 0.0775146484375 0.030670166015625
3 0.5498046875 0.475341796875 0.0758056640625 0.029205322265625
3 0.4573567708333333 0.423095703125 0.07401529947916667 0.0304412841796875
3 0.4371744791666667 0.5107421875 0.07808430989583333 0.030914306640625
4 0.5888671875 0.66748046875 0.07161458333333333 0.04840087890625
3 0.4482421875 0.4658203125 0.07527669270833333 0.0296478271484375
3 0.3460286458333333 0.45703125 0.07596842447916667 0.029876708984375
3 0.5569661458333334 0.431396484375 0.07442220052083333 0.030853271484375
0 0.4280598958333333 0.7705078125 0.092041015625 0.0535888671875
0 0.546875 0.734375 0.10392252604166667 0.0401611328125
1 0.6881510416666666 0.595703125 0.055582682291666664 0.03173828125
3 0.3567708333333333 0.413330078125 0.07320149739583333 0.0303802490234375
5 0.8404947916666666 0.71484375 0.114501953125 0.034027099609375
5 0.7083333333333334 0.7216796875 0.10970052083333333 0.03424072265625
5 0.7063802083333334 0.82666015625 0.1142578125 0.039703369140625
5 0.7740885416666666 0.76953125 0.114501953125 0.038818359375
5 0.5641276041666666 0.9501953125 0.12581380208333334 0.04986572265625
3 0.5074869791666666 0.65185546875 0.07865397135416667 0.036224365234375
5 0.6396484375 0.7763671875 0.11124674479166667 0.0364990234375
2 0.357421875 0.7626953125 0.060791015625 0.05706787109375
5 0.4899088541666667 0.70068359375 0.0849609375 0.0531005859375
5 0.5706380208333334 0.83447265625 0.11246744791666667 0.038909912109375
5 0.6380208333333334 0.88623046875 0.119873046875 0.042083740234375
5 0.4925130208333333 0.892578125 0.10791015625 0.044677734375
4 0.3263346354166667 0.68212890625 0.08219401041666667 0.049591064453125
4 0.2932942708333333 0.72265625 0.088134765625 0.05224609375
4 0.2591145833333333 0.7666015625 0.08894856770833333 0.053802490234375
4 0.09326171875 0.74609375 0.094970703125 0.058349609375
4 0.16682942708333334 0.66357421875 0.092041015625 0.05389404296875
4 0.22054036458333334 0.81103515625 0.09041341145833333 0.057708740234375
1 0.4358723958333333 0.59130859375 0.059244791666666664 0.029815673828125
4 0.13191731770833334 0.7021484375 0.0947265625 0.054290771484375
4 0.3610026041666667 0.64453125 0.08390299479166667 0.049774169921875
4 0.20166015625 0.62451171875 0.09090169270833333 0.049774169921875