3 0.37896825396825395 0.37487599206349204 0.0496031746031746 0.06274801587301587
3 0.5286044973544973 0.3473462301587302 0.05257936507936508 0.06274801587301587
3 0.453207671957672 0.36396329365079366 0.05257936507936508 0.06473214285714286
1 0.31729497354497355 0.8983134920634921 0.05324074074074074 0.05406746031746032
3 0.5967261904761905 0.5131448412698413 0.060515873015873016 0.07093253968253968
3 0.4679232804232804 0.636656746031746 0.056878306878306875 0.07688492063492064
3 0.5616732804232805 0.427703373015873 0.054563492063492064 0.06770833333333333
3 0.40773809523809523 0.45622519841269843 0.051587301587301584 0.06671626984126984
3 0.6342592592592593 0.6041666666666666 0.062169312169312166 0.07390873015873016
3 0.4363425925925926 0.5420386904761905 0.055224867724867725 0.07018849206349206
2 0.1789021164021164 0.8810763888888888 0.05026455026455026 0.07762896825396826
3 0.48462301587301587 0.44382440476190477 0.0539021164021164 0.06671626984126984
5 0.875165343915344 0.6954365079365079 0.08101851851851852 0.08134920634920635
3 0.5183531746031746 0.5286458333333334 0.059854497354497355 0.0716765873015873
0 0.6109457671957672 0.7186259920634921 0.11541005291005291 0.03943452380952381
3 0.552744708994709 0.6205357142857143 0.05919312169312169 0.07589285714285714
5 0.77744708994709 0.7074652777777778 0.07936507936507936 0.07862103174603174
4 0.2779431216931217 0.5224454365079365 0.11078042328042328 0.043402777777777776
4 0.08928571428571429 0.5023561507936508 0.11375661375661375 0.04141865079365079
4 0.31084656084656087 0.673859126984127 0.11441798941798942 0.04513888888888889
4 0.29894179894179895 0.6217757936507936 0.11243386243386243 0.04563492063492063
4 0.2647156084656085 0.47172619047619047 0.10615079365079365 0.043154761904761904
4 0.09771825396825397 0.5500992063492064 0.11607142857142858 0.04365079365079365
4 0.29050925925925924 0.572296626984127 0.11011904761904762 0.044890873015873016
1 0.39831349206349204 0.9274553571428571 0.05191798941798942 0.05927579365079365
4 0.10648148148148148 0.6004464285714286 0.11706349206349206 0.046130952380952384
4 0.11491402116402116 0.654265873015873 0.1207010582010582 0.050595238095238096
0 0.626818783068783 0.791046626984127 0.12003968253968254 0.04092261904761905
5 0.7615740740740741 0.38665674603174605 0.08002645502645503 0.0744047619047619
5 0.6724537037037037 0.39558531746031744 0.08035714285714286 0.07192460317460317
5 0.6934523809523809 0.46825396825396826 0.08531746031746032 0.07490079365079365
5 0.7863756613756614 0.45709325396825395 0.08465608465608465 0.07738095238095238
5 0.7475198412698413 0.6217757936507936 0.08167989417989419 0.07490079365079365
5 0.8432539682539683 0.6124751984126984 0.08002645502645503 0.07465277777777778
5 0.720568783068783 0.5422867063492064 0.08134920634920635 0.07762896825396826
4 0.12020502645502645 0.7083333333333334 0.11871693121693122 0.047619047619047616
5 0.8093584656084656 0.533234126984127 0.08167989417989419 0.07539682539682539