3 0.4303385416666667 0.59130859375 0.07722981770833333 0.047882080078125
3 0.2771809895833333 0.471923828125 0.08878580729166667 0.050323486328125
3 0.23404947916666666 0.51513671875 0.08447265625 0.04840087890625
3 0.4736328125 0.5556640625 0.07666015625 0.04510498046875
3 0.294921875 0.59765625 0.0799560546875 0.047882080078125
3 0.380859375 0.51513671875 0.08113606770833333 0.04681396484375
3 0.3899739583333333 0.6328125 0.07637532552083333 0.046112060546875
3 0.19287109375 0.5595703125 0.08430989583333333 0.04840087890625
3 0.16463216145833334 0.423583984375 0.09440104166666667 0.0537109375
3 0.3365885416666667 0.5546875 0.08101399739583333 0.047515869140625
3 0.12272135416666667 0.468994140625 0.09187825520833333 0.05224609375
1 0.6396484375 0.63134765625 0.044189453125 0.0352783203125
4 0.84375 0.485595703125 0.08634440104166667 0.060089111328125
5 0.9108072916666666 0.2548828125 0.050618489583333336 0.08038330078125
4 0.62109375 0.481201171875 0.087158203125 0.062103271484375
2 0.5406901041666666 0.31396484375 0.08341471354166667 0.041473388671875
4 0.6555989583333334 0.50732421875 0.078369140625 0.057373046875
4 0.8098958333333334 0.455322265625 0.08846028645833333 0.060089111328125
1 0.5973307291666666 0.609375 0.041829427083333336 0.035552978515625
4 0.7740885416666666 0.42626953125 0.083251953125 0.0582275390625
3 0.0819091796875 0.51708984375 0.092041015625 0.05242919921875
4 0.6907552083333334 0.5322265625 0.07735188802083333 0.056121826171875
4 0.728515625 0.55859375 0.08544921875 0.0574951171875
5 0.767578125 0.27734375 0.06538899739583333 0.09136962890625
5 0.5911458333333334 0.2109375 0.06660970052083333 0.09967041015625
4 0.7421875 0.39599609375 0.08748372395833333 0.06304931640625
0 0.4983723958333333 0.402099609375 0.09651692708333333 0.060302734375
5 0.85546875 0.313720703125 0.0533447265625 0.07708740234375
5 0.5374348958333334 0.09027099609375 0.0628662109375 0.1033935546875
5 0.4905598958333333 0.167724609375 0.06612141927083333 0.0953369140625
5 0.634765625 0.1324462890625 0.07552083333333333 0.1055908203125
4 0.875 0.5107421875 0.08414713541666667 0.05499267578125
5 0.7278645833333334 0.174560546875 0.07120768229166667 0.0994873046875
5 0.6829427083333334 0.247802734375 0.0557861328125 0.08587646484375
5 0.826171875 0.2135009765625 0.051472981770833336 0.0855712890625
0 0.4544270833333333 0.452880859375 0.09269205729166667 0.05718994140625
4 0.7565104166666666 0.58740234375 0.07893880208333333 0.050994873046875