3 0.625651455026455 0.4721676587301587 0.060138888888888895 0.060853174603174603
3 0.7415376984126983 0.6308606150793651 0.06404761904761905 0.06524553571428571
3 0.49121031746031746 0.5239260912698412 0.055502645502645505 0.060853174603174603
3 0.6738293650793651 0.6577157738095237 0.06311177248677248 0.06610119047619047
3 0.5589186507936508 0.49926835317460316 0.06046626984126984 0.06130952380952381
3 0.6061210317460318 0.6845709325396826 0.0635978835978836 0.06561259920634921
3 0.5709623015873015 0.39526289682539684 0.05989748677248677 0.05813492063492064
3 0.6822916666666666 0.5498040674603174 0.0633531746031746 0.062103174603174605
4 0.14249669312169314 0.5957043650793651 0.10131944444444443 0.062103174603174605
3 0.5048842592592593 0.42602430555555554 0.05769841269841269 0.05920386904761905
3 0.5478505291005291 0.6025396825396826 0.06205357142857143 0.06347718253968254
3 0.6158862433862434 0.5766592261904763 0.06148148148148148 0.06188988095238095
4 0.20882275132275133 0.6816418650793651 0.1048181216931217 0.06829861111111112
3 0.43977843915343917 0.44921875 0.06253968253968255 0.06222470238095238
0 0.2722982804232804 0.3168948412698413 0.05098544973544974 0.07922371031746032
0 0.34667989417989414 0.3237301587301587 0.04931547619047619 0.0793452380952381
4 0.38932208994708994 0.6547842261904763 0.09562169312169314 0.060853174603174603
4 0.3196626984126984 0.5688467261904763 0.0925297619047619 0.059538690476190474
2 0.7747387566137566 0.51953125 0.07482804232804233 0.03125
5 0.8339847883597883 0.34057539682539684 0.04882936507936508 0.07629464285714285
4 0.3551421957671958 0.6123040674603174 0.09578373015873015 0.06143105158730159
5 0.8476554232804233 0.43823164682539684 0.05293650793650794 0.08270337301587301
5 0.7773445767195767 0.38574156746031746 0.045654761904761906 0.07794146825396825
5 0.7115873015873017 0.33325148809523814 0.04005952380952381 0.07763640873015873
5 0.6425793650793651 0.28515625 0.047199074074074074 0.07989583333333333
1 0.5263657407407407 0.8481448412698412 0.05395502645502646 0.048035714285714286
5 0.6373710317460318 0.19555555555555557 0.043783068783068785 0.07696428571428571
5 0.7018220899470899 0.24768105158730158 0.04874669312169312 0.08331349206349206
1 0.45573082010582017 0.875 0.046752645502645504 0.05340525793650794
5 0.5823578042328043 0.23071180555555557 0.042480158730158736 0.07556051587301588
4 0.42057208994708994 0.6958010912698412 0.09171626984126985 0.060853174603174603
5 0.90625 0.39379960317460316 0.05090277777777778 0.07946676587301588
4 0.2752281746031746 0.7675793650793651 0.10319113756613757 0.06964037698412699
4 0.2832043650793651 0.5268551587301588 0.0913888888888889 0.05499255952380952
5 0.8541666666666666 0.4121106150793651 0.028158068783068785 0.02293402777777778
5 0.7701818783068783 0.2924801587301587 0.037212301587301586 0.07318204365079364
4 0.24084986772486774 0.7291666666666666 0.08487764550264551 0.052909226190476194
4 0.17195767195767195 0.6398809523809523 0.08377314814814815 0.04794890873015873