4 0.7046957671957672 0.43861607142857145 0.11574074074074074 0.09796626984126984
4 0.546957671957672 0.5249255952380952 0.11507936507936507 0.10044642857142858
5 0.2837301587301587 0.38603670634920634 0.10648148148148148 0.09846230158730158
1 0.1810515873015873 0.4419642857142857 0.0796957671957672 0.05704365079365079
2 0.6207010582010583 0.3421378968253968 0.07142857142857142 0.08258928571428571
4 0.6173941798941799 0.7275545634920635 0.12367724867724868 0.10491071428571429
0 0.4105489417989418 0.20436507936507936 0.06316137566137567 0.11160714285714286
4 0.42493386243386244 0.44518849206349204 0.12301587301587301 0.042162698412698416
4 0.781415343915344 0.6341765873015873 0.12433862433862433 0.10615079365079365
0 0.2275132275132275 0.5252976190476191 0.057539682539682536 0.1076388888888889
4 0.9479166666666666 0.5460069444444444 0.10284391534391535 0.09250992063492064
3 0.37662698412698414 0.40210069444444446 0.12687169312169314 0.04510416666666667
4 0.6992195767195767 0.6806646825396826 0.13330026455026456 0.11737103174603175
4 0.6230456349206349 0.48022569444444446 0.12467592592592593 0.0980828373015873
4 0.8613293650793651 0.5913095238095237 0.14078703703703704 0.11340277777777778
4 0.46256613756613757 0.5678720238095237 0.1163723544973545 0.1032093253968254
1 0.1512037037037037 0.5341790674603174 0.09057539682539682 0.044434523809523806