3 0.265707671957672 0.5048363095238095 0.05191798941798942 0.056299603174603176
3 0.3308531746031746 0.5104166666666666 0.050595238095238096 0.057539682539682536
3 0.16220238095238096 0.5685763888888888 0.059854497354497355 0.06076388888888889
3 0.22916666666666666 0.5778769841269841 0.056216931216931214 0.062003968253968256
3 0.2974537037037037 0.5855654761904762 0.054563492063492064 0.06299603174603174
3 0.12086640211640212 0.6480654761904762 0.06448412698412699 0.06746031746031746
3 0.2612433862433862 0.667906746031746 0.05886243386243386 0.0679563492063492
3 0.23677248677248677 0.43018353174603174 0.05092592592592592 0.05233134920634921
3 0.2015542328042328 0.49615575396825395 0.0539021164021164 0.05580357142857143
3 0.1931216931216931 0.6589781746031746 0.06283068783068783 0.06746031746031746
3 0.29811507936507936 0.43762400793650796 0.04927248677248677 0.05282738095238095
2 0.642691798941799 0.8294890873015873 0.06580687830687831 0.06770833333333333
3 0.3611111111111111 0.4429563492063492 0.046957671957671955 0.052083333333333336
5 0.8096891534391535 0.5818452380952381 0.1001984126984127 0.0625
0 0.5682870370370371 0.8102678571428571 0.06183862433862434 0.09325396825396826
5 0.8212632275132276 0.4547371031746032 0.09292328042328042 0.05580357142857143
5 0.8083664021164021 0.6517857142857143 0.09953703703703703 0.0679563492063492
0 0.4837962962962963 0.7922867063492064 0.06283068783068783 0.08953373015873016
4 0.38227513227513227 0.6619543650793651 0.09523809523809523 0.044642857142857144
5 0.7061838624338624 0.7182539682539683 0.10085978835978836 0.06498015873015874
5 0.7288359788359788 0.5069444444444444 0.09457671957671958 0.056051587301587304
5 0.7108134920634921 0.6434771825396826 0.09953703703703703 0.0642361111111111
5 0.7200727513227513 0.5731646825396826 0.09623015873015874 0.060515873015873016
5 0.81630291005291 0.5166170634920635 0.09755291005291006 0.05555555555555555
4 0.5889550264550265 0.5598958333333334 0.09060846560846561 0.04241071428571429
1 0.3544973544973545 0.7777777777777778 0.04431216931216931 0.0496031746031746
4 0.5462962962962963 0.6892361111111112 0.0992063492063492 0.04712301587301587
4 0.5740740740740741 0.6016865079365079 0.09457671957671958 0.04265873015873016
1 0.279265873015873 0.7941468253968254 0.044642857142857144 0.05009920634920635
4 0.6028439153439153 0.5146329365079365 0.08994708994708994 0.04017857142857143
4 0.43601190476190477 0.5342261904761905 0.08763227513227513 0.03819444444444445
4 0.453042328042328 0.498015873015873 0.08664021164021164 0.03720238095238095
4 0.4226190476190476 0.5731646825396826 0.0873015873015873 0.03869047619047619
4 0.40244708994708994 0.6186755952380952 0.09325396825396826 0.03794642857142857
5 0.8039021164021164 0.7273065476190477 0.09788359788359788 0.06770833333333333
4 0.5616732804232805 0.6424851190476191 0.09623015873015874 0.04290674603174603
5 0.7408854166666666 0.44677734375 0.090087890625 0.05499267578125