3 0.6575520833333334 0.73193359375 0.10172526041666667 0.0574951171875
3 0.568359375 0.84814453125 0.11002604166666667 0.06610107421875
3 0.853515625 0.59033203125 0.0947265625 0.050140380859375
3 0.703125 0.798828125 0.10734049479166667 0.06256103515625
3 0.4918619791666667 0.7138671875 0.09969075520833333 0.0567626953125
3 0.9532267252604166 0.703125 0.09354654947916667 0.056243896484375
3 0.8307291666666666 0.7509765625 0.10595703125 0.06097412109375
5 0.10148111979166667 0.53271484375 0.0509033203125 0.07965087890625
3 0.7799479166666666 0.68896484375 0.10042317708333333 0.05389404296875
3 0.9016927083333334 0.64599609375 0.10042317708333333 0.0509033203125
5 0.23974609375 0.61865234375 0.052734375 0.091064453125
3 0.5302734375 0.779296875 0.10506184895833333 0.06109619140625
5 0.23063151041666666 0.52783203125 0.050699869791666664 0.07891845703125
5 0.037841796875 0.49365234375 0.055501302083333336 0.075439453125
0 0.7584635416666666 0.51171875 0.09847005208333333 0.072265625
5 0.10074869791666667 0.451171875 0.048746744791666664 0.07305908203125
3 0.7356770833333334 0.63037109375 0.0947265625 0.05108642578125
0 0.6979166666666666 0.55029296875 0.097412109375 0.07574462890625
4 0.373046875 0.46044921875 0.07596842447916667 0.0592041015625
3 0.6162109375 0.67236328125 0.09562174479166667 0.053802490234375
4 0.5296223958333334 0.419189453125 0.07442220052083333 0.056640625
5 0.3759765625 0.60595703125 0.0545654296875 0.08770751953125
4 0.4544270833333333 0.36669921875 0.0736083984375 0.0546875
4 0.6123046875 0.46484375 0.07401529947916667 0.063232421875
2 0.62890625 0.58642578125 0.08251953125 0.039337158203125
5 0.16446940104166666 0.489501953125 0.051106770833333336 0.076416015625
4 0.4892578125 0.389892578125 0.07185872395833333 0.055206298828125
5 0.3009440104166667 0.56298828125 0.050618489583333336 0.08135986328125
4 0.3375651041666667 0.434814453125 0.07609049479166667 0.055938720703125
5 0.17138671875 0.5712890625 0.0491943359375 0.07586669921875
4 0.4114583333333333 0.486572265625 0.0791015625 0.06097412109375
4 0.5680338541666666 0.440673828125 0.07552083333333333 0.0638427734375
4 0.4518229166666667 0.5146484375 0.07470703125 0.059326171875
4 0.490234375 0.541015625 0.078369140625 0.06597900390625
5 0.3146158854166667 0.6591796875 0.056844075520833336 0.0849609375
1 0.6266276041666666 0.354736328125 0.045735677083333336 0.035888671875
1 0.5823567708333334 0.33349609375 0.048380533854166664 0.0369873046875