5 0.5807291666666666 0.40185546875 0.061482747395833336 0.0635986328125
3 0.8411458333333334 0.7509765625 0.07763671875 0.082275390625
4 0.4013671875 0.4599609375 0.08158365885416667 0.038604736328125
3 0.9407552083333334 0.7861328125 0.08528645833333333 0.0872802734375
5 0.5680338541666666 0.53271484375 0.06266276041666667 0.0699462890625
3 0.7506510416666666 0.716796875 0.06966145833333333 0.07452392578125
4 0.435546875 0.775390625 0.07865397135416667 0.06396484375
3 0.876953125 0.89453125 0.083251953125 0.09332275390625
2 0.4156901041666667 0.88037109375 0.09611002604166667 0.042877197265625
5 0.6494140625 0.50732421875 0.070556640625 0.0709228515625
5 0.6129557291666666 0.453125 0.06563313802083333 0.06707763671875
3 0.8971354166666666 0.6572265625 0.07185872395833333 0.07342529296875
5 0.6061197916666666 0.59326171875 0.06901041666666667 0.07904052734375
3 0.7799479166666666 0.853515625 0.08101399739583333 0.089111328125
4 0.2532552083333333 0.487060546875 0.08601888020833333 0.0394287109375
4 0.4267578125 0.533203125 0.08447265625 0.039642333984375
4 0.28125 0.6044921875 0.094970703125 0.042633056640625
5 0.6888020833333334 0.568359375 0.06734212239583333 0.0809326171875
3 0.6162109375 0.921875 0.08251953125 0.09136962890625
5 0.5364583333333334 0.47412109375 0.063232421875 0.06671142578125
3 0.708984375 0.959747314453125 0.08479817708333333 0.08050537109375
3 0.5289713541666666 0.83984375 0.08683268229166667 0.06561279296875
4 0.2620442708333333 0.52392578125 0.088134765625 0.042022705078125
5 0.4274088541666667 0.72998046875 0.10774739583333333 0.033538818359375
4 0.4407552083333333 0.57177734375 0.08699544270833333 0.046722412109375
4 0.27197265625 0.56298828125 0.09285481770833333 0.04510498046875
0 0.16560872395833334 0.76025390625 0.10636393229166667 0.0723876953125
1 0.34765625 0.7216796875 0.0552978515625 0.047088623046875
0 0.2556966145833333 0.83642578125 0.120361328125 0.046905517578125
3 0.8111979166666666 0.62890625 0.0687255859375 0.06829833984375
3 0.6861979166666666 0.81494140625 0.07706705729166667 0.083740234375
5 0.646484375 0.662109375 0.07722981770833333 0.0849609375
4 0.4127604166666667 0.495849609375 0.0806884765625 0.039947509765625
3 0.9759114583333334 0.685546875 0.044962565104166664 0.07806396484375
5 0.505859375 0.420654296875 0.055908203125 0.0640869140625
1 0.5475260416666666 0.7451171875 0.06636555989583333 0.050994873046875
4 0.2884114583333333 0.646484375 0.10099283854166667 0.0531005859375