3 0.4205729166666667 0.456787109375 0.050537109375 0.07891845703125
3 0.6266276041666666 0.65966796875 0.051106770833333336 0.08062744140625
3 0.6051432291666666 0.4453125 0.0509033203125 0.08123779296875
3 0.6145833333333334 0.55126953125 0.051106770833333336 0.07965087890625
3 0.5110677083333334 0.452392578125 0.050699869791666664 0.0810546875
3 0.5377604166666666 0.66259765625 0.049112955729166664 0.08154296875
3 0.4440104166666667 0.669921875 0.04931640625 0.079345703125
3 0.63671875 0.763671875 0.0504150390625 0.08538818359375
3 0.4322916666666667 0.564453125 0.0504150390625 0.07977294921875
4 0.2887369791666667 0.5498046875 0.11759440104166667 0.044769287109375
4 0.09269205729166667 0.49853515625 0.12361653645833333 0.0439453125
4 0.2911783854166667 0.60791015625 0.1142578125 0.045257568359375
4 0.28466796875 0.4921875 0.11971028645833333 0.044281005859375
5 0.8033854166666666 0.626953125 0.087646484375 0.0855712890625
2 0.7005208333333334 0.6796875 0.040059407552083336 0.06646728515625
4 0.2937825520833333 0.66357421875 0.11572265625 0.043701171875
3 0.4554036458333333 0.77294921875 0.0484619140625 0.0809326171875
4 0.10506184895833333 0.72509765625 0.12361653645833333 0.0457763671875
3 0.5485026041666666 0.7685546875 0.0491943359375 0.08282470703125
4 0.103515625 0.6103515625 0.12467447916666667 0.044677734375
0 0.4488932291666667 0.2313232421875 0.10074869791666667 0.0948486328125
5 0.90625 0.609375 0.09220377604166667 0.0869140625
5 0.8782552083333334 0.521484375 0.0947265625 0.0831298828125
5 0.72265625 0.35693359375 0.09041341145833333 0.08447265625
5 0.82421875 0.343017578125 0.10042317708333333 0.0802001953125
4 0.2986653645833333 0.720703125 0.12101236979166667 0.0460205078125
4 0.08943684895833333 0.55712890625 0.11165364583333333 0.036346435546875
0 0.5231119791666666 0.27490234375 0.10538736979166667 0.09234619140625
5 0.8502604166666666 0.432861328125 0.10074869791666667 0.0836181640625
4 0.103515625 0.6689453125 0.1240234375 0.045013427734375
5 0.7766927083333334 0.53857421875 0.09025065104166667 0.08331298828125
5 0.8001302083333334 0.252685546875 0.095458984375 0.092529296875
5 0.7024739583333334 0.272705078125 0.09236653645833333 0.09600830078125
3 0.5257161458333334 0.55810546875 0.0491943359375 0.0782470703125
5 0.7513020833333334 0.451171875 0.08683268229166667 0.0830078125
1 0.3869047619047617 0.884176587301587 0.05070546737213409 0.055390211640211566
1 0.3046875 0.88525390625 0.0482177734375 0.05780029296875