3 0.3824869791666667 0.5927734375 0.0721435546875 0.07421875
3 0.515625 0.533203125 0.06888834635416667 0.06951904296875
3 0.318359375 0.68310546875 0.0748291015625 0.07965087890625
3 0.4407552083333333 0.51025390625 0.068603515625 0.06927490234375
5 0.3961588541666667 0.235107421875 0.0533447265625 0.06964111328125
3 0.58984375 0.556640625 0.06722005208333333 0.06903076171875
3 0.5354817708333334 0.6455078125 0.06937662760416667 0.07794189453125
3 0.4772135416666667 0.7421875 0.07470703125 0.0830078125
5 0.607421875 0.35302734375 0.0687255859375 0.0784912109375
3 0.4586588541666667 0.619140625 0.07173665364583333 0.07501220703125
3 0.6416015625 0.47216796875 0.06465657552083333 0.06695556640625
4 0.3824869791666667 0.410400390625 0.09073893229166667 0.053192138671875
5 0.4348958333333333 0.297119140625 0.053751627604166664 0.06585693359375
5 0.31982421875 0.2088623046875 0.054768880208333336 0.0740966796875
5 0.5595703125 0.278564453125 0.0628662109375 0.07318115234375
4 0.2745768229166667 0.331787109375 0.09025065104166667 0.051177978515625
5 0.3544921875 0.275634765625 0.051961263020833336 0.06719970703125
4 0.3486328125 0.45263671875 0.094970703125 0.0546875
3 0.5696614583333334 0.454345703125 0.0684814453125 0.06854248046875
4 0.24267578125 0.37548828125 0.09236653645833333 0.0531005859375
4 0.27880859375 0.53271484375 0.092529296875 0.05780029296875
1 0.751953125 0.47021484375 0.060587565104166664 0.03314208984375
3 0.3977864583333333 0.7138671875 0.07413736979166667 0.0816650390625
2 0.7923177083333334 0.43115234375 0.07625325520833333 0.04681396484375
5 0.6429036458333334 0.297119140625 0.061279296875 0.06866455078125
0 0.7662760416666666 0.35205078125 0.07893880208333333 0.0635986328125
5 0.27880859375 0.250244140625 0.0557861328125 0.06951904296875
4 0.17740885416666666 0.4462890625 0.09700520833333333 0.055816650390625
5 0.4752604166666667 0.257080078125 0.054646809895833336 0.06829833984375
4 0.4095052083333333 0.375244140625 0.089599609375 0.051177978515625
4 0.14225260416666666 0.48486328125 0.09684244791666667 0.05291748046875
3 0.4957682291666667 0.4306640625 0.06648763020833333 0.06512451171875
1 0.7428385416666666 0.5234375 0.06551106770833333 0.034881591796875
4 0.3167317708333333 0.49560546875 0.09700520833333333 0.05511474609375
4 0.21451822916666666 0.40478515625 0.086669921875 0.049224853515625
0 0.8326822916666666 0.3818359375 0.07820638020833333 0.057586669921875
5 0.5169270833333334 0.325439453125 0.050699869791666664 0.06719970703125