3 0.5504557291666666 0.6630859375 0.0523681640625 0.06524658203125
3 0.517578125 0.5654296875 0.052937825520833336 0.058349609375
3 0.4417317708333333 0.7314453125 0.0565185546875 0.06805419921875
3 0.4710286458333333 0.841796875 0.059041341145833336 0.0753173828125
3 0.3232421875 0.798828125 0.0596923828125 0.07196044921875
3 0.4827473958333333 0.64697265625 0.055908203125 0.06427001953125
3 0.412109375 0.62646484375 0.05517578125 0.0633544921875
3 0.5120442708333334 0.75 0.055501302083333336 0.06866455078125
3 0.3697916666666667 0.7109375 0.05859375 0.06829833984375
3 0.3981119791666667 0.8203125 0.059122721354166664 0.07196044921875
3 0.587890625 0.58203125 0.050984700520833336 0.058563232421875
4 0.3414713541666667 0.5419921875 0.0799560546875 0.040008544921875
3 0.4527994791666667 0.5478515625 0.054239908854166664 0.05706787109375
4 0.3125 0.58447265625 0.08219401041666667 0.0374755859375
2 0.55859375 0.7880859375 0.048380533854166664 0.06256103515625
4 0.232421875 0.71142578125 0.08251953125 0.04534912109375
5 0.6868489583333334 0.6201171875 0.08894856770833333 0.0633544921875
5 0.751953125 0.78369140625 0.09285481770833333 0.060302734375
4 0.2596028645833333 0.6689453125 0.086669921875 0.04302978515625
4 0.2869466145833333 0.62744140625 0.083251953125 0.038177490234375
4 0.11865234375 0.62646484375 0.08174641927083333 0.039947509765625
5 0.759765625 0.705078125 0.10506184895833333 0.06854248046875
1 0.20914713541666666 0.876953125 0.050333658854166664 0.051666259765625
5 0.6770833333333334 0.69189453125 0.08414713541666667 0.055511474609375
0 0.5657552083333334 0.413330078125 0.091064453125 0.0489501953125
4 0.17887369791666666 0.544921875 0.08447265625 0.0413818359375
5 0.71484375 0.4833984375 0.0775146484375 0.050048828125
4 0.15250651041666666 0.58544921875 0.08463541666666667 0.042877197265625
5 0.7942708333333334 0.4921875 0.08479817708333333 0.0489501953125
1 0.1455078125 0.84912109375 0.060139973958333336 0.048126220703125
5 0.705078125 0.54833984375 0.086669921875 0.054595947265625
5 0.6591796875 0.7705078125 0.086181640625 0.058441162109375
4 0.20735677083333334 0.50634765625 0.085693359375 0.0401611328125
5 0.78125 0.56201171875 0.09879557291666667 0.057708740234375
0 0.5966796875 0.452392578125 0.08601888020833333 0.04876708984375
5 0.7734375 0.63330078125 0.08146158854166667 0.04681396484375
4 0.08699544270833333 0.666015625 0.08219401041666667 0.04168701171875