3 0.45182208994708994 0.7631845238095237 0.07694444444444444 0.06042410714285714
4 0.3795568783068783 0.6982415674603174 0.06526785714285714 0.06143105158730159
4 0.27653108465608467 0.5288095238095237 0.09041335978835979 0.03533978174603175
1 0.3103835978835979 0.6386731150793651 0.0482175925925926 0.044434523809523806
4 0.42350198412698414 0.4472668650793651 0.07751322751322752 0.03430059523809524
2 0.3356117724867725 0.7861334325396826 0.08943783068783068 0.04568452380952381
4 0.2786474867724868 0.49145585317460316 0.08634589947089948 0.03622519841269841
4 0.4208994708994709 0.4140625 0.07540013227513227 0.03179811507936508
3 0.5110681216931217 0.8417981150793651 0.08764550264550265 0.0784920634920635
5 0.5263657407407407 0.3884275793650794 0.059368386243386244 0.05758680555555556
3 0.765625 0.8442385912698412 0.09285383597883598 0.08740327380952381
3 0.6796891534391535 0.7993154761904763 0.08544973544973544 0.07891865079365079
3 0.8404960317460317 0.6337896825396826 0.07791997354497354 0.06768849206349206
5 0.38476521164021166 0.6557614087301588 0.10351521164021163 0.036773313492063496
4 0.27734457671957674 0.42456101190476186 0.0792228835978836 0.032896825396825397
3 0.8476554232804233 0.7514657738095237 0.08357804232804233 0.07904017857142857
3 0.6044907407407407 0.7529290674603174 0.0841468253968254 0.07147321428571429
4 0.4274074074074074 0.48120039682539684 0.08056547619047619 0.03527777777777778
3 0.7643220899470899 0.6000967261904763 0.07458333333333333 0.06152281746031746
3 0.9257804232804233 0.6674801587301588 0.08219246031746032 0.07122767857142857
4 0.27392526455026456 0.56640625 0.0925297619047619 0.04016121031746032
3 0.6861970899470899 0.6733407738095237 0.07649801587301587 0.0668328373015873
3 0.5878902116402116 0.8925793650793651 0.09187830687830686 0.08709821428571429
3 0.7623710317460317 0.7124032738095237 0.08084986772486773 0.07226686507936508
4 0.2778306878306878 0.45678819444444446 0.08219246031746032 0.033722718253968255
0 0.19970568783068782 0.73046875 0.11181547619047619 0.03302083333333333
5 0.5989583333333334 0.61328125 0.08113756613756615 0.07519593253968254
5 0.6201157407407407 0.42846726190476186 0.0694973544973545 0.06304811507936509
5 0.6637367724867725 0.5327157738095237 0.07458333333333333 0.0784920634920635
5 0.5989583333333334 0.38012648809523814 0.06071097883597884 0.0528249007936508
5 0.5439451058201058 0.43872023809523814 0.05891865079365079 0.053008432539682536
0 0.13541666666666666 0.6552728174603174 0.08781084656084656 0.06927579365079364
5 0.5791005291005291 0.55078125 0.07389219576719576 0.07122767857142857
5 0.5615244708994709 0.4916989087301587 0.0637202380952381 0.05877728174603175
5 0.6416005291005291 0.47973710317460316 0.07185846560846561 0.06408730158730158
4 0.43033730158730155 0.5175793650793651 0.08357804232804233 0.0371999007936508
1 0.48831679894179897 0.6799776785714285 0.050704365079365085 0.04546875