0 0.45436507936507936 0.45969742063492064 0.09259259259259259 0.06473214285714286
3 0.4322089947089947 0.7730654761904762 0.10978835978835978 0.040674603174603176
2 0.12582671957671956 0.6527777777777778 0.045304232804232805 0.06746031746031746
3 0.4168320105820106 0.634796626984127 0.10284391534391535 0.03844246031746032
3 0.828042328042328 0.6116071428571429 0.11044973544973545 0.03968253968253968
3 0.42509920634920634 0.7025049603174603 0.10615079365079365 0.04241071428571429
3 0.5712632275132276 0.7650049603174603 0.10747354497354497 0.040426587301587304
1 0.2648809523809524 0.6468253968253969 0.046957671957671955 0.050595238095238096
3 0.5620039682539683 0.6935763888888888 0.10681216931216932 0.043402777777777776
5 0.5697751322751323 0.21329365079365079 0.05489417989417989 0.08779761904761904
3 0.7098214285714286 0.7560763888888888 0.1087962962962963 0.04141865079365079
3 0.6898148148148148 0.6180555555555556 0.10648148148148148 0.040674603174603176
3 0.8354828042328042 0.6765873015873016 0.11342592592592593 0.042162698412698416
5 0.8445767195767195 0.34759424603174605 0.06547619047619048 0.08854166666666667
1 0.18303571428571427 0.6434771825396826 0.04794973544973545 0.04935515873015873
3 0.8500330687830688 0.7488839285714286 0.11144179894179894 0.04141865079365079
5 0.6570767195767195 0.259796626984127 0.06415343915343916 0.0900297619047619
3 0.5539021164021164 0.6267361111111112 0.10449735449735449 0.039186507936507936
5 0.5152116402116402 0.26872519841269843 0.056216931216931214 0.08854166666666667
5 0.746031746031746 0.30617559523809523 0.06481481481481481 0.08705357142857142
3 0.6984126984126984 0.6848958333333334 0.10648148148148148 0.04092261904761905
5 0.6031746031746031 0.3175843253968254 0.05952380952380952 0.09102182539682539
4 0.09077380952380952 0.49615575396825395 0.12136243386243387 0.04290674603174603
4 0.1013558201058201 0.28757440476190477 0.11011904761904762 0.0339781746031746
4 0.2810846560846561 0.33742559523809523 0.10582010582010581 0.03447420634920635
4 0.2804232804232804 0.2826140873015873 0.10383597883597884 0.03298611111111111
5 0.6941137566137566 0.36061507936507936 0.06547619047619048 0.08680555555555555
4 0.09507275132275132 0.4429563492063492 0.11871693121693122 0.037698412698412696
5 0.9406415343915344 0.39248511904761907 0.06117724867724868 0.08854166666666667
4 0.09689153439153439 0.3897569444444444 0.11441798941798942 0.03546626984126984
4 0.2802579365079365 0.39037698412698413 0.10747354497354497 0.03571428571428571
5 0.7888558201058201 0.4076140873015873 0.05787037037037037 0.08854166666666667
5 0.8859126984126984 0.453125 0.05886243386243386 0.08928571428571429
4 0.09904100529100529 0.3384176587301587 0.11011904761904762 0.0339781746031746
4 0.2761243386243386 0.4905753968253968 0.1111111111111111 0.034722222222222224
4 0.27744708994708994 0.4398561507936508 0.10714285714285714 0.0339781746031746
0 0.5133463541666666 0.51025390625 0.094970703125 0.06903076171875