4 0.4117063492063492 0.699156746031746 0.10714285714285714 0.09375
2 0.5732473544973545 0.8081597222222222 0.08961640211640212 0.0974702380952381
0 0.2824074074074074 0.8268849206349206 0.16203703703703703 0.07787698412698413
1 0.3525132275132275 0.6561259920634921 0.09656084656084656 0.045882936507936505
5 0.1597222222222222 0.5698164682539683 0.1488095238095238 0.04290674603174603
1 0.23429232804232805 0.6199156746031746 0.08895502645502645 0.03844246031746032
3 0.22558531746031746 0.67578125 0.14347222222222222 0.055602678571428574
3 0.5494808201058201 0.43627976190476186 0.13737103174603174 0.07092261904761904
3 0.5022784391534392 0.5141592261904763 0.13737103174603174 0.07275297619047619
3 0.3395171957671958 0.46240327380952384 0.1310218253968254 0.06964037698412699
3 0.7070304232804233 0.48559523809523814 0.13737103174603174 0.07263144841269842
3 0.45442791005291006 0.5927728174603174 0.13834656084656086 0.07531746031746032
3 0.6656911375661375 0.5678720238095237 0.1403009259259259 0.0758655753968254
3 0.8398445767195767 0.6235342261904763 0.15039021164021163 0.07989583333333333
3 0.38834656084656083 0.38671875 0.13305555555555557 0.07055555555555557
3 0.2858068783068783 0.5419915674603174 0.13289351851851852 0.07287698412698412
3 0.6227215608465608 0.6489260912698412 0.1403009259259259 0.07531746031746032
3 0.8053373015873017 0.7099603174603174 0.14729828042328041 0.08007936507936508