3 0.15046296296296297 0.7279265873015873 0.051587301587301584 0.07787698412698413
3 0.23346560846560846 0.5357142857142857 0.04563492063492063 0.06646825396825397
3 0.15906084656084657 0.45622519841269843 0.04298941798941799 0.06324404761904762
3 0.23032407407407407 0.7239583333333334 0.04728835978835979 0.07589285714285714
2 0.6759259259259259 0.8046875 0.05092592592592592 0.06820436507936507
3 0.2318121693121693 0.6267361111111112 0.046296296296296294 0.07192460317460317
3 0.15608465608465608 0.5407986111111112 0.046957671957671955 0.06870039682539683
3 0.23429232804232805 0.4503968253968254 0.0419973544973545 0.06299603174603174
1 0.30654761904761907 0.8506944444444444 0.04894179894179894 0.051587301587301584
3 0.15178571428571427 0.6313244047619048 0.0496031746031746 0.0716765873015873
3 0.08548280423280423 0.4583333333333333 0.044642857142857144 0.06349206349206349
3 0.07837301587301587 0.5438988095238095 0.04828042328042328 0.06746031746031746
3 0.07192460317460317 0.634796626984127 0.05257936507936508 0.0726686507936508
3 0.06283068783068783 0.7328869047619048 0.05291005291005291 0.07787698412698413
5 0.7359457671957672 0.4544890873015873 0.08961640211640212 0.07118055555555555
4 0.5329034391534392 0.636656746031746 0.10615079365079365 0.03869047619047619
1 0.37781084656084657 0.8179563492063492 0.0539021164021164 0.04662698412698413
4 0.5348875661375662 0.6879960317460317 0.10615079365079365 0.04017857142857143
5 0.7222222222222222 0.38504464285714285 0.082010582010582 0.06969246031746032
5 0.7008928571428571 0.6842757936507936 0.08035714285714286 0.07291666666666667
5 0.6412037037037037 0.3896329365079365 0.082010582010582 0.06994047619047619
4 0.5307539682539683 0.5871775793650794 0.10449735449735449 0.03794642857142857
5 0.6501322751322751 0.4599454365079365 0.08796296296296297 0.0716765873015873
5 0.7729828042328042 0.5973462301587301 0.0882936507936508 0.07663690476190477
4 0.3621031746031746 0.49528769841269843 0.10251322751322751 0.036210317460317464
5 0.7534722222222222 0.5243055555555556 0.08498677248677249 0.07341269841269842
4 0.3609457671957672 0.5889136904761905 0.10615079365079365 0.034970238095238096
4 0.35730820105820105 0.6923363095238095 0.10945767195767196 0.040426587301587304
5 0.6808862433862434 0.605406746031746 0.083994708994709 0.07390873015873016
4 0.35896164021164023 0.6397569444444444 0.1087962962962963 0.03943452380952381
4 0.5257936507936508 0.4905753968253968 0.09788359788359788 0.03571428571428571
4 0.529431216931217 0.5391865079365079 0.10185185185185185 0.03670634920634921
5 0.6663359788359788 0.5305059523809523 0.082010582010582 0.07192460317460317
0 0.5988756613756614 0.8015873015873016 0.04497354497354497 0.09821428571428571
0 0.5115740740740741 0.7993551587301587 0.04431216931216931 0.09672619047619048
5 0.7934854497354498 0.6759672619047619 0.08234126984126984 0.0726686507936508
4 0.3601190476190476 0.541046626984127 0.10119047619047619 0.034970238095238096