3 0.5113932291666666 0.7587890625 0.092529296875 0.054901123046875
3 0.66015625 0.7802734375 0.09220377604166667 0.051544189453125
3 0.5426432291666666 0.82421875 0.09269205729166667 0.055511474609375
3 0.7708333333333334 0.73876953125 0.08748372395833333 0.048583984375
3 0.8743489583333334 0.7001953125 0.08683268229166667 0.04803466796875
3 0.5771484375 0.8876953125 0.09806315104166667 0.0616455078125
3 0.6292317708333334 0.71875 0.090576171875 0.050994873046875
3 0.6966145833333334 0.8427734375 0.09611002604166667 0.057373046875
3 0.8040364583333334 0.798828125 0.09269205729166667 0.054290771484375
3 0.7408854166666666 0.67919921875 0.08976236979166667 0.047149658203125
3 0.9114583333333334 0.75732421875 0.08927408854166667 0.0509033203125
1 0.541015625 0.67236328125 0.045206705729166664 0.0504150390625
0 0.4137369791666667 0.6171875 0.08341471354166667 0.0830078125
5 0.21207682291666666 0.5576171875 0.0721435546875 0.09234619140625
3 0.5784505208333334 0.58349609375 0.08797200520833333 0.04132080078125
4 0.501953125 0.66552734375 0.0465087890625 0.06805419921875
0 0.341796875 0.51171875 0.08357747395833333 0.06597900390625
2 0.3675130208333333 0.42333984375 0.07132975260416667 0.0482177734375
5 0.18538411458333334 0.6669921875 0.07267252604166667 0.0987548828125
5 0.2703450520833333 0.6279296875 0.06949869791666667 0.09039306640625
5 0.3302408854166667 0.69775390625 0.06937662760416667 0.09771728515625
5 0.15543619791666666 0.48876953125 0.07027180989583333 0.08404541015625
5 0.4501953125 0.56201171875 0.09326171875 0.0574951171875
5 0.12491861979166667 0.5966796875 0.07552083333333333 0.09503173828125
4 0.4156901041666667 0.380615234375 0.08146158854166667 0.060089111328125
5 0.3074544270833333 0.8193359375 0.07470703125 0.11260986328125
5 0.24462890625 0.7421875 0.07470703125 0.10211181640625
5 0.06697591145833333 0.5224609375 0.07442220052083333 0.093017578125
4 0.4583333333333333 0.4150390625 0.08158365885416667 0.0631103515625
4 0.6142578125 0.37158203125 0.07853190104166667 0.056854248046875
4 0.568359375 0.339111328125 0.07779947916666667 0.05633544921875
1 0.76171875 0.5546875 0.058349609375 0.036163330078125
4 0.65625 0.399169921875 0.07666015625 0.0582275390625
4 0.5055338541666666 0.44384765625 0.07792154947916667 0.060760498046875
4 0.599609375 0.51025390625 0.0826416015625 0.059539794921875
4 0.5533854166666666 0.4775390625 0.07967122395833333 0.060211181640625
4 0.5257161458333334 0.305908203125 0.07666015625 0.0552978515625