3 0.6126302083333334 0.7734375 0.10262044270833333 0.047088623046875
3 0.6337890625 0.845703125 0.10904947916666667 0.051666259765625
3 0.7233072916666666 0.69140625 0.10148111979166667 0.04010009765625
3 0.4798177083333333 0.79296875 0.10465494791666667 0.0472412109375
2 0.6337890625 0.63671875 0.08235677083333333 0.03314208984375
3 0.7747395833333334 0.82568359375 0.11002604166666667 0.049407958984375
3 0.4934895833333333 0.86474609375 0.10677083333333333 0.0531005859375
3 0.595703125 0.708984375 0.0986328125 0.043853759765625
3 0.74609375 0.7548828125 0.10026041666666667 0.04345703125
3 0.8795572916666666 0.73583984375 0.10636393229166667 0.04083251953125
3 0.4651692708333333 0.724609375 0.09847005208333333 0.045013427734375
5 0.14599609375 0.5166015625 0.057820638020833336 0.07904052734375
5 0.2669270833333333 0.5263671875 0.054361979166666664 0.078369140625
0 0.7083333333333334 0.609375 0.088623046875 0.081787109375
5 0.21044921875 0.483642578125 0.051595052083333336 0.07183837890625
4 0.4488932291666667 0.373046875 0.059895833333333336 0.056243896484375
4 0.3567708333333333 0.448974609375 0.068115234375 0.061309814453125
4 0.4993489583333333 0.5146484375 0.06526692708333333 0.06268310546875
3 0.9114583333333334 0.80517578125 0.11287434895833333 0.046630859375
3 0.8522135416666666 0.67333984375 0.10205078125 0.040679931640625
0 0.7747395833333334 0.5791015625 0.088623046875 0.079345703125
5 0.3172200520833333 0.662109375 0.061604817708333336 0.090576171875
5 0.255859375 0.6171875 0.058349609375 0.0830078125
4 0.4020182291666667 0.468505859375 0.06746419270833333 0.061767578125
5 0.3243815104166667 0.5712890625 0.055501302083333336 0.08197021484375
4 0.5423177083333334 0.5341796875 0.06697591145833333 0.06646728515625
4 0.4479166666666667 0.49072265625 0.06949869791666667 0.06475830078125
5 0.20182291666666666 0.56494140625 0.058268229166666664 0.0775146484375
4 0.4921875 0.39208984375 0.059366861979166664 0.0560302734375
4 0.5406901041666666 0.4140625 0.0595703125 0.05987548828125
5 0.162353515625 0.438232421875 0.052652994791666664 0.0740966796875
5 0.38671875 0.6201171875 0.053059895833333336 0.08465576171875
4 0.6321614583333334 0.44970703125 0.068359375 0.06561279296875
5 0.09562174479166667 0.470947265625 0.061482747395833336 0.0753173828125
4 0.5807291666666666 0.43212890625 0.061848958333333336 0.060089111328125
1 0.3639322916666667 0.84765625 0.057698567708333336 0.056640625
1 0.3046875 0.81005859375 0.05859375 0.0521240234375