3 0.6585286458333334 0.86962890625 0.13525390625 0.07196044921875
3 0.17122395833333334 0.845703125 0.11905924479166667 0.06451416015625
3 0.630859375 0.9599609375 0.14078776041666666 0.0743408203125
4 0.5856119791666666 0.3291015625 0.09806315104166667 0.044769287109375
3 0.21533203125 0.7666015625 0.11800130208333333 0.06109619140625
3 0.3116861979166667 0.88232421875 0.12491861979166667 0.0699462890625
4 0.5901692708333334 0.37255859375 0.10026041666666667 0.04681396484375
3 0.6803385416666666 0.7841796875 0.13289388020833334 0.06585693359375
3 0.3792317708333333 0.71875 0.11905924479166667 0.058135986328125
3 0.5234375 0.7490234375 0.12361653645833333 0.061309814453125
4 0.4169921875 0.4873046875 0.10636393229166667 0.04400634765625
0 0.5891927083333334 0.64697265625 0.057291666666666664 0.10797119140625
3 0.4654947916666667 0.9208984375 0.13142903645833334 0.073974609375
4 0.595703125 0.42333984375 0.102783203125 0.044921875
4 0.4140625 0.392333984375 0.10245768229166667 0.0457763671875
5 0.153564453125 0.4140625 0.09375 0.0765380859375
4 0.6090494791666666 0.51416015625 0.11083984375 0.05126953125
4 0.4134114583333333 0.351318359375 0.10148111979166667 0.04443359375
0 0.6881510416666666 0.64404296875 0.061971028645833336 0.11395263671875
4 0.5999348958333334 0.46435546875 0.10481770833333333 0.0489501953125
4 0.4153645833333333 0.43701171875 0.10294596354166667 0.045867919921875
3 0.4983723958333333 0.83203125 0.12939453125 0.06585693359375
5 0.21354166666666666 0.272216796875 0.08634440104166667 0.07208251953125
3 0.3515625 0.7978515625 0.12556966145833334 0.0634765625
5 0.133056640625 0.28857421875 0.087158203125 0.07171630859375
5 0.145263671875 0.351318359375 0.09635416666666667 0.07574462890625
5 0.24104817708333334 0.397216796875 0.09562174479166667 0.07794189453125
5 0.2674153645833333 0.53564453125 0.10791015625 0.08648681640625
2 0.4840494791666667 0.646484375 0.09342447916666667 0.049407958984375
5 0.166015625 0.48095703125 0.10115559895833333 0.0816650390625
3 0.24267578125 0.69189453125 0.11165364583333333 0.0526123046875
5 0.22819010416666666 0.334716796875 0.090576171875 0.0738525390625
5 0.17496744791666666 0.5537109375 0.10970052083333333 0.08270263671875
4 0.4156901041666667 0.533203125 0.11263020833333333 0.05389404296875
5 0.2522786458333333 0.464111328125 0.09969075520833333 0.0831298828125
1 0.74609375 0.3515625 0.07649739583333333 0.034759521484375
1 0.7571614583333334 0.397216796875 0.07108561197916667 0.03607177734375