3 0.7587632275132276 0.6716269841269841 0.06580687830687831 0.05853174603174603
3 0.8108465608465608 0.7411954365079365 0.07407407407407407 0.06324404761904762
3 0.8055555555555556 0.8355654761904762 0.07936507936507936 0.07490079365079365
3 0.9285714285714286 0.8012152777777778 0.08002645502645503 0.07018849206349206
3 0.6264880952380952 0.6778273809523809 0.07308201058201058 0.04365079365079365
3 0.652281746031746 0.7635168650793651 0.07705026455026455 0.04935515873015873
3 0.7693452380952381 0.5964781746031746 0.06117724867724868 0.054563492063492064
4 0.45023148148148145 0.591765873015873 0.07506613756613757 0.043154761904761904
4 0.3986441798941799 0.6558779761904762 0.08101851851851852 0.04836309523809524
4 0.2781084656084656 0.6099950396825397 0.07671957671957672 0.047371031746031744
4 0.21461640211640212 0.6741071428571429 0.08134920634920635 0.053075396825396824
4 0.48478835978835977 0.7731894841269841 0.07076719576719577 0.056299603174603176
4 0.3323412698412698 0.5530753968253969 0.07076719576719577 0.042162698412698416
4 0.24837239583333334 0.6416015625 0.07694498697916667 0.043853759765625
4 0.3056640625 0.580078125 0.07145182291666667 0.039276123046875
3 0.8671875 0.82080078125 0.0677490234375 0.06927490234375
3 0.748046875 0.75634765625 0.054158528645833336 0.0635986328125
4 0.4267578125 0.62060546875 0.07442220052083333 0.042388916015625
3 0.8177083333333334 0.658203125 0.0596923828125 0.053802490234375
3 0.7018229166666666 0.68212890625 0.052652994791666664 0.05560302734375
3 0.8684895833333334 0.7265625 0.0638427734375 0.059967041015625
4 0.58984375 0.74462890625 0.04144287109375 0.060760498046875