2 0.5864748677248677 0.8050595238095238 0.07506613756613757 0.04365079365079365
4 0.656084656084656 0.5731646825396826 0.051587301587301584 0.05853174603174603
5 0.273478835978836 0.5636160714285714 0.04828042328042328 0.06076388888888889
4 0.808531746031746 0.7008928571428571 0.04497354497354497 0.06498015873015874
4 0.6965939153439153 0.8344494047619048 0.08432539682539683 0.04389880952380952
5 0.874834656084656 0.8142361111111112 0.06382275132275132 0.07093253968253968
5 0.43187830687830686 0.6381448412698413 0.04828042328042328 0.07043650793650794
1 0.8549933862433863 0.9278273809523809 0.07374338624338625 0.04365079365079365
4 0.6049933862433863 0.560515873015873 0.04662698412698413 0.057539682539682536
4 0.7099867724867724 0.5845734126984127 0.046296296296296294 0.05853174603174603
0 0.7139550264550265 0.9320436507936508 0.10582010582010581 0.07837301587301587
4 0.7619047619047619 0.5946180555555556 0.04497354497354497 0.05828373015873016
5 0.42063492063492064 0.7275545634920635 0.05489417989417989 0.08010912698412699
4 0.8153108465608465 0.6016865079365079 0.04398148148148148 0.05803571428571429
4 0.6304563492063492 0.6638144841269841 0.05125661375661376 0.05927579365079365
4 0.687665343915344 0.6774553571428571 0.045304232804232805 0.05927579365079365
1 0.6668320105820106 0.734375 0.04265873015873016 0.047619047619047616
5 0.3191137566137566 0.6174355158730159 0.05489417989417989 0.06820436507936507
5 0.48644179894179895 0.6892361111111112 0.04497354497354497 0.0744047619047619
5 0.38293650793650796 0.5892857142857143 0.05092592592592592 0.06547619047619048
0 0.7700066137566137 0.7523561507936508 0.09556878306878307 0.041914682539682536
5 0.36772486772486773 0.6697668650793651 0.052248677248677246 0.07316468253968254
4 0.7495039682539683 0.6892361111111112 0.0419973544973545 0.059027777777777776
5 0.3374669312169312 0.5391865079365079 0.044642857142857144 0.05952380952380952
5 0.4798280423280423 0.7854662698412699 0.04894179894179894 0.08085317460317461
3 0.2752278645833333 0.93505859375 0.08479817708333333 0.0704345703125
3 0.23974609375 0.70849609375 0.07014973958333333 0.05706787109375
3 0.10563151041666667 0.68994140625 0.0684814453125 0.0552978515625
3 0.31884765625 0.7685546875 0.07499186197916667 0.059326171875
3 0.255859375 0.81494140625 0.07722981770833333 0.06292724609375
3 0.17789713541666666 0.75048828125 0.07161458333333333 0.05987548828125
3 0.5830078125 0.89306640625 0.057088216145833336 0.07464599609375
3 0.3401692708333333 0.884765625 0.08146158854166667 0.070068359375
3 0.16731770833333334 0.65283203125 0.06697591145833333 0.0546875
3 0.404296875 0.8349609375 0.08158365885416667 0.06512451171875
3 0.19124779541446194 0.85896164021164 0.07826278659611996 0.06448412698412699
3 0.11149088541666667 0.791015625 0.07470703125 0.062103271484375