3 0.6770833333333334 0.5252976190476191 0.08895502645502645 0.04265873015873016
3 0.6458333333333334 0.566344246031746 0.08796296296296297 0.04290674603174603
4 0.6240079365079365 0.6904761904761905 0.06812169312169312 0.062003968253968256
3 0.6964285714285714 0.6682787698412699 0.09060846560846561 0.037450396825396824
3 0.759755291005291 0.6010664682539683 0.09292328042328042 0.046875
3 0.9049272486772487 0.5895337301587301 0.1001984126984127 0.04861111111111111
4 0.3480489417989418 0.6871279761904762 0.1001984126984127 0.05084325396825397
3 0.7870370370370371 0.5561755952380952 0.09259259259259259 0.04389880952380952
4 0.3630952380952381 0.7356150793650794 0.10251322751322751 0.049107142857142856
4 0.33118386243386244 0.642609126984127 0.09490740740740741 0.046130952380952384
3 0.8816137566137566 0.6391369047619048 0.10383597883597884 0.05009920634920635
4 0.17162698412698413 0.683655753968254 0.10119047619047619 0.04439484126984127
4 0.20502645502645503 0.8820684523809523 0.09193121693121693 0.048859126984126984
3 0.8133267195767195 0.5090525793650794 0.09093915343915344 0.044890873015873016
4 0.19130291005291006 0.7746775793650794 0.10416666666666667 0.04935515873015873
4 0.1789021164021164 0.7269345238095238 0.10119047619047619 0.04712301587301587
4 0.20023148148148148 0.8293650793650794 0.10085978835978836 0.05109126984126984
3 0.705026455026455 0.47978670634920634 0.08597883597883597 0.041914682539682536
3 0.927734375 0.5400390625 0.09684244791666667 0.04534912109375
3 0.60546875 0.45166015625 0.07694498697916667 0.03948974609375
4 0.5748697916666666 0.78564453125 0.039306640625 0.0765380859375
3 0.5813802083333334 0.60888671875 0.08390299479166667 0.039337158203125