3 0.24365234375 0.591796875 0.0509033203125 0.06903076171875
3 0.2646484375 0.34814453125 0.04296875 0.055816650390625
3 0.3014322916666667 0.496826171875 0.046875 0.06280517578125
3 0.22770182291666666 0.5078125 0.048299153645833336 0.06451416015625
3 0.3232421875 0.578125 0.050699869791666664 0.06732177734375
3 0.21223958333333334 0.429443359375 0.044718424479166664 0.059326171875
3 0.3736979166666667 0.482421875 0.046590169270833336 0.061767578125
3 0.3968098958333333 0.5625 0.0496826171875 0.06549072265625
3 0.19694010416666666 0.358154296875 0.044352213541666664 0.05706787109375
3 0.3323567708333333 0.3349609375 0.044189453125 0.05706787109375
4 0.3515625 0.84814453125 0.061726888020833336 0.09234619140625
3 0.3522135416666667 0.406494140625 0.046875 0.060760498046875
4 0.3997395833333333 0.697265625 0.056966145833333336 0.080810546875
4 0.3365885416666667 0.70458984375 0.057698567708333336 0.081787109375
3 0.2825520833333333 0.420654296875 0.044962565104166664 0.05889892578125
4 0.421875 0.8388671875 0.061604817708333336 0.093505859375
0 0.8489583333333334 0.744140625 0.057942708333333336 0.09027099609375
4 0.4905598958333333 0.83349609375 0.06103515625 0.09552001953125
4 0.2799479166666667 0.8544921875 0.06563313802083333 0.09332275390625
4 0.20784505208333334 0.8623046875 0.062296549479166664 0.09320068359375
4 0.2701822916666667 0.71044921875 0.056640625 0.08416748046875
0 0.765625 0.7548828125 0.0545654296875 0.09075927734375
2 0.7903645833333334 0.86328125 0.048014322916666664 0.07464599609375
4 0.4638671875 0.6904296875 0.047648111979166664 0.0726318359375
5 0.4921875 0.401123046875 0.07853190104166667 0.07330322265625
5 0.5029296875 0.21630859375 0.0628662109375 0.06231689453125
5 0.4303385416666667 0.227294921875 0.07552083333333333 0.06817626953125
5 0.6044921875 0.44873046875 0.08235677083333333 0.0751953125
5 0.4749348958333333 0.340576171875 0.0704345703125 0.071044921875
5 0.4521484375 0.28515625 0.07552083333333333 0.07135009765625
5 0.5283203125 0.275634765625 0.07401529947916667 0.06951904296875
5 0.5511067708333334 0.329833984375 0.07893880208333333 0.07354736328125
5 0.5735677083333334 0.394775390625 0.0635986328125 0.050048828125
4 0.19694010416666666 0.71728515625 0.0452880859375 0.07159423828125
1 0.5634765625 0.59765625 0.039306640625 0.046478271484375
1 0.6360677083333334 0.59228515625 0.039835611979166664 0.044586181640625
5 0.5231119791666666 0.4677734375 0.08544921875 0.07421875