2 0.44563822751322746 0.6782217261904763 0.07320105820105821 0.045195932539682536
1 0.42773478835978834 0.7163095238095237 0.06937499999999999 0.03775049603174603
4 0.5553373015873015 0.6542981150793651 0.08447420634920634 0.042328869047619046
3 0.7682308201058201 0.40942460317460316 0.06799272486772487 0.06042410714285714
3 0.6461574074074075 0.37182539682539684 0.061279761904761906 0.05602926587301587
5 0.28694775132275135 0.39160218253968254 0.0633531746031746 0.0647594246031746
5 0.3704431216931217 0.4042981150793651 0.06428902116402116 0.06707837301587301
3 0.7115873015873017 0.34521577380952384 0.0634755291005291 0.0555109126984127
0 0.5133465608465608 0.7934573412698412 0.07320105820105821 0.08929563492063493
4 0.24511574074074075 0.6752926587301588 0.08113756613756615 0.07171626984126984
3 0.6907539682539683 0.5317385912698412 0.07067791005291005 0.06646825396825397
3 0.6413260582010581 0.6279290674603174 0.09108796296296295 0.044097222222222225
5 0.17252645502645503 0.42480406746031746 0.05989748677248677 0.06396577380952381
5 0.34635582010582017 0.45727430555555554 0.06709656084656085 0.06280505952380952
3 0.7532539682539683 0.6113293650793651 0.07413690476190476 0.07055555555555557
5 0.4378240740740741 0.47363343253968254 0.07881613756613756 0.07720982142857143
0 0.34993386243386243 0.8168948412698412 0.12736111111111112 0.05996775793650794
3 0.7617195767195767 0.5073239087301588 0.07043320105820106 0.06451388888888888
4 0.18603505291005293 0.6547842261904763 0.08430886243386243 0.07489087301587301
3 0.8248710317460317 0.5849603174603174 0.07694444444444444 0.07080109126984127
5 0.4550793650793651 0.4184573412698413 0.0633531746031746 0.06427083333333333
3 0.6337896825396825 0.4604489087301587 0.06453373015873017 0.06164434523809524
3 0.7018220899470899 0.43627976190476186 0.06787037037037037 0.06008928571428571
3 0.8326818783068783 0.47924851190476186 0.07279431216931216 0.06311011904761905
4 0.2766931216931217 0.5488293650793651 0.07238756613756614 0.06854166666666667
5 0.20133597883597884 0.3745114087301587 0.057820767195767196 0.05987599206349206
5 0.25944113756613757 0.4436036706349206 0.07291666666666667 0.0738516865079365
3 0.5823578042328043 0.39306547619047616 0.060138888888888895 0.05706845238095238
4 0.1302910052910053 0.6352529761904763 0.08264219576719577 0.07598958333333333
1 0.5569675925925925 0.5834970238095237 0.06071097883597884 0.02893105158730159
4 0.1694345238095238 0.5126959325396826 0.07291666666666667 0.06384176587301588
4 0.30631613756613757 0.6962896825396826 0.08374007936507936 0.07904017857142857
5 0.5218088624338625 0.4821775793650794 0.05969246031746032 0.05398561507936508
4 0.22460978835978837 0.5297842261904763 0.07596891534391534 0.06427083333333333
4 0.07389219576719576 0.6171875 0.08699404761904762 0.07434027777777778
4 0.33186838624338627 0.5644543650793651 0.06835978835978836 0.0647594246031746
5 0.7239583333333334 0.7124032738095237 0.09269179894179895 0.06198164682539682