4 0.19075396825396826 0.6840823412698412 0.07820767195767196 0.08123759920634921
4 0.5517592592592593 0.7197271825396826 0.08894841269841271 0.03494295634920635
3 0.7734391534391535 0.4157713293650794 0.06551256613756615 0.0808110119047619
3 0.7591137566137566 0.6303720238095237 0.06079034391534392 0.07531746031746032
3 0.8125 0.5175793650793651 0.06636574074074074 0.07794146825396825
3 0.9069014550264549 0.49853422619047616 0.06636574074074074 0.08123759920634921
5 0.40917989417989414 0.41162202380952384 0.0733234126984127 0.08648561507936507
3 0.8736970899470899 0.3940426587301587 0.06746362433862434 0.08477678571428571
5 0.2620436507936508 0.44677827380952384 0.07706679894179895 0.0808110119047619
5 0.18473214285714284 0.34399305555555554 0.08374007936507936 0.0875843253968254
3 0.6790376984126983 0.43676835317460316 0.062175925925925926 0.07946676587301588
3 0.7200529100529101 0.5361334325396826 0.0611574074074074 0.07641617063492064
3 0.7942724867724869 0.7197271825396826 0.05989748677248677 0.07250992063492064
3 0.9420568783068783 0.5986334325396826 0.06612103174603175 0.07720982142857143
5 0.5807308201058201 0.5419915674603174 0.07596891534391534 0.08911210317460318
5 0.37272156084656083 0.48120039682539684 0.07836970899470899 0.08526537698412699
3 0.8795568783068783 0.7050793650793651 0.062175925925925926 0.07183779761904761
5 0.296875 0.37524305555555554 0.07413690476190476 0.08447172619047619
5 0.1538095238095238 0.41674851190476186 0.08174603174603175 0.0808110119047619
4 0.2626951058201058 0.5668948412698412 0.07938492063492064 0.08050595238095239
3 0.6711772486772487 0.7109375 0.09487433862433861 0.03775049603174603
4 0.3278009259259259 0.5888665674603174 0.07694444444444444 0.08050595238095239
5 0.5123710317460318 0.43896577380952384 0.07580687830687831 0.0875843253968254
5 0.47753968253968254 0.5131845238095237 0.07320105820105821 0.08880704365079364
4 0.3167328042328042 0.7294915674603174 0.07808531746031745 0.08020089285714285
4 0.1276058201058201 0.5244146825396826 0.06502314814814815 0.0699454365079365
4 0.12556878306878308 0.6630853174603174 0.08040343915343914 0.08538938492063493
0 0.4996759259259259 0.8427728174603174 0.07120701058201058 0.0754389880952381
4 0.2542328042328042 0.7084970238095237 0.08056547619047619 0.08361855158730158
4 0.19531415343915343 0.54296875 0.08101521164021164 0.08178819444444443
4 0.0586739417989418 0.6459970238095237 0.07983465608465608 0.08282490079365079
3 0.8476554232804233 0.6118154761904763 0.06514550264550265 0.07708829365079364
1 0.4371759259259259 0.7387698412698412 0.06266203703703704 0.032410714285714286
2 0.6403009259259259 0.7875967261904763 0.07185846560846561 0.051666666666666666
5 0.5003240740740741 0.6982415674603174 0.0915542328042328 0.06323164682539682
0 0.3701157407407408 0.8598635912698412 0.11002645502645504 0.044677579365079365
1 0.593584656084656 0.6493874007936508 0.06283068783068783 0.03554811507936508