3 0.39943645282186924 0.43960296792328013 0.10154290846836425 0.04291255890376994
3 0.6629119819223983 0.40146148520171926 0.09488071125440928 0.041615561833457396
3 0.5750179122574955 0.5470971808862433 0.1050325693066578 0.041185328569361704
3 0.419921875 0.507210544808201 0.10717773437499996 0.047135933366402157
3 0.555564167217813 0.4849937479332009 0.09864788290895068 0.041875930059523774
3 0.7044270833333327 0.528209222056878 0.1000186442487875 0.04451594277033747
3 0.828125 0.5087890625 0.105224609375 0.04681396484375
5 0.6712239583333334 0.6708984375 0.10970052083333333 0.054290771484375
3 0.4417317708333333 0.57568359375 0.11124674479166667 0.05059814453125
5 0.4899088541666667 0.82568359375 0.12687174479166666 0.0582275390625
3 0.2902018229166667 0.6943359375 0.09309895833333333 0.073974609375
4 0.375 0.68505859375 0.1044921875 0.0537109375
5 0.6018880208333334 0.7841796875 0.116943359375 0.06304931640625
5 0.8151041666666666 0.705078125 0.11507161458333333 0.054595947265625
5 0.3243815104166667 0.78955078125 0.12711588541666666 0.059539794921875
3 0.8046875 0.447021484375 0.10099283854166667 0.045196533203125
0 0.2578125 0.6669921875 0.10929361979166667 0.08868408203125
5 0.5559895833333334 0.7109375 0.12711588541666666 0.056854248046875
5 0.4459635416666667 0.74755859375 0.12272135416666667 0.061431884765625
3 0.5335286458333334 0.41943359375 0.10465494791666667 0.047882080078125
1 0.22721354166666666 0.52490234375 0.07027180989583333 0.048126220703125
5 0.775390625 0.6357421875 0.11637369791666667 0.05572509765625
2 0.3108723958333333 0.5361328125 0.07552083333333333 0.060638427734375
3 0.6822916666666666 0.467529296875 0.09912109375 0.048583984375
5 0.2550455729166667 0.48486328125 0.12736002604166666 0.038238525390625
4 0.3330078125 0.362060546875 0.07002766927083333 0.08447265625
4 0.4775390625 0.34521484375 0.0704345703125 0.08465576171875
4 0.4339192708333333 0.22265625 0.06612141927083333 0.08062744140625
4 0.6155598958333334 0.324462890625 0.06925455729166667 0.08197021484375
4 0.4059244791666667 0.354248046875 0.06937662760416667 0.08343505859375
4 0.5013020833333334 0.2130126953125 0.06587727864583333 0.081787109375
4 0.5475260416666666 0.3349609375 0.07132975260416667 0.08251953125
4 0.3655598958333333 0.229248046875 0.0628662109375 0.08282470703125
4 0.2926432291666667 0.2366943359375 0.06648763020833333 0.08282470703125
1 0.2664388020833333 0.59326171875 0.0545654296875 0.0457763671875
0 0.059814453125 0.62646484375 0.07002766927083333 0.11029052734375
5 0.7109375 0.7431640625 0.11263020833333333 0.054412841796875