0 0.5296223958333334 0.66162109375 0.09969075520833333 0.0284881591796875
3 0.3058268229166667 0.5361328125 0.051188151041666664 0.06793212890625
3 0.2579752604166667 0.44384765625 0.049601236979166664 0.06304931640625
3 0.3299153645833333 0.4541015625 0.0489501953125 0.06268310546875
3 0.1533203125 0.51904296875 0.056111653645833336 0.06671142578125
0 0.4430338541666667 0.6201171875 0.06266276041666667 0.08465576171875
3 0.2555338541666667 0.72021484375 0.054239908854166664 0.072509765625
5 0.671875 0.50439453125 0.057698567708333336 0.08416748046875
3 0.20540364583333334 0.61865234375 0.056640625 0.0723876953125
3 0.17822265625 0.7109375 0.055501302083333336 0.0738525390625
2 0.3899739583333333 0.68310546875 0.08028157552083333 0.042724609375
3 0.09407552083333333 0.70068359375 0.057291666666666664 0.0740966796875
3 0.5113932291666666 0.560546875 0.08113606770833333 0.044769287109375
4 0.5100911458333334 0.49755859375 0.07511393229166667 0.0457763671875
5 0.4993489583333333 0.429443359375 0.054036458333333336 0.0775146484375
3 0.23258463541666666 0.52783203125 0.054361979166666664 0.06658935546875
4 0.7376302083333334 0.83642578125 0.06416829427083333 0.0753173828125
3 0.2799479166666667 0.62646484375 0.05224609375 0.0703125
1 0.603515625 0.6123046875 0.06416829427083333 0.038970947265625
5 0.7154947916666666 0.450927734375 0.06103515625 0.0836181640625
3 0.12337239583333333 0.60693359375 0.0576171875 0.07318115234375
5 0.6318359375 0.41259765625 0.058349609375 0.07763671875
4 0.5924479166666666 0.72607421875 0.060465494791666664 0.0699462890625
4 0.6552734375 0.70458984375 0.056315104166666664 0.06256103515625
4 0.6686197916666666 0.8564453125 0.08341471354166667 0.09271240234375
5 0.5846354166666666 0.468505859375 0.0565185546875 0.08154296875
4 0.80078125 0.81103515625 0.06660970052083333 0.07879638671875
5 0.4215494791666667 0.38916015625 0.049479166666666664 0.07159423828125
5 0.5198567708333334 0.61865234375 0.09684244791666667 0.046112060546875
4 0.7115885416666666 0.681640625 0.07881673177083333 0.08331298828125
4 0.869140625 0.7880859375 0.068359375 0.07501220703125
1 0.3834635416666667 0.56298828125 0.042805989583333336 0.041839599609375
5 0.5485026041666666 0.3798828125 0.053955078125 0.07708740234375
4 0.7747395833333334 0.66015625 0.08357747395833333 0.08270263671875
4 0.9283854166666666 0.763671875 0.09090169270833333 0.08880615234375
5 0.3902994791666667 0.2998046875 0.04931640625 0.0782470703125
5 0.4684244791666667 0.338623046875 0.044881184895833336 0.06982421875