5 0.6848958333333334 0.52099609375 0.10945638020833333 0.0709228515625
3 0.421875 0.81103515625 0.10506184895833333 0.05450439453125
3 0.29541015625 0.77685546875 0.10636393229166667 0.055419921875
3 0.4772135416666667 0.62451171875 0.0799560546875 0.06451416015625
5 0.4563802083333333 0.364990234375 0.058797200520833336 0.08447265625
5 0.7610677083333334 0.61376953125 0.11800130208333333 0.0723876953125
4 0.3430989583333333 0.353271484375 0.11043294270833333 0.0504150390625
3 0.5188802083333334 0.916015625 0.10847981770833333 0.060089111328125
3 0.4514973958333333 0.7470703125 0.10221354166666667 0.0537109375
5 0.7057291666666666 0.441162109375 0.10595703125 0.06695556640625
2 0.4931640625 0.415771484375 0.0819091796875 0.041534423828125
5 0.66796875 0.60205078125 0.113037109375 0.071044921875
5 0.7233072916666666 0.35986328125 0.11385091145833333 0.07122802734375
0 0.6178385416666666 0.440673828125 0.050130208333333336 0.081787109375
5 0.7942708333333334 0.453369140625 0.112060546875 0.06927490234375
4 0.12736002604166666 0.41748046875 0.11612955729166667 0.0496826171875
4 0.3056640625 0.45458984375 0.113037109375 0.049224853515625
5 0.7786458333333334 0.53271484375 0.11263020833333333 0.06890869140625
3 0.3909505208333333 0.88134765625 0.11043294270833333 0.059539794921875
3 0.3269856770833333 0.7119140625 0.10115559895833333 0.048492431640625
4 0.2853190104166667 0.50634765625 0.11409505208333333 0.0504150390625
4 0.32373046875 0.403564453125 0.112060546875 0.04949951171875
4 0.14803059895833334 0.365966796875 0.1171875 0.05194091796875
1 0.6009114583333334 0.51171875 0.053955078125 0.04742431640625
4 0.2652994791666667 0.56005859375 0.11531575520833333 0.052337646484375
0 0.4817708333333333 0.52197265625 0.10148111979166667 0.06671142578125
5 0.8118489583333334 0.373046875 0.11678059895833333 0.070556640625
5 0.65234375 0.68359375 0.113037109375 0.070068359375
3 0.5478515625 0.84521484375 0.10506184895833333 0.05450439453125
1 0.53125 0.67236328125 0.0484619140625 0.04876708984375
4 0.10563151041666667 0.47119140625 0.1142578125 0.04913330078125
3 0.67578125 0.87890625 0.10579427083333333 0.056243896484375
3 0.7037760416666666 0.81689453125 0.10335286458333333 0.05340576171875
3 0.5797526041666666 0.783203125 0.10026041666666667 0.05145263671875
4 0.08634440104166667 0.5224609375 0.11653645833333333 0.051849365234375
3 0.6490885416666666 0.95166015625 0.11027018229166667 0.059326171875
4 0.5641276041666666 0.57373046875 0.07954915364583333 0.053802490234375