3 0.8875661375661376 0.5143849206349206 0.05026455026455026 0.06547619047619048
3 0.845568783068783 0.699156746031746 0.05357142857142857 0.07539682539682539
3 0.738260582010582 0.5168650793650794 0.04861111111111111 0.06696428571428571
3 0.9252645502645502 0.6960565476190477 0.05291005291005291 0.07316468253968254
4 0.40343915343915343 0.19977678571428573 0.0667989417989418 0.058779761904761904
3 0.8718584656084656 0.43117559523809523 0.04794973544973545 0.06374007936507936
3 0.8272156084656085 0.605406746031746 0.05191798941798942 0.07043650793650794
3 0.9055886243386243 0.6029265873015873 0.05191798941798942 0.07043650793650794
5 0.7123015873015873 0.8371775793650794 0.08531746031746032 0.08903769841269842
5 0.2786044973544973 0.7465277777777778 0.07506613756613757 0.08283730158730158
3 0.8110119047619048 0.5168650793650794 0.04927248677248677 0.06696428571428571
5 0.5190145502645502 0.7194940476190477 0.07572751322751323 0.08085317460317461
3 0.7529761904761905 0.6062748015873016 0.051587301587301584 0.07068452380952381
5 0.6246693121693122 0.7380952380952381 0.07208994708994709 0.07886904761904762
5 0.414021164021164 0.6985367063492064 0.07076719576719577 0.078125
5 0.3072089947089947 0.6737351190476191 0.07208994708994709 0.07961309523809523
3 0.7680224867724867 0.7026289682539683 0.049933862433862435 0.07490079365079365
5 0.4632936507936508 0.5858134920634921 0.10185185185185185 0.05357142857142857
5 0.38591269841269843 0.7690972222222222 0.07804232804232804 0.08432539682539683
4 0.4593253968253968 0.30617559523809523 0.07539682539682539 0.0642361111111111
0 0.47883597883597884 0.5220734126984127 0.0992063492063492 0.03720238095238095
3 0.6253306878306878 0.5029761904761905 0.05886243386243386 0.05803571428571429
0 0.3148148148148148 0.5534474206349206 0.0958994708994709 0.061755952380952384
5 0.6021825396825397 0.8151041666666666 0.08002645502645503 0.09052579365079365
4 0.3134920634920635 0.24739583333333334 0.06746031746031746 0.06076388888888889
3 0.5836640211640212 0.6031746031746031 0.0701058201058201 0.06349206349206349
4 0.44560185185185186 0.41381448412698413 0.08035714285714286 0.03943452380952381
4 0.5276124338624338 0.5546875 0.08035714285714286 0.03993055555555555
2 0.5054563492063492 0.48561507936507936 0.06448412698412699 0.04265873015873016
4 0.21362433862433863 0.2935267857142857 0.06746031746031746 0.057787698412698416
1 0.40790343915343913 0.5398065476190477 0.060515873015873016 0.03050595238095238
1 0.5861441798941799 0.4574652777777778 0.050595238095238096 0.03149801587301587
4 0.36100198412698414 0.22167906746031746 0.07027116402116403 0.05749503968253968
5 0.49283730158730155 0.7910168650793651 0.07820767195767196 0.08569444444444443
4 0.2615575396825397 0.2712400793650794 0.07067791005291005 0.06176835317460318
4 0.4114583333333333 0.3325198412698413 0.07173611111111111 0.06143105158730159
4 0.5061838624338625 0.28002976190476186 0.07185846560846561 0.0594171626984127