3 0.4283854166666667 0.564453125 0.08011881510416667 0.040313720703125
3 0.4514973958333333 0.611328125 0.08308919270833333 0.0411376953125
3 0.3388671875 0.642578125 0.08601888020833333 0.042388916015625
4 0.4407552083333333 0.335693359375 0.0474853515625 0.054901123046875
3 0.3181966145833333 0.59326171875 0.08463541666666667 0.041229248046875
3 0.4020182291666667 0.51513671875 0.07779947916666667 0.038970947265625
3 0.2957356770833333 0.5419921875 0.08085123697916667 0.0386962890625
3 0.556640625 0.5830078125 0.08011881510416667 0.0411376953125
3 0.5299479166666666 0.53662109375 0.0799560546875 0.039947509765625
3 0.66015625 0.55419921875 0.08235677083333333 0.039947509765625
5 0.8541666666666666 0.5634765625 0.10294596354166667 0.035064697265625
0 0.81640625 0.439697265625 0.09912109375 0.043121337890625
4 0.3896484375 0.345947265625 0.047119140625 0.05560302734375
3 0.5029296875 0.488525390625 0.07413736979166667 0.0384521484375
1 0.171875 0.53076171875 0.070556640625 0.040374755859375
0 0.7975260416666666 0.4814453125 0.09969075520833333 0.042236328125
3 0.6285807291666666 0.5078125 0.08203125 0.03948974609375
4 0.3229166666666667 0.447509765625 0.043375651041666664 0.05291748046875
2 0.443359375 0.6591796875 0.07706705729166667 0.038818359375
5 0.6875 0.634765625 0.11181640625 0.04681396484375
5 0.7408854166666666 0.6884765625 0.10807291666666667 0.04168701171875
5 0.7747395833333334 0.59912109375 0.11067708333333333 0.041473388671875
3 0.6031901041666666 0.463623046875 0.07881673177083333 0.03875732421875
4 0.3346354166666667 0.3544921875 0.0447998046875 0.053192138671875
4 0.3776041666666667 0.44140625 0.050821940104166664 0.058990478515625
1 0.16072591145833334 0.486572265625 0.0631103515625 0.0310211181640625
5 0.6569010416666666 0.73046875 0.11775716145833333 0.0489501953125
5 0.5257161458333334 0.70703125 0.10734049479166667 0.04595947265625
5 0.6067708333333334 0.66650390625 0.11328125 0.051666259765625
5 0.9069010416666666 0.61669921875 0.10636393229166667 0.03582763671875
5 0.5657552083333334 0.767578125 0.11881510416666667 0.05340576171875
5 0.8203125 0.6533203125 0.10970052083333333 0.04486083984375
4 0.537109375 0.40771484375 0.050048828125 0.055938720703125
4 0.4811197916666667 0.41845703125 0.0528564453125 0.05718994140625
4 0.4918619791666667 0.322021484375 0.047648111979166664 0.052825927734375
4 0.427734375 0.429443359375 0.048828125 0.053497314453125
4 0.2853190104166667 0.360595703125 0.044026692708333336 0.05145263671875