3 0.5445963541666666 0.39892578125 0.094970703125 0.046112060546875
3 0.1982421875 0.335205078125 0.08430989583333333 0.041229248046875
3 0.2763671875 0.41064453125 0.086669921875 0.042388916015625
3 0.24348958333333334 0.46630859375 0.09025065104166667 0.044097900390625
3 0.3932291666666667 0.433837890625 0.09236653645833333 0.044342041015625
3 0.5169270833333334 0.458251953125 0.09716796875 0.046112060546875
3 0.3600260416666667 0.491943359375 0.09407552083333333 0.04559326171875
3 0.3063151041666667 0.35546875 0.08748372395833333 0.041473388671875
3 0.169921875 0.38916015625 0.08479817708333333 0.0416259765625
3 0.4847005208333333 0.51953125 0.10042317708333333 0.047515869140625
0 0.7180989583333334 0.412841796875 0.11507161458333333 0.034942626953125
4 0.5914713541666666 0.34521484375 0.095947265625 0.04132080078125
2 0.6764322916666666 0.51220703125 0.090576171875 0.03875732421875
4 0.2555338541666667 0.744140625 0.08780924479166667 0.091552734375
4 0.2599283854166667 0.5859375 0.08028157552083333 0.0782470703125
4 0.3304036458333333 0.6064453125 0.08040364583333333 0.083740234375
4 0.19775390625 0.56787109375 0.07499186197916667 0.07611083984375
4 0.396484375 0.62353515625 0.08040364583333333 0.08587646484375
0 0.86328125 0.49609375 0.09375 0.107421875
4 0.3948567708333333 0.7900390625 0.07820638020833333 0.0938720703125
3 0.744140625 0.378662109375 0.10432942708333333 0.037200927734375
4 0.3260091145833333 0.76611328125 0.085693359375 0.092529296875
4 0.18929036458333334 0.7236328125 0.08634440104166667 0.08770751953125
1 0.7734375 0.51416015625 0.0758056640625 0.044281005859375
4 0.4635416666666667 0.63916015625 0.08406575520833333 0.08819580078125
3 0.421875 0.37646484375 0.09220377604166667 0.043365478515625
5 0.3177083333333333 0.2269287109375 0.08011881510416667 0.06524658203125
5 0.6318359375 0.361083984375 0.113037109375 0.041473388671875
5 0.30419921875 0.28369140625 0.0799560546875 0.06585693359375
5 0.7350260416666666 0.265380859375 0.0947265625 0.072509765625
5 0.4134114583333333 0.2232666015625 0.08203125 0.0638427734375
5 0.6266276041666666 0.271240234375 0.10595703125 0.08465576171875
5 0.5172526041666666 0.2152099609375 0.08390299479166667 0.06646728515625
1 0.7278645833333334 0.466796875 0.07853190104166667 0.039947509765625
5 0.4078776041666667 0.28564453125 0.09529622395833333 0.07464599609375
5 0.5133463541666666 0.279541015625 0.09611002604166667 0.06707763671875
5 0.6217447916666666 0.205078125 0.08280436197916667 0.06549072265625