3 0.5400390625 0.5185546875 0.081298828125 0.060638427734375
3 0.3385416666666667 0.2587890625 0.088623046875 0.05633544921875
4 0.5950520833333334 0.48681640625 0.08927408854166667 0.049041748046875
3 0.2830403645833333 0.365234375 0.08683268229166667 0.0548095703125
5 0.8118489583333334 0.44384765625 0.08028157552083333 0.0792236328125
3 0.4339192708333333 0.3583984375 0.08976236979166667 0.05780029296875
0 0.4410807291666667 0.52978515625 0.11490885416666667 0.06549072265625
1 0.5875651041666666 0.595703125 0.0528564453125 0.049224853515625
3 0.3268229166666667 0.413330078125 0.08430989583333333 0.0535888671875
3 0.13566080729166666 0.368408203125 0.08634440104166667 0.05511474609375
3 0.48828125 0.25537109375 0.09440104166666667 0.060516357421875
3 0.18147786458333334 0.418212890625 0.091552734375 0.055419921875
3 0.22509765625 0.46728515625 0.08797200520833333 0.05340576171875
3 0.5361328125 0.302734375 0.08797200520833333 0.058135986328125
0 0.4791666666666667 0.595703125 0.1044921875 0.052825927734375
5 0.7506510416666666 0.5439453125 0.079833984375 0.07781982421875
5 0.7473958333333334 0.282958984375 0.07430013020833333 0.07781982421875
5 0.5143229166666666 0.55908203125 0.11124674479166667 0.0504150390625
3 0.2353515625 0.3134765625 0.08683268229166667 0.05450439453125
2 0.3802083333333333 0.58544921875 0.08341471354166667 0.043121337890625
4 0.4296875 0.8291015625 0.052734375 0.0762939453125
5 0.7779947916666666 0.364990234375 0.07568359375 0.08251953125
5 0.654296875 0.305908203125 0.07373046875 0.07763671875
3 0.3876953125 0.31005859375 0.09138997395833333 0.05718994140625
4 0.6822916666666666 0.7177734375 0.049031575520833336 0.0703125
4 0.5348307291666666 0.693359375 0.0533447265625 0.07122802734375
5 0.8483072916666666 0.52392578125 0.081298828125 0.0836181640625
5 0.7200520833333334 0.2027587890625 0.07596842447916667 0.0838623046875
5 0.71875 0.463623046875 0.08040364583333333 0.0755615234375
1 0.4541015625 0.444091796875 0.068359375 0.042816162109375
4 0.4645182291666667 0.68212890625 0.055094401041666664 0.07135009765625
5 0.6848958333333334 0.3857421875 0.07609049479166667 0.06915283203125
4 0.5013020833333334 0.837890625 0.054239908854166664 0.0775146484375
4 0.5738932291666666 0.84765625 0.0560302734375 0.078369140625
4 0.6474609375 0.8623046875 0.056233723958333336 0.07965087890625
4 0.7213541666666666 0.87939453125 0.053670247395833336 0.0775146484375
4 0.6106770833333334 0.7041015625 0.05126953125 0.07476806640625