2 0.8741732804232805 0.44481646825396826 0.08498677248677249 0.051835317460317464
3 0.5446428571428571 0.8831845238095238 0.10582010582010581 0.062003968253968256
0 0.8103505291005291 0.5620039682539683 0.12003968253968254 0.05505952380952381
4 0.6106150793650794 0.6375248015873016 0.07837301587301587 0.08705357142857142
3 0.5737433862433863 0.8123759920634921 0.10383597883597884 0.05828373015873016
5 0.6241732804232805 0.36743551587301587 0.08498677248677249 0.08407738095238096
3 0.41335978835978837 0.8432539682539683 0.10052910052910052 0.05853174603174603
4 0.40558862433862436 0.43737599206349204 0.07175925925925926 0.07862103174603174
5 0.3166335978835979 0.310515873015873 0.08564814814814815 0.08333333333333333
4 0.34424603174603174 0.5611359126984127 0.0787037037037037 0.08308531746031746
5 0.41617063492063494 0.3315972222222222 0.08101851851851852 0.08333333333333333
3 0.2896825396825397 0.8043154761904762 0.09722222222222222 0.05406746031746032
3 0.4705687830687831 0.7105654761904762 0.10052910052910052 0.052083333333333336
3 0.1712962962962963 0.7678571428571429 0.0958994708994709 0.053075396825396824
3 0.44312169312169314 0.7761656746031746 0.09986772486772487 0.054811507936507936
3 0.2015542328042328 0.7068452380952381 0.09490740740740741 0.05109126984126984
4 0.6036706349206349 0.48660714285714285 0.07242063492063493 0.08134920634920635
0 0.8445767195767195 0.4982638888888889 0.11838624338624339 0.052083333333333336
3 0.2275132275132275 0.6449652777777778 0.09722222222222222 0.048859126984126984
5 0.517526455026455 0.35044642857142855 0.08465608465608465 0.08482142857142858
4 0.4728835978835979 0.5973462301587301 0.07539682539682539 0.08308531746031746
3 0.6013558201058201 0.748015873015873 0.105489417989418 0.054563492063492064
3 0.3191137566137566 0.7409474206349206 0.0958994708994709 0.05084325396825397
3 0.3458994708994709 0.6768353174603174 0.09656084656084656 0.04861111111111111
4 0.6703042328042328 0.5035962301587301 0.07142857142857142 0.08258928571428571
4 0.5406746031746031 0.6174355158730159 0.07341269841269842 0.08506944444444445
1 0.7977843915343915 0.7335069444444444 0.07705026455026455 0.035962301587301584
4 0.4722222222222222 0.45461309523809523 0.06812169312169312 0.07490079365079365
5 0.7316468253968254 0.38231646825396826 0.08432539682539683 0.08209325396825397
1 0.7829034391534392 0.667906746031746 0.07506613756613757 0.03670634920634921
4 0.5385251322751323 0.4711061507936508 0.0710978835978836 0.08010912698412699
4 0.408203125 0.58154296875 0.07625325520833333 0.08447265625
5 0.5432942708333334 0.28564453125 0.089111328125 0.08770751953125
5 0.7604166666666666 0.313720703125 0.09220377604166667 0.089111328125
5 0.4446614583333333 0.267822265625 0.08634440104166667 0.0880126953125
5 0.3430989583333333 0.251220703125 0.08430989583333333 0.08599853515625
5 0.6500651041666666 0.296142578125 0.07779947916666667 0.07366943359375