3 0.2649739583333333 0.55712890625 0.09879557291666667 0.034881591796875
3 0.2659505208333333 0.49560546875 0.09806315104166667 0.036773681640625
3 0.135009765625 0.4365234375 0.09969075520833333 0.036285400390625
3 0.2638346354166667 0.431396484375 0.10205078125 0.0369873046875
3 0.3977864583333333 0.490478515625 0.103515625 0.03753662109375
3 0.13525390625 0.56201171875 0.10099283854166667 0.03643798828125
3 0.5263671875 0.483642578125 0.101318359375 0.037384033203125
3 0.3971354166666667 0.55224609375 0.0986328125 0.035003662109375
3 0.13859049479166666 0.4990234375 0.09969075520833333 0.036712646484375
3 0.5231119791666666 0.420166015625 0.1044921875 0.03839111328125
3 0.3951822916666667 0.4248046875 0.10294596354166667 0.038604736328125
5 0.4527994791666667 0.251953125 0.09025065104166667 0.06915283203125
3 0.5302734375 0.5478515625 0.1005859375 0.036346435546875
4 0.708984375 0.479736328125 0.10595703125 0.039642333984375
2 0.4723307291666667 0.65478515625 0.07763671875 0.057586669921875
4 0.7122395833333334 0.59033203125 0.11027018229166667 0.0416259765625
1 0.17171223958333334 0.662109375 0.061726888020833336 0.04351806640625
4 0.9173177083333334 0.64501953125 0.126220703125 0.046478271484375
4 0.9108072916666666 0.587890625 0.12711588541666666 0.04351806640625
5 0.5553385416666666 0.251708984375 0.087646484375 0.06903076171875
1 0.23974609375 0.6328125 0.055704752604166664 0.044525146484375
5 0.5520833333333334 0.322021484375 0.09285481770833333 0.07196044921875
4 0.7076822916666666 0.53369140625 0.10652669270833333 0.039642333984375
4 0.705078125 0.42578125 0.10791015625 0.040771484375
4 0.8971354166666666 0.421142578125 0.12361653645833333 0.044586181640625
5 0.12516276041666666 0.31494140625 0.08829752604166667 0.0703125
5 0.232421875 0.321044921875 0.08878580729166667 0.06793212890625
5 0.13810221354166666 0.2489013671875 0.09375 0.0709228515625
5 0.4427083333333333 0.322021484375 0.088134765625 0.07208251953125
4 0.9016927083333334 0.4775390625 0.12337239583333333 0.043212890625
4 0.7154947916666666 0.6474609375 0.11263020833333333 0.043609619140625
0 0.4443359375 0.74853515625 0.052652994791666664 0.092041015625
5 0.3359375 0.3193359375 0.09440104166666667 0.06683349609375
5 0.3450520833333333 0.25390625 0.08544921875 0.063720703125
4 0.9049479166666666 0.5322265625 0.12296549479166667 0.04351806640625
5 0.23746744791666666 0.250244140625 0.08561197916666667 0.06890869140625
0 0.3548177083333333 0.7373046875 0.049845377604166664 0.089599609375