3 0.5735677083333334 0.65771484375 0.06254069010416667 0.05194091796875
3 0.4407552083333333 0.77392578125 0.06416829427083333 0.0531005859375
3 0.458984375 0.68310546875 0.06298828125 0.0531005859375
3 0.5078125 0.71435546875 0.062174479166666664 0.051361083984375
3 0.6223958333333334 0.6875 0.062052408854166664 0.0517578125
3 0.4886067708333333 0.8095703125 0.06551106770833333 0.054595947265625
3 0.5559895833333334 0.7470703125 0.06465657552083333 0.0537109375
3 0.3909505208333333 0.73779296875 0.061279296875 0.052337646484375
3 0.3196614583333333 0.79931640625 0.063232421875 0.05450439453125
3 0.5263671875 0.62548828125 0.0609130859375 0.05145263671875
3 0.3684895833333333 0.8369140625 0.067626953125 0.05511474609375
3 0.4163411458333333 0.87548828125 0.0684814453125 0.059326171875
4 0.3948567708333333 0.5048828125 0.06502278645833333 0.043853759765625
5 0.6328125 0.5771484375 0.035542805989583336 0.0618896484375
5 0.6207682291666666 0.505859375 0.035135904947916664 0.05706787109375
2 0.7552083333333334 0.67919921875 0.053955078125 0.047515869140625
4 0.3359375 0.6708984375 0.06685384114583333 0.04876708984375
5 0.5133463541666666 0.441162109375 0.034810384114583336 0.056121826171875
4 0.4446614583333333 0.58935546875 0.06673177083333333 0.047943115234375
4 0.3727213541666667 0.6494140625 0.0706787109375 0.05072021484375
5 0.5751953125 0.54052734375 0.031595865885416664 0.059326171875
4 0.3289388020833333 0.5576171875 0.060262044270833336 0.04638671875
5 0.5654296875 0.474609375 0.03466796875 0.0535888671875
0 0.763671875 0.6025390625 0.07413736979166667 0.038909912109375
1 0.7115885416666666 0.7060546875 0.0509033203125 0.0276947021484375
5 0.5211588541666666 0.50341796875 0.029886881510416668 0.0560302734375
5 0.4684244791666667 0.47265625 0.031412760416666664 0.056976318359375
4 0.24951171875 0.60693359375 0.0684814453125 0.040679931640625
5 0.462890625 0.4111328125 0.03076171875 0.053497314453125
0 0.8033854166666666 0.64404296875 0.07694498697916667 0.04193115234375
4 0.4059244791666667 0.61669921875 0.0684814453125 0.048492431640625
1 0.6861979166666666 0.74853515625 0.0496826171875 0.030731201171875
4 0.28662109375 0.58154296875 0.060017903645833336 0.046722412109375
5 0.4186197916666667 0.438232421875 0.03045654296875 0.053009033203125
4 0.3636067708333333 0.53515625 0.06925455729166667 0.047698974609375
4 0.4798177083333333 0.564453125 0.06103515625 0.045684814453125
5 0.6796875 0.5361328125 0.032063802083333336 0.0615234375