2 0.3513558201058201 0.7146577380952381 0.06448412698412699 0.09151785714285714
5 0.31630291005291006 0.390625 0.06712962962962964 0.12202380952380952
1 0.3447420634920635 0.490203373015873 0.0916005291005291 0.05133928571428571
0 0.3298611111111111 0.7860863095238095 0.1550925925925926 0.07018849206349206
4 0.4070767195767196 0.6954365079365079 0.06415343915343916 0.10515873015873016
1 0.38313822751322746 0.5961904761904763 0.0791005291005291 0.0719593253968254
3 0.32942791005291006 0.6181646825396826 0.1057936507936508 0.10266121031746032
3 0.641276455026455 0.6894543650793651 0.08911044973544975 0.12170386904761904
3 0.7734391534391535 0.6791989087301588 0.09171626984126985 0.1237797619047619
3 0.6194675925925925 0.5419915674603174 0.07482804232804233 0.11358630952380953
3 0.5120436507936508 0.7026364087301588 0.08683201058201058 0.12170386904761904
3 0.7460945767195767 0.5327157738095237 0.08056547619047619 0.11340277777777778
3 0.4908862433862434 0.5551760912698412 0.07625330687830688 0.11181547619047619
3 0.4635416666666667 0.4106448412698413 0.07279431216931216 0.1116344246031746
3 0.6650396825396825 0.8388665674603174 0.08813492063492064 0.12524305555555557
3 0.5354828042328043 0.8535168650793651 0.09090277777777778 0.12719742063492065
3 0.7200529100529101 0.3845213293650794 0.0792228835978836 0.11437996031746032
3 0.5947255291005291 0.3979489087301587 0.07238756613756614 0.11279265873015873