4 0.40476190476190477 0.7220982142857143 0.1130952380952381 0.08209325396825397
2 0.5329034391534392 0.8494543650793651 0.07506613756613757 0.0992063492063492
1 0.361276455026455 0.6701388888888888 0.09093915343915344 0.047619047619047616
0 0.2511574074074074 0.8260168650793651 0.16236772486772486 0.057787698412698416
5 0.19775132275132276 0.5654761904761905 0.1402116402116402 0.05406746031746032
1 0.2561177248677249 0.6217757936507936 0.08564814814814815 0.037698412698412696
3 0.234375 0.6743154761904763 0.13688161375661376 0.05099454365079365
3 0.5322255291005291 0.5556646825396826 0.12516203703703704 0.0758655753968254
3 0.5927744708994709 0.49194444444444446 0.12272156084656086 0.0754389880952381
3 0.46647156084656083 0.6264657738095237 0.1240244708994709 0.08105406746031746
3 0.7350264550264549 0.5576165674603174 0.12556878306878308 0.07891865079365079
3 0.828125 0.70703125 0.13566137566137568 0.08789186507936508
3 0.671223544973545 0.6298834325396826 0.12491732804232804 0.08227430555555557
3 0.32503306878306876 0.5537103174603174 0.1180026455026455 0.07476686507936507
3 0.38834656084656083 0.4860838293650794 0.11547949735449735 0.06982390873015873
3 0.4521494708994709 0.42285218253968254 0.11735119047619048 0.07043402777777778
3 0.6171891534391535 0.7021478174603174 0.1302910052910053 0.08343501984126984
3 0.7753902116402117 0.78515625 0.13614748677248675 0.09155257936507936