5 0.7082473544973544 0.7109722222222222 0.10924272486772488 0.05025545634920635
3 0.4417328042328042 0.8403323412698412 0.07226521164021164 0.07598958333333333
3 0.43880291005291006 0.71484375 0.06978505291005291 0.07171626984126984
3 0.5751951058201058 0.6611334325396826 0.06799272486772487 0.07238839285714285
3 0.5100925925925925 0.7475595238095237 0.07043320105820106 0.07305803571428571
3 0.6383465608465608 0.57421875 0.06990410052910052 0.06781001984126984
3 0.43131613756613757 0.5957043650793651 0.06835978835978836 0.07104414682539682
3 0.5644543650793651 0.5444345238095237 0.0694973544973545 0.06622271825396825
3 0.3658862433862434 0.6821279761904763 0.07540013227513227 0.07019097222222222
3 0.3701157407407408 0.8046875 0.07527777777777778 0.07452380952380953
3 0.5058597883597884 0.6284176587301588 0.06937499999999999 0.07019097222222222
4 0.3753240740740741 0.49243055555555554 0.08203042328042329 0.05050595238095238
3 0.4957671957671958 0.5151364087301588 0.06901124338624338 0.06524553571428571
5 0.7799470899470899 0.5561532738095237 0.10847883597883598 0.05126984126984127
5 0.8743485449735451 0.58203125 0.10831679894179895 0.04876736111111111
4 0.3356117724867725 0.5356448412698412 0.08251984126984127 0.04794394841269841
4 0.16308531746031746 0.5092782738095237 0.08569444444444443 0.0528249007936508
2 0.5524074074074075 0.7988293650793651 0.0637202380952381 0.06622271825396825
3 0.2954100529100529 0.7690426587301588 0.07373015873015873 0.07208333333333333
5 0.8183597883597883 0.48120039682539684 0.109864417989418 0.04977430555555556
5 0.9082043650793651 0.5043948412698412 0.11262896825396825 0.051453373015873015
4 0.08927248677248677 0.5927728174603174 0.09529761904761905 0.06042410714285714
4 0.2571626984126984 0.6186532738095237 0.08374007936507936 0.0528249007936508
0 0.6614583333333334 0.37353422619047616 0.10449074074074075 0.05090277777777778
4 0.29557208994708994 0.5776364087301588 0.08650793650793652 0.05081101190476191
0 0.6875 0.42578125 0.10595568783068784 0.05081101190476191
5 0.8365873015873017 0.6611334325396826 0.11328042328042329 0.053802083333333334
4 0.12166335978835979 0.5522470238095237 0.08479828042328043 0.04968253968253968
5 0.7688789682539683 0.8276364087301588 0.11466600529100529 0.05932539682539682
5 0.7447916666666666 0.6342782738095237 0.11002645502645504 0.05645833333333333
4 0.21940145502645503 0.6625967261904763 0.08650793650793652 0.05911210317460318
1 0.16308531746031746 0.83203125 0.05969246031746032 0.05749503968253968
5 0.6640641534391535 0.7958978174603174 0.09912037037037037 0.05728174603174603
1 0.10294642857142858 0.7944345238095237 0.06860449735449736 0.05398561507936508
4 0.24397817460317459 0.43359375 0.09204034391534391 0.05261160714285714
4 0.20947420634920635 0.4743650793650794 0.09806216931216932 0.06118799603174603
5 0.8027347883597883 0.7416989087301588 0.12988425925925925 0.06817708333333333