4 0.5865885416666666 0.72412109375 0.043294270833333336 0.06890869140625
3 0.3811848958333333 0.5986328125 0.08146158854166667 0.07122802734375
4 0.3763020833333333 0.43359375 0.09309895833333333 0.06536865234375
4 0.29541015625 0.51806640625 0.09912109375 0.06634521484375
0 0.3064778645833333 0.869140625 0.11612955729166667 0.08599853515625
3 0.4993489583333333 0.8017578125 0.0509033203125 0.07891845703125
2 0.3509114583333333 0.73779296875 0.046427408854166664 0.06744384765625
4 0.1982421875 0.403564453125 0.09773763020833333 0.06427001953125
4 0.1533203125 0.44384765625 0.0986328125 0.06683349609375
4 0.11002604166666667 0.48388671875 0.10042317708333333 0.0634765625
3 0.5944010416666666 0.478759765625 0.07470703125 0.06719970703125
4 0.3375651041666667 0.47509765625 0.09716796875 0.06475830078125
0 0.4554036458333333 0.7939453125 0.0465087890625 0.09320068359375
3 0.529296875 0.552734375 0.0758056640625 0.06927490234375
4 0.25244140625 0.55908203125 0.10115559895833333 0.06622314453125
5 0.6725260416666666 0.763671875 0.10579427083333333 0.049407958984375
3 0.5989583333333334 0.59033203125 0.08011881510416667 0.0706787109375
4 0.23974609375 0.360595703125 0.09700520833333333 0.06292724609375
1 0.3069661458333333 0.80029296875 0.07145182291666667 0.0496826171875
4 0.4137369791666667 0.3916015625 0.0775146484375 0.052032470703125
5 0.7994791666666666 0.533203125 0.111083984375 0.046295166015625
3 0.5279947916666666 0.66943359375 0.07666015625 0.070068359375
5 0.7154947916666666 0.6845703125 0.10734049479166667 0.05145263671875
3 0.7311197916666666 0.431396484375 0.07080078125 0.0640869140625
3 0.5257161458333334 0.442626953125 0.07320149739583333 0.06610107421875
5 0.8404947916666666 0.63720703125 0.12491861979166667 0.06109619140625
3 0.6624348958333334 0.400634765625 0.07132975260416667 0.06304931640625
3 0.6634114583333334 0.50927734375 0.07893880208333333 0.06982421875
5 0.7467447916666666 0.60693359375 0.120361328125 0.06304931640625
1 0.3977864583333333 0.783203125 0.039530436197916664 0.051849365234375
5 0.8854166666666666 0.56298828125 0.11368815104166667 0.04779052734375
5 0.76953125 0.79638671875 0.1171875 0.054901123046875
3 0.4583333333333333 0.63720703125 0.07527669270833333 0.0699462890625
3 0.4527994791666667 0.51953125 0.07763671875 0.06756591796875
5 0.8033854166666666 0.7158203125 0.12711588541666666 0.058135986328125
5 0.626953125 0.84912109375 0.11490885416666667 0.0604248046875
5 0.5419921875 0.7451171875 0.0465087890625 0.08038330078125