4 0.3057208994708995 0.6037946428571429 0.09226190476190477 0.04836309523809524
0 0.3287037037037037 0.47172619047619047 0.046957671957671955 0.06646825396825397
4 0.2595899470899471 0.5236855158730159 0.09126984126984126 0.044890873015873016
5 0.5198412698412699 0.8315972222222222 0.09457671957671958 0.07688492063492064
5 0.4267526455026455 0.8284970238095238 0.09755291005291006 0.07068452380952381
5 0.5226521164021164 0.7467757936507936 0.08697089947089948 0.07093253968253968
5 0.5271164021164021 0.6700148809523809 0.08994708994708994 0.06820436507936507
2 0.4837962962962963 0.5363343253968254 0.06944444444444445 0.034970238095238096
1 0.4320436507936508 0.3742559523809524 0.036044973544973546 0.03819444444444445
5 0.43452380952380953 0.7415674603174603 0.09391534391534391 0.0689484126984127
5 0.5138888888888888 0.9286954365079365 0.10185185185185185 0.08655753968253968
5 0.43882275132275134 0.6638144841269841 0.09193121693121693 0.06522817460317461
0 0.5107473544973545 0.4305555555555556 0.03670634920634921 0.06696428571428571
5 0.5338955026455027 0.5979662698412699 0.0796957671957672 0.05803571428571429
3 0.5567129629629629 0.498015873015873 0.07705026455026455 0.03571428571428571
5 0.4156746031746032 0.9243551587301587 0.10119047619047619 0.08432539682539683
4 0.44229497354497355 0.4701140873015873 0.07374338624338625 0.040426587301587304
4 0.144510582010582 0.6502976190476191 0.10648148148148148 0.05009920634920635
4 0.10052910052910052 0.5654761904761905 0.10052910052910052 0.049107142857142856
5 0.3133267195767196 0.40054563492063494 0.0882936507936508 0.028273809523809524
3 0.6349206349206349 0.6045386904761905 0.04298941798941799 0.06324404761904762
3 0.7043650793650794 0.6063988095238095 0.046296296296296294 0.06448412698412699
3 0.7771164021164021 0.6045386904761905 0.046296296296296294 0.06076388888888889
3 0.646494708994709 0.6901041666666666 0.046296296296296294 0.07316468253968254
3 0.7233796296296297 0.691344246031746 0.05125661375661376 0.06572420634920635
3 0.796957671957672 0.689484126984127 0.0496031746031746 0.06944444444444445
3 0.6597222222222222 0.7849702380952381 0.046296296296296294 0.0744047619047619
3 0.7390873015873016 0.7855902777777778 0.05952380952380952 0.078125
3 0.8167989417989417 0.7824900793650794 0.056216931216931214 0.0744047619047619
3 0.6746031746031746 0.8897569444444444 0.05291005291005291 0.08804563492063493
3 0.7547949735449735 0.886656746031746 0.054563492063492064 0.08432539682539683
1 0.36044973544973546 0.5319940476190477 0.0496031746031746 0.03968253968253968
4 0.24057539682539683 0.4817708333333333 0.08763227513227513 0.03844246031746032
4 0.28521825396825395 0.5623759920634921 0.09093915343915344 0.04092261904761905
4 0.07936507936507936 0.5264136904761905 0.0958994708994709 0.03844246031746032
4 0.12400793650793651 0.6076388888888888 0.0958994708994709 0.044642857142857144
4 0.16121031746031747 0.6963045634920635 0.10085978835978836 0.05084325396825397