3 0.23860677083333334 0.56396484375 0.054646809895833336 0.06610107421875
3 0.3079427083333333 0.5458984375 0.0552978515625 0.06561279296875
3 0.11222330729166667 0.41748046875 0.052571614583333336 0.06109619140625
2 0.5862630208333334 0.377197265625 0.049601236979166664 0.0548095703125
3 0.26611328125 0.65185546875 0.0552978515625 0.06793212890625
3 0.27685546875 0.461181640625 0.053548177083333336 0.06439208984375
3 0.20914713541666666 0.48095703125 0.0552978515625 0.06463623046875
3 0.13712565104166666 0.497802734375 0.054158528645833336 0.06488037109375
5 0.8216145833333334 0.308837890625 0.0528564453125 0.0704345703125
3 0.16389973958333334 0.58056640625 0.056844075520833336 0.06646728515625
3 0.17985026041666666 0.39990234375 0.052083333333333336 0.060302734375
3 0.3395182291666667 0.63330078125 0.056966145833333336 0.06964111328125
3 0.248046875 0.380126953125 0.0518798828125 0.060089111328125
5 0.6018880208333334 0.292236328125 0.056233723958333336 0.08538818359375
5 0.7350260416666666 0.274169921875 0.0584716796875 0.08343505859375
5 0.6490885416666666 0.24072265625 0.05224609375 0.0775146484375
3 0.19173177083333334 0.66796875 0.0552978515625 0.06927490234375
4 0.697265625 0.5107421875 0.07568359375 0.0726318359375
4 0.8216145833333334 0.55859375 0.08219401041666667 0.0762939453125
4 0.7389322916666666 0.67724609375 0.06787109375 0.06915283203125
5 0.4899088541666667 0.16845703125 0.041829427083333336 0.0753173828125
4 0.7584635416666666 0.53515625 0.0806884765625 0.075439453125
5 0.6868489583333334 0.3330078125 0.048746744791666664 0.08062744140625
4 0.8014322916666666 0.7021484375 0.088623046875 0.0831298828125
4 0.5556640625 0.595703125 0.07865397135416667 0.07666015625
5 0.5224609375 0.25732421875 0.053466796875 0.08209228515625
5 0.771484375 0.36181640625 0.054646809895833336 0.08050537109375
5 0.5673828125 0.205322265625 0.052652994791666664 0.0872802734375
0 0.4251302083333333 0.75634765625 0.10734049479166667 0.058441162109375
5 0.443359375 0.2152099609375 0.043701171875 0.06903076171875
4 0.6126302083333334 0.62060546875 0.07763671875 0.0792236328125
4 0.8854166666666666 0.58349609375 0.08357747395833333 0.0784912109375
4 0.6751302083333334 0.64599609375 0.06978352864583333 0.06817626953125
1 0.341796875 0.2861328125 0.057291666666666664 0.0313720703125
0 0.4654947916666667 0.81396484375 0.103759765625 0.0634765625
4 0.6370442708333334 0.484619140625 0.07401529947916667 0.06866455078125
1 0.3466796875 0.33447265625 0.059366861979166664 0.0289306640625