2 0.4794973544973545 0.5992063492063492 0.09788359788359788 0.08581349206349206
0 0.3738425925925926 0.7845982142857143 0.18617724867724866 0.07465277777777778
4 0.6823743386243386 0.7693452380952381 0.08300264550264551 0.11805555555555555
4 0.294973544973545 0.27740575396825395 0.11706349206349206 0.07316468253968254
4 0.5395171957671958 0.29650297619047616 0.11607142857142858 0.0662202380952381
4 0.45089285714285715 0.3912450396825397 0.12334656084656084 0.06820436507936507
5 0.8331679894179894 0.5456349206349206 0.15046296296296297 0.05803571428571429
4 0.35532407407407407 0.4959077380952381 0.1292989417989418 0.07465277777777778
1 0.8591269841269841 0.7124255952380952 0.07738095238095238 0.07366071428571429
4 0.12648809523809523 0.4157986111111111 0.12400793650793651 0.0726686507936508
1 0.6767526455026455 0.48313492063492064 0.08035714285714286 0.05704365079365079
3 0.6941137566137566 0.591765873015873 0.10846560846560846 0.09325396825396826
4 0.24576822916666666 0.31787109375 0.11263020833333333 0.06842041015625
4 0.18684895833333334 0.3662109375 0.119873046875 0.070556640625
4 0.498046875 0.344970703125 0.116943359375 0.06756591796875
4 0.4088541666666667 0.44580078125 0.126220703125 0.0726318359375