2 0.5530753968253969 0.7059771825396826 0.08432539682539683 0.08903769841269842
4 0.3921957671957672 0.7309027777777778 0.1402116402116402 0.09126984126984126
0 0.6215277777777778 0.9104662698412699 0.1775793650793651 0.07242063492063493
4 0.6990740740740741 0.7601686507936508 0.08465608465608465 0.10367063492063493
1 0.7561177248677249 0.6741071428571429 0.06382275132275132 0.07043650793650794
4 0.18055555555555555 0.654265873015873 0.12301587301587301 0.07490079365079365
4 0.2896825396825397 0.5381944444444444 0.11375661375661375 0.06994047619047619
1 0.6969246031746031 0.5710565476190477 0.0882936507936508 0.043402777777777776
5 0.7999338624338624 0.5388144841269841 0.061507936507936505 0.09697420634920635
4 0.48330026455026454 0.6041666666666666 0.1207010582010582 0.06646825396825397
4 0.5659722222222222 0.49404761904761907 0.11607142857142858 0.060515873015873016
3 0.6344411375661375 0.6533209325396826 0.1043287037037037 0.09088045634920636
4 0.5292956349206349 0.5454092261904763 0.11368716931216932 0.06152281746031746
4 0.44368386243386243 0.66796875 0.14005621693121692 0.07946676587301588
4 0.23421296296296296 0.5971676587301588 0.11865079365079366 0.0706795634920635
4 0.3365873015873016 0.4904786706349206 0.11303571428571428 0.06408730158730158