4 0.2884114583333333 0.62158203125 0.06722005208333333 0.06549072265625
4 0.22819010416666666 0.744140625 0.0758056640625 0.079345703125
3 0.4830729166666667 0.463623046875 0.049763997395833336 0.060638427734375
3 0.5537109375 0.473876953125 0.047403971354166664 0.062103271484375
3 0.4150390625 0.451171875 0.050048828125 0.05987548828125
4 0.2906901041666667 0.759765625 0.07279459635416667 0.07794189453125
3 0.5302734375 0.318359375 0.046590169270833336 0.056243896484375
3 0.5061848958333334 0.388671875 0.047403971354166664 0.0592041015625
3 0.576171875 0.39892578125 0.0474853515625 0.058990478515625
3 0.5983072916666666 0.3251953125 0.044352213541666664 0.05645751953125
3 0.4580078125 0.541015625 0.056111653645833336 0.06280517578125
4 0.3522135416666667 0.77490234375 0.07332356770833333 0.0784912109375
3 0.4404296875 0.377197265625 0.048095703125 0.058990478515625
3 0.4641927083333333 0.3056640625 0.048665364583333336 0.05792236328125
3 0.5322265625 0.552734375 0.050618489583333336 0.06292724609375
5 0.7024739583333334 0.439208984375 0.09326171875 0.05975341796875
3 0.3854166666666667 0.52880859375 0.056233723958333336 0.06304931640625
5 0.7766927083333334 0.517578125 0.09895833333333333 0.06304931640625
5 0.7858072916666666 0.451416015625 0.08780924479166667 0.052520751953125
4 0.4658203125 0.66845703125 0.070556640625 0.0782470703125
5 0.720703125 0.381591796875 0.09375 0.058349609375
5 0.693359375 0.50537109375 0.09611002604166667 0.060516357421875
4 0.5279947916666666 0.6826171875 0.06966145833333333 0.07891845703125
4 0.4755859375 0.80859375 0.07279459635416667 0.08135986328125
5 0.796875 0.3896484375 0.09847005208333333 0.059661865234375
5 0.728515625 0.320068359375 0.09407552083333333 0.054901123046875
4 0.3515625 0.63818359375 0.07389322916666667 0.07586669921875
1 0.724609375 0.65576171875 0.03692626953125 0.043121337890625
5 0.7434895833333334 0.259521484375 0.09716796875 0.056121826171875
0 0.7473958333333334 0.833984375 0.051188151041666664 0.08538818359375
5 0.8053385416666666 0.33251953125 0.08113606770833333 0.042724609375
0 0.8229166666666666 0.85302734375 0.06575520833333333 0.093505859375
4 0.4127604166666667 0.6552734375 0.07430013020833333 0.07989501953125
5 0.8196614583333334 0.26953125 0.0966796875 0.05780029296875
1 0.6578776041666666 0.63671875 0.038492838541666664 0.0413818359375
4 0.4153645833333333 0.79248046875 0.07442220052083333 0.08331298828125
2 0.7076822916666666 0.9296875 0.06453450520833333 0.06610107421875