4 0.6795634920634921 0.42683531746031744 0.12301587301587301 0.09821428571428571
4 0.5244708994708994 0.5202132936507936 0.1164021164021164 0.09846230158730158
5 0.24950396825396826 0.38591269841269843 0.10482804232804233 0.10119047619047619
2 0.5902777777777778 0.32998511904761907 0.06878306878306878 0.0845734126984127
4 0.3968253968253968 0.4429563492063492 0.12632275132275134 0.042162698412698416
1 0.14798280423280424 0.4466765873015873 0.08167989417989419 0.05654761904761905
0 0.36904761904761907 0.19444444444444445 0.06349206349206349 0.11507936507936507
0 0.20188492063492064 0.5301339285714286 0.05720899470899471 0.11135912698412699
4 0.9370039682539683 0.5286458333333334 0.11607142857142858 0.0920138888888889
4 0.7652116402116402 0.6238839285714286 0.1335978835978836 0.10243055555555555
4 0.607308201058201 0.7232142857142857 0.12533068783068782 0.10416666666666667
1 0.12334656084656084 0.5435267857142857 0.08862433862433862 0.04439484126984127
4 0.6022135416666666 0.470703125 0.12801106770833334 0.0970458984375
4 0.85546875 0.57568359375 0.11263020833333333 0.097900390625
4 0.6868489583333334 0.67333984375 0.13525390625 0.11376953125
4 0.4420572916666667 0.564453125 0.103515625 0.09332275390625
3 0.3466796875 0.39990234375 0.12801106770833334 0.045257568359375