3 0.5387369791666666 0.634765625 0.06441243489583333 0.0333251953125
3 0.5787760416666666 0.6875 0.086181640625 0.0537109375
3 0.435546875 0.68603515625 0.08561197916666667 0.0526123046875
3 0.3974609375 0.63525390625 0.08463541666666667 0.051544189453125
3 0.1826171875 0.72607421875 0.089599609375 0.053192138671875
3 0.3600260416666667 0.78564453125 0.089599609375 0.056243896484375
3 0.470703125 0.73779296875 0.09122721354166667 0.056243896484375
2 0.7415364583333334 0.71728515625 0.0552978515625 0.06463623046875
3 0.2918294270833333 0.681640625 0.08512369791666667 0.05291748046875
3 0.3268229166666667 0.73388671875 0.08846028645833333 0.053802490234375
3 0.5 0.5908203125 0.08280436197916667 0.050323486328125
4 0.4342447916666667 0.52685546875 0.059122721354166664 0.058349609375
3 0.24397786458333334 0.8388671875 0.095458984375 0.060516357421875
5 0.5436197916666666 0.341796875 0.055094401041666664 0.0604248046875
4 0.21305338541666666 0.5009765625 0.054850260416666664 0.0567626953125
3 0.21468098958333334 0.7822265625 0.09269205729166667 0.0552978515625
5 0.5859375 0.388671875 0.056966145833333336 0.0635986328125
5 0.6005859375 0.51171875 0.0594482421875 0.06842041015625
5 0.625 0.435302734375 0.0567626953125 0.06817626953125
5 0.5625 0.455810546875 0.0538330078125 0.06451416015625
4 0.3258463541666667 0.57470703125 0.06587727864583333 0.061309814453125
5 0.6435546875 0.55908203125 0.060709635416666664 0.07891845703125
4 0.484375 0.5126953125 0.06465657552083333 0.0638427734375
4 0.4124348958333333 0.421142578125 0.052083333333333336 0.048126220703125
5 0.51953125 0.410400390625 0.057373046875 0.06719970703125
4 0.2711588541666667 0.59326171875 0.0574951171875 0.05987548828125
0 0.81640625 0.69091796875 0.103515625 0.035003662109375
5 0.4807942708333333 0.35986328125 0.054850260416666664 0.06268310546875
4 0.3818359375 0.5517578125 0.06990559895833333 0.06463623046875
4 0.3688151041666667 0.44580078125 0.060017903645833336 0.055938720703125
5 0.72265625 0.53662109375 0.051472981770833336 0.07080078125
1 0.6184895833333334 0.77685546875 0.057373046875 0.045196533203125
4 0.26806640625 0.48388671875 0.058146158854166664 0.059112548828125
4 0.3234049479166667 0.465087890625 0.054768880208333336 0.05780029296875
0 0.7877604166666666 0.6328125 0.103759765625 0.035675048828125
1 0.6731770833333334 0.7353515625 0.0574951171875 0.039794921875
5 0.671875 0.477294921875 0.056233723958333336 0.06549072265625