3 0.8862433862433863 0.3117559523809524 0.05555555555555555 0.07539682539682539
3 0.8766534391534392 0.2173859126984127 0.05291005291005291 0.07564484126984126
3 0.906415343915344 0.509796626984127 0.06018518518518518 0.07961309523809523
3 0.8042328042328042 0.4113343253968254 0.056216931216931214 0.07614087301587301
3 0.796957671957672 0.3151041666666667 0.05489417989417989 0.07663690476190477
3 0.7175925925925926 0.4117063492063492 0.05026455026455026 0.07539682539682539
3 0.7111441798941799 0.31361607142857145 0.049933862433862435 0.07465277777777778
3 0.8961640211640212 0.4089781746031746 0.0582010582010582 0.07787698412698413
3 0.7875330687830688 0.2204861111111111 0.049933862433862435 0.07291666666666667
3 0.722718253968254 0.5122767857142857 0.05257936507936508 0.07762896825396826
3 0.812665343915344 0.5112847222222222 0.05654761904761905 0.078125
2 0.42328042328042326 0.4738343253968254 0.06349206349206349 0.057787698412698416
0 0.38756613756613756 0.6232638888888888 0.07539682539682539 0.09027777777777778
5 0.5810185185185185 0.6001984126984127 0.0582010582010582 0.08531746031746032
4 0.5710978835978836 0.5112847222222222 0.09325396825396826 0.03695436507936508
1 0.44229497354497355 0.392609126984127 0.040013227513227514 0.047619047619047616
0 0.445271164021164 0.5162450396825397 0.105489417989418 0.03447420634920635
1 0.4713955026455027 0.5747767857142857 0.04861111111111111 0.04836309523809524
4 0.1337632275132275 0.4435763888888889 0.11011904761904762 0.037450396825396824
4 0.3308531746031746 0.3489583333333333 0.10482804232804233 0.03720238095238095
4 0.12053571428571429 0.49950396825396826 0.10152116402116403 0.03869047619047619
3 0.5553373015873015 0.4067385912698413 0.0925297619047619 0.038970734126984125
4 0.3084325396825397 0.5107415674603174 0.11677910052910052 0.03918402777777778
4 0.3260085978835979 0.4045411706349206 0.1120601851851852 0.04113839285714286
4 0.10872354497354496 0.55078125 0.11881613756613757 0.044097222222222225
4 0.3165674603174603 0.4589856150793651 0.108885582010582 0.03656001984126984
4 0.14884589947089946 0.39184523809523814 0.11083994708994709 0.039702380952380954
4 0.15673941798941798 0.34252976190476186 0.11328042328042329 0.04147321428571429