3 0.3518880208333333 0.77587890625 0.12247721354166667 0.0634765625
3 0.6256510416666666 0.94677734375 0.14176432291666666 0.08050537109375
3 0.3837890625 0.69775390625 0.1201171875 0.0592041015625
3 0.65625 0.85595703125 0.13541666666666666 0.07305908203125
3 0.4983723958333333 0.81396484375 0.129150390625 0.06695556640625
4 0.6083984375 0.313720703125 0.10026041666666667 0.042022705078125
3 0.4606119791666667 0.90087890625 0.13264973958333334 0.07421875
4 0.431640625 0.4677734375 0.10774739583333333 0.044281005859375
3 0.16927083333333334 0.81884765625 0.11800130208333333 0.06500244140625
4 0.4313151041666667 0.332275390625 0.10026041666666667 0.0439453125
4 0.4313151041666667 0.373779296875 0.10115559895833333 0.044769287109375
4 0.6129557291666666 0.408203125 0.102783203125 0.044097900390625
3 0.30908203125 0.85888671875 0.12296549479166667 0.07147216796875
3 0.21663411458333334 0.7412109375 0.11824544270833333 0.0618896484375
2 0.4899088541666667 0.6298828125 0.09285481770833333 0.0496826171875
4 0.6116536458333334 0.35791015625 0.10001627604166667 0.04595947265625
1 0.7688802083333334 0.341796875 0.07625325520833333 0.036285400390625
0 0.5973307291666666 0.6328125 0.058024088541666664 0.11163330078125
3 0.5266927083333334 0.7333984375 0.121826171875 0.061309814453125
5 0.15380859375 0.262451171875 0.08927408854166667 0.07330322265625
0 0.6979166666666666 0.6328125 0.060791015625 0.11676025390625
4 0.6165364583333334 0.45068359375 0.105224609375 0.0489501953125
4 0.4339192708333333 0.417724609375 0.10245768229166667 0.04302978515625
3 0.6829427083333334 0.7705078125 0.13330078125 0.06732177734375
4 0.6243489583333334 0.498291015625 0.11165364583333333 0.047088623046875
3 0.24886067708333334 0.66650390625 0.112060546875 0.05340576171875
5 0.23323567708333334 0.2490234375 0.089111328125 0.07330322265625
1 0.77734375 0.38916015625 0.0723876953125 0.038543701171875
5 0.17822265625 0.456787109375 0.10205078125 0.07977294921875
5 0.16861979166666666 0.3896484375 0.092529296875 0.07318115234375
5 0.2698567708333333 0.442138671875 0.101318359375 0.07891845703125
5 0.24772135416666666 0.310791015625 0.09578450520833333 0.07196044921875
5 0.18424479166666666 0.5283203125 0.10872395833333333 0.08343505859375
5 0.2810872395833333 0.51171875 0.106201171875 0.08062744140625
4 0.4270833333333333 0.5146484375 0.10970052083333333 0.047698974609375
5 0.2555338541666667 0.374267578125 0.09529622395833333 0.076416015625
5 0.16015625 0.32666015625 0.09407552083333333 0.075439453125