3 0.2478835978835979 0.6108407738095237 0.10693452380952381 0.04681299603174603
3 0.2635085978835979 0.67578125 0.10636243386243385 0.048583829365079365
3 0.10831679894179895 0.6347668650793651 0.11165343915343914 0.0476984126984127
3 0.4052744708994709 0.6513665674603174 0.10831679894179895 0.05059771825396825
3 0.12011574074074075 0.7021478174603174 0.11507275132275133 0.05108630952380952
3 0.3684887566137566 0.5234375 0.10099206349206348 0.044188988095238094
3 0.38769510582010586 0.5878918650793651 0.10115410052910052 0.045257936507936504
3 0.4980456349206349 0.5024404761904762 0.09806216931216932 0.04376240079365079
3 0.093260582010582 0.5673834325396826 0.10905092592592593 0.04724206349206349
3 0.23274801587301588 0.5449231150793651 0.10245701058201058 0.04476934523809523
3 0.5380853174603175 0.6269543650793651 0.10408399470899471 0.048035714285714286
4 0.27750661375661373 0.30932539682539684 0.05497354497354498 0.07397569444444443
3 0.5175793650793651 0.5649404761904763 0.10319113756613757 0.04486111111111111
4 0.40885582010582017 0.2973635912698413 0.05814484126984128 0.07354662698412699
4 0.29606150793650793 0.42871031746031746 0.06266203703703704 0.08007936507936508
5 0.8385416666666666 0.4375 0.08068783068783068 0.08416666666666667
5 0.7083333333333334 0.3872073412698413 0.07625330687830688 0.07763640873015873
4 0.36555886243386243 0.42065476190476186 0.05326388888888889 0.0797718253968254
5 0.7949206349206349 0.36962797619047616 0.07751322751322752 0.07653769841269842
5 0.6940112433862434 0.17944444444444443 0.07043320105820106 0.07092261904761904
5 0.7447916666666666 0.45800843253968254 0.08683201058201058 0.08898809523809524
5 0.7246097883597883 0.24145585317460316 0.07694444444444444 0.07397569444444443
4 0.5022784391534392 0.4082043650793651 0.05847222222222222 0.07836805555555557
5 0.6419279100529101 0.25317460317460316 0.0730787037037037 0.07006944444444443
4 0.34635582010582017 0.30224702380952384 0.04410714285714286 0.06817708333333333
4 0.2071924603174603 0.31347718253968254 0.05012896825396825 0.07171626984126984
4 0.4384755291005291 0.40893601190476186 0.04597883597883597 0.06756696428571429
5 0.6168617724867725 0.18847718253968254 0.06734126984126984 0.06854166666666667
5 0.6829431216931217 0.31664930555555554 0.06835978835978836 0.07250992063492064
4 0.47265542328042326 0.28808531746031746 0.04959986772486773 0.07342509920634921
5 0.7584623015873017 0.30615327380952384 0.07226521164021164 0.07629464285714285
4 0.2259126984126984 0.43481398809523814 0.06416666666666666 0.07965029761904761
1 0.6171891534391535 0.6899404761904763 0.04386243386243386 0.05529761904761905
1 0.7024735449735451 0.6894543650793651 0.047648809523809524 0.05572420634920635
0 0.8157539682539683 0.7387698412698412 0.10847883597883598 0.0797718253968254
2 0.8203141534391535 0.83203125 0.09562169312169314 0.05090277777777778
0 0.8708101851851852 0.6853497023809524 0.11904761904761904 0.07771081349206349