2 0.4976851851851852 0.7428075396825397 0.08531746031746032 0.09771825396825397
4 0.12582671957671956 0.5642361111111112 0.13326719576719576 0.08630952380952381
4 0.5892857142857143 0.7869543650793651 0.0873015873015873 0.10416666666666667
0 0.44113756613756616 0.9069940476190477 0.16005291005291006 0.10466269841269842
1 0.6889880952380952 0.7198660714285714 0.07374338624338625 0.07068452380952381
1 0.6908068783068783 0.5979662698412699 0.09523809523809523 0.04563492063492063
5 0.808531746031746 0.5921378968253969 0.05886243386243386 0.10887896825396826
4 0.2576058201058201 0.45101686507936506 0.11904761904761904 0.0835813492063492
4 0.5608465608465608 0.44047619047619047 0.11507936507936507 0.06944444444444445
4 0.33978174603174605 0.6687748015873016 0.13723544973544974 0.08953373015873016
4 0.45519179894179895 0.5477430555555556 0.11408730158730158 0.07118055555555555
3 0.5901686507936508 0.6630853174603174 0.08878637566137566 0.10394345238095239
4 0.18831349206349207 0.50390625 0.11824404761904762 0.07397569444444443
4 0.3160813492063492 0.4006349206349206 0.11613095238095238 0.0706795634920635
4 0.5123710317460318 0.4902356150793651 0.11775793650793652 0.07226686507936508
4 0.40299603174603177 0.6103521825396826 0.13427579365079365 0.08496031746031746