3 0.5843098958333334 0.8818359375 0.050130208333333336 0.0802001953125
3 0.685546875 0.791015625 0.0489501953125 0.0784912109375
3 0.6044921875 0.78125 0.050048828125 0.07611083984375
3 0.7037760416666666 0.69482421875 0.0489501953125 0.07476806640625
3 0.6656901041666666 0.89501953125 0.049031575520833336 0.08197021484375
3 0.4996744791666667 0.86767578125 0.050048828125 0.07781982421875
3 0.6422526041666666 0.591796875 0.048665364583333336 0.07080078125
3 0.5436197916666666 0.6728515625 0.0482177734375 0.07122802734375
3 0.5647786458333334 0.5810546875 0.047770182291666664 0.06781005859375
3 0.6236979166666666 0.6826171875 0.048828125 0.07342529296875
3 0.5211588541666666 0.76708984375 0.050537109375 0.07354736328125
5 0.5621744791666666 0.405029296875 0.06978352864583333 0.06463623046875
3 0.720703125 0.6005859375 0.0482177734375 0.07171630859375
5 0.638671875 0.4765625 0.0849609375 0.0740966796875
5 0.4514973958333333 0.451904296875 0.07389322916666667 0.06768798828125
5 0.3834635416666667 0.385986328125 0.07442220052083333 0.07305908203125
5 0.29833984375 0.375 0.07198079427083333 0.07183837890625
5 0.36328125 0.442138671875 0.0745849609375 0.0699462890625
4 0.4303385416666667 0.6279296875 0.09700520833333333 0.04376220703125
4 0.24918619791666666 0.7001953125 0.09090169270833333 0.0394287109375
4 0.4440104166666667 0.5791015625 0.09187825520833333 0.039642333984375
5 0.5387369791666666 0.46435546875 0.07470703125 0.07147216796875
4 0.4049479166666667 0.72607421875 0.095947265625 0.044769287109375
4 0.2711588541666667 0.654296875 0.10099283854166667 0.044769287109375
4 0.2862955729166667 0.6064453125 0.097900390625 0.042633056640625
5 0.470703125 0.39892578125 0.07320149739583333 0.070556640625
4 0.4173177083333333 0.6767578125 0.09716796875 0.043609619140625
0 0.796875 0.4453125 0.06636555989583333 0.07196044921875
0 0.8697916666666666 0.47119140625 0.07499186197916667 0.0792236328125
4 0.3103841145833333 0.51611328125 0.0966796875 0.035888671875
4 0.4537760416666667 0.533203125 0.091552734375 0.0391845703125
4 0.2985026041666667 0.5615234375 0.097412109375 0.04010009765625
2 0.8528645833333334 0.52587890625 0.08544921875 0.0416259765625
1 0.8313802083333334 0.57763671875 0.068603515625 0.03216552734375
5 0.6552734375 0.413330078125 0.078369140625 0.06951904296875
1 0.8391927083333334 0.63330078125 0.07779947916666667 0.0318603515625
5 0.2760416666666667 0.427734375 0.07865397135416667 0.07421875