5 0.16980820105820105 0.22643849206349206 0.09623015873015874 0.16865079365079366
4 0.314484126984127 0.6409970238095238 0.09193121693121693 0.1396329365079365
2 0.23627645502645503 0.6687748015873016 0.09821428571428571 0.12822420634920634
3 0.19477513227513227 0.5348462301587301 0.1455026455026455 0.13516865079365079
3 0.5068353174603175 0.8471676587301588 0.10831679894179895 0.1629637896825397
3 0.3746759259259259 0.25634672619047616 0.10392195767195767 0.1512450396825397
0 0.20621693121693122 0.7690426587301588 0.24674603174603174 0.10070684523809524
3 0.5367824074074075 0.2496329365079365 0.10791005291005291 0.15075644841269842
3 0.6901058201058201 0.23632936507936508 0.1071792328042328 0.14904761904761907
3 0.46158730158730155 0.64453125 0.10905092592592593 0.15405257936507935
3 0.6246759259259259 0.6220709325396826 0.09895833333333333 0.14392113095238093
1 0.2766931216931217 0.5019543650793651 0.11368716931216932 0.09350694444444443
3 0.6614583333333334 0.8134771825396826 0.11425925925925925 0.1629637896825397
3 0.7760416666666666 0.6025396825396826 0.10245701058201058 0.14196676587301588
3 0.41862103174603177 0.44653273809523814 0.09968915343915344 0.14587301587301588
3 0.7330720899470899 0.4123536706349206 0.10188822751322751 0.13989335317460316
1 0.21240079365079365 0.36181547619047616 0.14005621693121692 0.08361855158730158
3 0.5807308201058201 0.43090773809523814 0.09513227513227514 0.13989335317460316