3 0.6770833333333334 0.56396484375 0.09391276041666667 0.032470703125
3 0.67578125 0.50390625 0.09326171875 0.03204345703125
5 0.2659505208333333 0.419677734375 0.097412109375 0.06488037109375
5 0.3733723958333333 0.41455078125 0.09847005208333333 0.06549072265625
3 0.552734375 0.62841796875 0.10074869791666667 0.035552978515625
5 0.145263671875 0.353759765625 0.11368815104166667 0.07763671875
5 0.4716796875 0.339599609375 0.10115559895833333 0.07208251953125
5 0.5787760416666666 0.33447265625 0.092529296875 0.06427001953125
5 0.2555338541666667 0.348876953125 0.107177734375 0.07666015625
3 0.2955729166666667 0.5703125 0.09969075520833333 0.03533935546875
3 0.4244791666666667 0.50537109375 0.09611002604166667 0.03460693359375
3 0.4264322916666667 0.63037109375 0.097900390625 0.033721923828125
5 0.5908203125 0.4052734375 0.103759765625 0.072509765625
5 0.15087890625 0.42529296875 0.11222330729166667 0.07696533203125
3 0.5511067708333334 0.50537109375 0.09456380208333333 0.031982421875
3 0.6790364583333334 0.62744140625 0.09423828125 0.033721923828125
5 0.3694661458333333 0.345458984375 0.10595703125 0.0740966796875
3 0.2947591145833333 0.5068359375 0.10205078125 0.034759521484375
3 0.42578125 0.56640625 0.10001627604166667 0.035400390625
3 0.2942708333333333 0.63427734375 0.10099283854166667 0.03656005859375
1 0.2799479166666667 0.80126953125 0.06587727864583333 0.03839111328125
4 0.5266927083333334 0.233154296875 0.049031575520833336 0.080078125
5 0.4794921875 0.4091796875 0.089599609375 0.06634521484375
4 0.4554036458333333 0.10504150390625 0.048583984375 0.08599853515625
4 0.3238932291666667 0.2325439453125 0.055094401041666664 0.08538818359375
2 0.3997395833333333 0.72314453125 0.08528645833333333 0.034759521484375
4 0.4602864583333333 0.2333984375 0.051188151041666664 0.082275390625
4 0.521484375 0.1033935546875 0.045654296875 0.08447265625
4 0.5947265625 0.2315673828125 0.05126953125 0.08135986328125
4 0.3175455729166667 0.102294921875 0.052083333333333336 0.0869140625
4 0.5885416666666666 0.10284423828125 0.043294270833333336 0.081787109375
4 0.384765625 0.103759765625 0.0491943359375 0.08648681640625
4 0.392578125 0.234619140625 0.052449544270833336 0.0816650390625
0 0.5641276041666666 0.859375 0.08748372395833333 0.0843505859375
3 0.548828125 0.5654296875 0.09375 0.03216552734375
1 0.32373046875 0.75 0.061360677083333336 0.04327392578125
0 0.6311848958333334 0.81982421875 0.08976236979166667 0.08526611328125