3 0.669921875 0.61083984375 0.08308919270833333 0.0305023193359375
4 0.5631510416666666 0.61181640625 0.085693359375 0.0305633544921875
3 0.8984375 0.3349609375 0.054361979166666664 0.07574462890625
3 0.9140625 0.43115234375 0.053263346354166664 0.0706787109375
3 0.80859375 0.348388671875 0.052937825520833336 0.0738525390625
3 0.7447916666666666 0.453125 0.0491943359375 0.06878662109375
3 0.72265625 0.360107421875 0.050618489583333336 0.07318115234375
3 0.8268229166666666 0.442626953125 0.05224609375 0.06866455078125
3 0.763671875 0.5419921875 0.049112955729166664 0.06585693359375
5 0.5211588541666666 0.58837890625 0.086181640625 0.05108642578125
2 0.630859375 0.6796875 0.0677490234375 0.044189453125
5 0.57421875 0.35205078125 0.058024088541666664 0.0782470703125
3 0.859375 0.61962890625 0.049031575520833336 0.06585693359375
3 0.78125 0.6279296875 0.045654296875 0.06439208984375
3 0.9303385416666666 0.5244140625 0.0513916015625 0.06793212890625
5 0.3932291666666667 0.27880859375 0.059814453125 0.0836181640625
4 0.3551432291666667 0.6005859375 0.0758056640625 0.06817626953125
4 0.27392578125 0.421630859375 0.073486328125 0.06890869140625
4 0.3307291666666667 0.447021484375 0.07173665364583333 0.06927490234375
5 0.3509114583333333 0.33740234375 0.058675130208333336 0.07452392578125
4 0.13834635416666666 0.50244140625 0.07511393229166667 0.06982421875
0 0.5003255208333334 0.7197265625 0.07132975260416667 0.063720703125
5 0.2605794270833333 0.30126953125 0.060343424479166664 0.07611083984375
4 0.19222005208333334 0.52392578125 0.0736083984375 0.06951904296875
4 0.24918619791666666 0.55126953125 0.07470703125 0.0706787109375
5 0.30126953125 0.239501953125 0.061604817708333336 0.08270263671875
4 0.3854166666666667 0.472900390625 0.07173665364583333 0.06854248046875
3 0.8450520833333334 0.5322265625 0.050699869791666664 0.06707763671875
4 0.3014322916666667 0.5732421875 0.07694498697916667 0.07159423828125
5 0.6188151041666666 0.449951171875 0.0560302734375 0.07275390625
5 0.4427083333333333 0.379150390625 0.05517578125 0.07421875
1 0.4586588541666667 0.61865234375 0.0576171875 0.0278472900390625
5 0.53125 0.413818359375 0.057088216145833336 0.07696533203125
4 0.21907552083333334 0.39697265625 0.062296549479166664 0.058441162109375
5 0.4853515625 0.317138671875 0.058349609375 0.08416748046875
1 0.6126302083333334 0.54931640625 0.0584716796875 0.0282745361328125
0 0.3776041666666667 0.71728515625 0.10188802083333333 0.047607421875