4 0.5998677248677249 0.46279761904761907 0.0701058201058201 0.056051587301587304
2 0.677744708994709 0.6016865079365079 0.04861111111111111 0.05853174603174603
4 0.6011904761904762 0.3523065476190476 0.0667989417989418 0.05084325396825397
5 0.11987433862433862 0.6091269841269841 0.08763227513227513 0.07490079365079365
4 0.6962632275132276 0.42224702380952384 0.06911375661375661 0.053323412698412696
4 0.4623015873015873 0.4011656746031746 0.06283068783068783 0.057787698412698416
0 0.7270171957671958 0.4739583333333333 0.08895502645502645 0.049107142857142856
5 0.8406084656084656 0.46490575396825395 0.06349206349206349 0.06225198412698413
5 0.4806547619047619 0.5744047619047619 0.09027777777777778 0.06746031746031746
5 0.2630621693121693 0.5623759920634921 0.08366402116402116 0.07564484126984126
1 0.6493055555555556 0.509796626984127 0.05324074074074074 0.041914682539682536
5 0.4750330687830688 0.6434771825396826 0.08961640211640212 0.07514880952380952
5 0.5896164021164021 0.6462053571428571 0.09325396825396826 0.06870039682539683
5 0.35962301587301587 0.6329365079365079 0.09292328042328042 0.07291666666666667
0 0.8794642857142857 0.611359126984127 0.11011904761904762 0.03521825396825397
3 0.7691798941798942 0.6604662698412699 0.08134920634920635 0.06547619047619048
4 0.5130224867724869 0.3862301587301587 0.061279761904761906 0.05529761904761905
4 0.6516931216931217 0.4431150793650794 0.06734126984126984 0.0551140873015873
4 0.4117824074074074 0.41381944444444446 0.0635978835978836 0.0551140873015873
4 0.7727876984126983 0.5649404761904763 0.04984457671957672 0.059538690476190474
4 0.5566402116402116 0.36987351190476186 0.0633531746031746 0.05185019841269841
5 0.14705357142857142 0.546875 0.08235780423280424 0.06793154761904761
4 0.5520833333333334 0.4799801587301587 0.06392526455026455 0.05718998015873016
5 0.3795568783068783 0.5698239087301588 0.09545965608465609 0.07397569444444443
3 0.30517526455026456 0.91796875 0.13639219576719577 0.05856398809523809
5 0.24169973544973544 0.6230481150793651 0.08569444444444443 0.07208333333333333
3 0.4729828042328042 0.9033209325396826 0.12939484126984127 0.058990575396825395
3 0.1352546296296296 0.8486334325396826 0.13305555555555557 0.05419890873015873
3 0.1416435185185185 0.7638888888888888 0.12014880952380952 0.044642857142857144
3 0.2981712962962963 0.7527281746031746 0.12014880952380952 0.04546875
3 0.3024074074074074 0.8349603174603174 0.1264649470899471 0.052428075396825397
3 0.6119808201058201 0.8066418650793651 0.11677910052910052 0.051666666666666666
3 0.4479166666666667 0.7421875 0.11759589947089948 0.049134424603174603
3 0.5974437830687831 0.730406746031746 0.11022817460317459 0.04546875
3 0.46028769841269845 0.8212896825396826 0.12036044973544975 0.05310019841269841
3 0.6404332010582011 0.8821106150793651 0.11904761904761904 0.0496031746031746
1 0.9394543650793651 0.5449231150793651 0.07279431216931216 0.03875744047619048