3 0.75390625 0.48974609375 0.09122721354166667 0.038604736328125
3 0.890625 0.46826171875 0.09236653645833333 0.037200927734375
3 0.90234375 0.4228515625 0.092041015625 0.03753662109375
3 0.6764322916666666 0.39013671875 0.08146158854166667 0.034759521484375
4 0.10945638020833333 0.5712890625 0.08056640625 0.06573486328125
4 0.31201171875 0.51513671875 0.07401529947916667 0.06304931640625
3 0.5716145833333334 0.375244140625 0.07792154947916667 0.0333251953125
3 0.6552734375 0.431884765625 0.08113606770833333 0.0360107421875
3 0.55078125 0.416015625 0.07722981770833333 0.03533935546875
3 0.78515625 0.406005859375 0.087158203125 0.035614013671875
3 0.5286458333333334 0.453125 0.0806884765625 0.03533935546875
4 0.26513671875 0.630859375 0.08113606770833333 0.07196044921875
4 0.20963541666666666 0.60986328125 0.08528645833333333 0.0738525390625
3 0.8795572916666666 0.50927734375 0.099365234375 0.03912353515625
4 0.21630859375 0.47802734375 0.07649739583333333 0.061431884765625
3 0.7708333333333334 0.448486328125 0.08829752604166667 0.036346435546875
4 0.158935546875 0.5908203125 0.08113606770833333 0.07122802734375
4 0.31494140625 0.64990234375 0.08561197916666667 0.07684326171875
4 0.357421875 0.5322265625 0.0721435546875 0.0701904296875
3 0.6360677083333334 0.47021484375 0.08585611979166667 0.037322998046875
4 0.2610677083333333 0.496826171875 0.07527669270833333 0.0635986328125
0 0.5706380208333334 0.59423828125 0.11409505208333333 0.05023193359375
4 0.4127604166666667 0.54736328125 0.07499186197916667 0.07159423828125
5 0.6953125 0.90625 0.11775716145833333 0.110107421875
1 0.37890625 0.4248046875 0.038716634114583336 0.035888671875
5 0.4677734375 0.78857421875 0.09407552083333333 0.09185791015625
2 0.5719401041666666 0.68408203125 0.09171549479166667 0.03607177734375
5 0.6998697916666666 0.8125 0.105224609375 0.0880126953125
0 0.5908203125 0.53857421875 0.10506184895833333 0.03955078125
5 0.18619791666666666 0.83740234375 0.09073893229166667 0.09417724609375
5 0.3447265625 0.77392578125 0.10335286458333333 0.0987548828125
5 0.21988932291666666 0.7578125 0.08203125 0.08404541015625
1 0.3238932291666667 0.412353515625 0.03466796875 0.03143310546875
5 0.5611979166666666 0.8876953125 0.103759765625 0.0987548828125
5 0.5725911458333334 0.798828125 0.091552734375 0.0836181640625
5 0.3076171875 0.85986328125 0.09025065104166667 0.09271240234375
5 0.431640625 0.87451171875 0.09407552083333333 0.1026611328125