4 0.5372023809523809 0.8179563492063492 0.07175925925925926 0.11458333333333333
4 0.22784391534391535 0.5360863095238095 0.11243386243386243 0.06969246031746032
4 0.4168320105820106 0.6082589285714286 0.1259920634920635 0.08110119047619048
4 0.32523148148148145 0.4427083333333333 0.1087962962962963 0.061507936507936505
4 0.5084325396825397 0.4986359126984127 0.12003968253968254 0.07118055555555555
4 0.6145833333333334 0.66650390625 0.13240559895833334 0.05511474609375
3 0.650390625 0.75146484375 0.07499186197916667 0.11163330078125
3 0.716796875 0.6181640625 0.09716796875 0.08709716796875
4 0.2775065104166667 0.48876953125 0.122314453125 0.06707763671875
4 0.16959635416666666 0.58935546875 0.12532552083333334 0.07781982421875
4 0.466796875 0.55126953125 0.12646484375 0.07171630859375
4 0.10945638020833333 0.6416015625 0.13330078125 0.08477783203125