3 0.3503637566137566 0.6385168650793651 0.06845238095238096 0.06324404761904762
3 0.28257275132275134 0.7869543650793651 0.0710978835978836 0.07142857142857142
3 0.35168650793650796 0.7490079365079365 0.07242063492063493 0.06994047619047619
2 0.802744708994709 0.6103670634920635 0.04861111111111111 0.056051587301587304
3 0.16385582010582012 0.5317460317460317 0.06580687830687831 0.05952380952380952
3 0.2876984126984127 0.5669642857142857 0.06746031746031746 0.06001984126984127
3 0.22321428571428573 0.6010664682539683 0.0667989417989418 0.061755952380952384
3 0.2847222222222222 0.6737351190476191 0.06944444444444445 0.06473214285714286
3 0.4166666666666667 0.7136656746031746 0.07076719576719577 0.06770833333333333
3 0.09937169312169312 0.5618799603174603 0.06779100529100529 0.06125992063492063
3 0.21792328042328044 0.7077132936507936 0.06878306878306878 0.06770833333333333
3 0.15757275132275134 0.6329365079365079 0.06911375661375661 0.06299603174603174
3 0.226521164021164 0.49888392857142855 0.06415343915343916 0.05828373015873016
0 0.7466931216931217 0.6362847222222222 0.07671957671957672 0.0716765873015873
5 0.5775462962962963 0.28149801587301587 0.044642857142857144 0.07093253968253968
1 0.5615079365079365 0.7770337301587301 0.06084656084656084 0.037698412698412696
4 0.4632936507936508 0.6019345238095238 0.08796296296296297 0.057539682539682536
5 0.6304563492063492 0.33023313492063494 0.04728835978835979 0.07018849206349206
5 0.5687830687830688 0.3618551587301587 0.04828042328042328 0.07093253968253968
5 0.5198412698412699 0.3098958333333333 0.046296296296296294 0.0716765873015873
1 0.5954034391534392 0.7269345238095238 0.060515873015873016 0.034722222222222224
5 0.6843584656084656 0.4651537698412698 0.04662698412698413 0.07415674603174603
4 0.39616402116402116 0.5265376984126984 0.08928571428571429 0.056051587301587304
5 0.6264880952380952 0.41294642857142855 0.044642857142857144 0.07291666666666667
5 0.687665343915344 0.37797619047619047 0.04265873015873016 0.06845238095238096
4 0.5608465608465608 0.503844246031746 0.08597883597883597 0.05282738095238095
4 0.4932208994708995 0.4283234126984127 0.08167989417989419 0.05257936507936508
4 0.6273148148148148 0.5737847222222222 0.08267195767195767 0.051835317460317464
5 0.7468584656084656 0.5172371031746031 0.04861111111111111 0.07762896825396826
5 0.7473544973544973 0.42584325396825395 0.04298941798941799 0.07142857142857142
5 0.8091931216931217 0.4773065476190476 0.04497354497354497 0.0716765873015873
4 0.5270182291666666 0.4677734375 0.08056640625 0.051544189453125
4 0.3655598958333333 0.489501953125 0.09025065104166667 0.052337646484375
4 0.591796875 0.53466796875 0.08357747395833333 0.055511474609375
4 0.4860026041666667 0.6416015625 0.08085123697916667 0.05889892578125
4 0.4290364583333333 0.56396484375 0.08158365885416667 0.053985595703125
0 0.681640625 0.66748046875 0.07808430989583333 0.0765380859375