3 0.1240244708994709 0.7871106150793651 0.06184854497354497 0.08435019841269842
3 0.18326719576719577 0.6665029761904763 0.057291666666666664 0.07501240079365079
3 0.25992724867724865 0.6455084325396826 0.05643849206349206 0.0738516865079365
4 0.48828042328042326 0.43725694444444446 0.08797288359788359 0.06304811507936509
3 0.2055654761904762 0.46948164682539684 0.05175925925925926 0.0606374007936508
3 0.23209656084656086 0.5537103174603174 0.05603174603174603 0.06854166666666667
4 0.5465509259259259 0.2973635912698413 0.07995701058201057 0.0559375
3 0.13240410052910054 0.48754960317460316 0.0507010582010582 0.0629265873015873
3 0.2102876984126984 0.7670907738095237 0.061279761904761906 0.08435019841269842
3 0.0791005291005291 0.5932614087301588 0.05517526455026455 0.07019097222222222
3 0.1559259259259259 0.5751959325396826 0.05456679894179894 0.07043402777777778
3 0.1007473544973545 0.6855481150793651 0.059123677248677245 0.07641617063492064
4 0.5266931216931217 0.47338789682539684 0.08341600529100529 0.05676339285714286
4 0.45019510582010586 0.40332093253968254 0.08699404761904762 0.06420882936507936
3 0.05891865079365079 0.5073239087301588 0.05147156084656085 0.06384176587301588
4 0.703125 0.43335069444444446 0.08544973544973544 0.06439236111111112
3 0.29150462962962964 0.7456051587301588 0.06091269841269841 0.08227430555555557
4 0.6223974867724869 0.3730481150793651 0.08308862433862434 0.0594171626984127
1 0.6914054232804233 0.2712400793650794 0.05354828042328043 0.035553075396825395
1 0.7337235449735451 0.30395585317460316 0.051107804232804234 0.036835317460317464
5 0.5800793650793651 0.7573239087301588 0.05794312169312169 0.10522569444444443
4 0.5647784391534392 0.5112301587301588 0.08666997354497354 0.06118799603174603
5 0.547526455026455 0.6376959325396826 0.060261243386243384 0.09686259920634921
5 0.4853505291005291 0.6958010912698412 0.05216600529100529 0.09466517857142857
5 0.4586574074074074 0.5864260912698412 0.056233465608465615 0.09222470238095239
0 0.8522123015873017 0.51171875 0.10522486772486772 0.07794146825396825
4 0.5820304232804233 0.33227430555555554 0.07791997354497354 0.058013392857142854
4 0.40885582010582017 0.36645585317460316 0.08585648148148148 0.05865575396825397
0 0.7916666666666666 0.5561532738095237 0.10449074074074075 0.08093253968253968
5 0.640625 0.69140625 0.05456679894179894 0.09271329365079364
5 0.40039021164021166 0.6435540674603174 0.06079034391534392 0.09570436507936508
4 0.656901455026455 0.4001463293650794 0.07893849206349207 0.059754464285714286
5 0.8483068783068783 0.8081051587301588 0.08357804232804233 0.1184077380952381
2 0.7291666666666666 0.6381845238095237 0.0851223544973545 0.05310019841269841
5 0.6777347883597883 0.8125 0.06901124338624338 0.11218253968253968
5 0.7845039682539683 0.875 0.06253968253968255 0.10577380952380953
5 0.7396395502645503 0.7461135912698412 0.06393187830687831 0.10003224206349207