4 0.14583333333333334 0.6571180555555556 0.08068783068783068 0.1029265873015873
4 0.48313492063492064 0.6960565476190477 0.07605820105820106 0.09796626984126984
4 0.43700396825396826 0.5286458333333334 0.07374338624338625 0.08804563492063493
4 0.3586309523809524 0.5177331349206349 0.07242063492063493 0.0900297619047619
4 0.2724867724867725 0.5066964285714286 0.07407407407407407 0.09077380952380952
4 0.4019510582010582 0.6840277777777778 0.07705026455026455 0.09871031746031746
4 0.23247354497354497 0.6669146825396826 0.07341269841269842 0.09573412698412699
4 0.19113756613756613 0.49528769841269843 0.07804232804232804 0.09275793650793651
4 0.3166335978835979 0.6774553571428571 0.06911375661375661 0.0954861111111111
5 0.7495039682539683 0.25111607142857145 0.11011904761904762 0.03249007936507937
5 0.6759259259259259 0.20597718253968253 0.11177248677248677 0.03149801587301587
5 0.5376984126984127 0.3306051587301587 0.11904761904761904 0.03571428571428571
5 0.6106150793650794 0.2683531746031746 0.11210317460317461 0.036210317460317464
5 0.8191137566137566 0.1892361111111111 0.1130952380952381 0.03422619047619048
5 0.6198743386243386 0.3810763888888889 0.11541005291005291 0.03794642857142857
5 0.6889880952380952 0.3152281746031746 0.11408730158730158 0.03720238095238095
5 0.7433862433862434 0.1385168650793651 0.1111111111111111 0.034970238095238096
5 0.46825396825396826 0.3968253968253968 0.12433862433862433 0.03720238095238095
3 0.7044270833333334 0.765625 0.053955078125 0.08599853515625
3 0.87890625 0.77587890625 0.055379231770833336 0.08526611328125
3 0.7884114583333334 0.76953125 0.054239908854166664 0.0867919921875
3 0.9127604166666666 0.460693359375 0.0576171875 0.0792236328125
3 0.890625 0.66845703125 0.0528564453125 0.08135986328125
3 0.8274739583333334 0.4501953125 0.056111653645833336 0.0765380859375
3 0.7194010416666666 0.65283203125 0.052937825520833336 0.08197021484375
3 0.7337239583333334 0.5439453125 0.052937825520833336 0.07861328125
3 0.8138020833333334 0.5537109375 0.054158528645833336 0.07879638671875
3 0.8001302083333334 0.66015625 0.054768880208333336 0.0843505859375
3 0.900390625 0.56201171875 0.06266276041666667 0.082275390625