0 0.47668650793650796 0.8206845238095238 0.11937830687830688 0.11359126984126984
2 0.28422619047619047 0.7217261904761905 0.12202380952380952 0.046130952380952384
4 0.548776455026455 0.6325644841269841 0.11871693121693122 0.05084325396825397
1 0.22503306878306878 0.5243055555555556 0.08035714285714286 0.04662698412698413
1 0.5481150793650794 0.5112847222222222 0.06977513227513228 0.06076388888888889
5 0.517526455026455 0.33618551587301587 0.06415343915343916 0.10342261904761904
5 0.6216931216931217 0.39285714285714285 0.06878306878306878 0.0992063492063492
5 0.3705357142857143 0.4525049603174603 0.05654761904761905 0.10243055555555555
5 0.8012566137566137 0.39372519841269843 0.07407407407407407 0.10540674603174603
5 0.687665343915344 0.33618551587301587 0.07572751322751323 0.10044642857142858
5 0.7333002645502645 0.45498511904761907 0.07175925925925926 0.10739087301587301
5 0.9135251322751323 0.45002480158730157 0.08300264550264551 0.10540674603174603
5 0.845734126984127 0.5172371031746031 0.0763888888888889 0.109375
5 0.5859788359788359 0.27492559523809523 0.0667989417989418 0.09995039682539683
5 0.4889219576719577 0.21887400793650794 0.05654761904761905 0.10094246031746032
3 0.3785807291666667 0.6044921875 0.13028971354166666 0.046295166015625