2 0.2718253968253968 0.697296626984127 0.06613756613756613 0.09598214285714286
0 0.2275132275132275 0.7687251984126984 0.17526455026455026 0.09499007936507936
5 0.30654761904761907 0.43278769841269843 0.07407407407407407 0.08680555555555555
4 0.333994708994709 0.6768353174603174 0.06349206349206349 0.1076388888888889
1 0.31216931216931215 0.5004960317460317 0.09126984126984126 0.04662698412698413
3 0.27246031746031746 0.60546875 0.08976190476190476 0.09533730158730158
3 0.43457010582010586 0.45288194444444446 0.058267195767195766 0.07836805555555557
1 0.33186838624338627 0.5869146825396826 0.07320105820105821 0.06939732142857143
3 0.5458994708994709 0.45410218253968254 0.06184854497354497 0.0797718253968254
3 0.6516931216931217 0.44848710317460316 0.06799272486772487 0.07989583333333333
3 0.5638029100529101 0.5615228174603174 0.06901124338624338 0.09619047619047619
3 0.44140542328042326 0.5629885912698412 0.06266203703703704 0.09686259920634921
3 0.4485681216931217 0.6962896825396826 0.07348544973544974 0.12023809523809524
3 0.5836574074074075 0.6962896825396826 0.08430886243386243 0.1214608134920635
3 0.6809887566137566 0.5556646825396826 0.07511243386243385 0.09570436507936508
3 0.7154960317460317 0.6894543650793651 0.09073743386243385 0.1214608134920635
3 0.45084656084656083 0.8671875 0.0961111111111111 0.15686011904761907
3 0.6106779100529101 0.8603521825396826 0.08829695767195767 0.14367559523809523