3 0.4873046875 0.60205078125 0.07865397135416667 0.06268310546875
5 0.4889322916666667 0.87353515625 0.09407552083333333 0.1094970703125
5 0.2630208333333333 0.83447265625 0.09806315104166667 0.1063232421875
5 0.5143229166666666 0.79443359375 0.089111328125 0.097900390625
3 0.7408854166666666 0.63916015625 0.06563313802083333 0.07208251953125
5 0.37890625 0.8505859375 0.09847005208333333 0.10595703125
3 0.8098958333333334 0.61328125 0.06978352864583333 0.0706787109375
3 0.724609375 0.329833984375 0.061726888020833336 0.06744384765625
3 0.7740885416666666 0.414306640625 0.06685384114583333 0.06842041015625
3 0.6526692708333334 0.34765625 0.0631103515625 0.06732177734375
5 0.4046223958333333 0.77685546875 0.09423828125 0.0943603515625
5 0.14176432291666666 0.81982421875 0.10506184895833333 0.1063232421875
3 0.7044270833333334 0.4365234375 0.0633544921875 0.06817626953125
3 0.826171875 0.5009765625 0.068603515625 0.070556640625
5 0.17106119791666666 0.7373046875 0.099365234375 0.09027099609375
4 0.5130208333333334 0.673828125 0.0465087890625 0.07208251953125
5 0.2877604166666667 0.75830078125 0.09651692708333333 0.09320068359375
3 0.6861979166666666 0.54736328125 0.06392415364583333 0.06817626953125
3 0.87890625 0.58740234375 0.06949869791666667 0.06939697265625
3 0.7565104166666666 0.52490234375 0.06746419270833333 0.06927490234375
3 0.6334635416666666 0.45751953125 0.06392415364583333 0.06878662109375
0 0.2874348958333333 0.61572265625 0.112060546875 0.058013916015625
5 0.6015625 0.89111328125 0.09090169270833333 0.10540771484375
4 0.3333333333333333 0.349365234375 0.056844075520833336 0.08251953125
4 0.263671875 0.349853515625 0.0565185546875 0.0823974609375
4 0.19010416666666666 0.348388671875 0.054972330729166664 0.08251953125
4 0.11507161458333333 0.34814453125 0.0576171875 0.0843505859375
5 0.4085286458333333 0.61962890625 0.11328125 0.051544189453125
0 0.4010416666666667 0.681640625 0.107177734375 0.08038330078125
4 0.3346354166666667 0.4853515625 0.057942708333333336 0.0810546875
1 0.671875 0.70849609375 0.06453450520833333 0.04107666015625
4 0.18831380208333334 0.48681640625 0.060791015625 0.08331298828125
4 0.26123046875 0.486328125 0.058675130208333336 0.08154296875
4 0.11067708333333333 0.486572265625 0.060262044270833336 0.08270263671875
4 0.408203125 0.484619140625 0.0576171875 0.082275390625
2 0.25146484375 0.55615234375 0.09326171875 0.031494140625
1 0.521484375 0.51025390625 0.0489501953125 0.0482177734375