3 0.8414351851851852 0.5435267857142857 0.11011904761904762 0.14657738095238096
3 0.2726521164021164 0.2845982142857143 0.10681216931216932 0.1148313492063492
3 0.7891865079365079 0.1932043650793651 0.09821428571428571 0.1324404761904762
3 0.8705357142857143 0.7341269841269841 0.1173941798941799 0.15426587301587302
3 0.8149801587301587 0.36259920634920634 0.10615079365079365 0.13640873015873015
4 0.2743055555555556 0.40612599206349204 0.08101851851851852 0.12425595238095238
3 0.6752645502645502 0.5518353174603174 0.10449735449735449 0.14087301587301587
3 0.6539351851851852 0.37388392857142855 0.1001984126984127 0.13516865079365079
3 0.37103174603174605 0.45436507936507936 0.09060846560846561 0.12450396825396826
3 0.531415343915344 0.7495039682539683 0.09986772486772487 0.15128968253968253
3 0.6985780423280423 0.7411954365079365 0.105489417989418 0.15203373015873015
3 0.5162037037037037 0.5642361111111112 0.09523809523809523 0.12748015873015872
3 0.501984126984127 0.3763640873015873 0.0992063492063492 0.13268849206349206
4 0.09041335978835979 0.5297842261904763 0.1310218253968254 0.11798115079365079