3 0.24560546875 0.5341796875 0.10262044270833333 0.036773681640625
3 0.6276041666666666 0.57421875 0.09529622395833333 0.03521728515625
3 0.2556966145833333 0.6611328125 0.10319010416666667 0.038604736328125
3 0.5022786458333334 0.521484375 0.09651692708333333 0.03460693359375
3 0.2511393229166667 0.59765625 0.10245768229166667 0.039337158203125
3 0.3870442708333333 0.65234375 0.10148111979166667 0.0386962890625
5 0.1982421875 0.379638671875 0.11246744791666667 0.07464599609375
3 0.63671875 0.63671875 0.09407552083333333 0.036163330078125
3 0.6246744791666666 0.51513671875 0.09391276041666667 0.034423828125
5 0.3203125 0.439208984375 0.09651692708333333 0.061309814453125
1 0.25390625 0.8310546875 0.06624348958333333 0.037200927734375
4 0.3258463541666667 0.261962890625 0.0545654296875 0.07806396484375
3 0.513671875 0.6435546875 0.10026041666666667 0.038330078125
5 0.094970703125 0.459228515625 0.11824544270833333 0.07452392578125
2 0.369140625 0.74609375 0.08634440104166667 0.03253173828125
4 0.443359375 0.1312255859375 0.0523681640625 0.0823974609375
5 0.4098307291666667 0.3603515625 0.10677083333333333 0.0699462890625
5 0.3079427083333333 0.373291015625 0.09513346354166667 0.062103271484375
4 0.3916015625 0.258056640625 0.055908203125 0.0794677734375
3 0.3753255208333333 0.5283203125 0.09806315104166667 0.0364990234375
5 0.4228515625 0.429931640625 0.089111328125 0.063232421875
5 0.20963541666666666 0.45068359375 0.09847005208333333 0.0618896484375
4 0.3759765625 0.1334228515625 0.051595052083333336 0.0838623046875
5 0.08479817708333333 0.38916015625 0.1171875 0.0740966796875
5 0.52734375 0.420166015625 0.101318359375 0.07122802734375
5 0.5166015625 0.3525390625 0.09391276041666667 0.059967041015625
3 0.5068359375 0.58056640625 0.09562174479166667 0.038177490234375
3 0.3824869791666667 0.58837890625 0.10148111979166667 0.038970947265625
4 0.3059895833333333 0.1343994140625 0.050699869791666664 0.0810546875
4 0.5065104166666666 0.126708984375 0.047932942708333336 0.0816650390625
0 0.5426432291666666 0.873046875 0.088623046875 0.08050537109375
4 0.2550455729166667 0.262451171875 0.055501302083333336 0.082275390625
4 0.5247395833333334 0.251953125 0.049112955729166664 0.0792236328125
4 0.24104817708333334 0.1353759765625 0.051188151041666664 0.08154296875
0 0.6080729166666666 0.8291015625 0.091552734375 0.0816650390625
1 0.2942708333333333 0.77685546875 0.060791015625 0.04010009765625
4 0.4560546875 0.25537109375 0.047200520833333336 0.073974609375