3 0.2610677083333333 0.466796875 0.044108072916666664 0.06890869140625
3 0.11083984375 0.658203125 0.046590169270833336 0.07305908203125
3 0.19075520833333334 0.6552734375 0.045369466145833336 0.07196044921875
3 0.26513671875 0.55517578125 0.044962565104166664 0.06878662109375
3 0.11002604166666667 0.56494140625 0.047932942708333336 0.0701904296875
3 0.18147786458333334 0.38671875 0.042399088541666664 0.0634765625
3 0.10986328125 0.47705078125 0.0474853515625 0.06817626953125
3 0.26953125 0.6494140625 0.046956380208333336 0.072509765625
3 0.2569986979166667 0.37744140625 0.042724609375 0.0592041015625
5 0.7610677083333334 0.363525390625 0.047119140625 0.07891845703125
3 0.19026692708333334 0.56103515625 0.0462646484375 0.0703125
2 0.591796875 0.436767578125 0.04083251953125 0.056549072265625
3 0.18668619791666666 0.472900390625 0.0450439453125 0.06683349609375
0 0.3447265625 0.85302734375 0.12443033854166667 0.057586669921875
0 0.32080078125 0.787109375 0.12166341145833333 0.0521240234375
5 0.8385416666666666 0.412353515625 0.052083333333333336 0.08526611328125
5 0.623046875 0.27197265625 0.046346028645833336 0.0830078125
5 0.5634765625 0.308349609375 0.043294270833333336 0.07708740234375
3 0.10872395833333333 0.39208984375 0.0458984375 0.06451416015625
5 0.5582682291666666 0.219482421875 0.037699381510416664 0.07684326171875
5 0.6920572916666666 0.3154296875 0.046427408854166664 0.07989501953125
4 0.6604817708333334 0.5849609375 0.08406575520833333 0.06878662109375
5 0.6337890625 0.352783203125 0.039082845052083336 0.06756591796875
5 0.498046875 0.25634765625 0.0447998046875 0.08038330078125
4 0.7063802083333334 0.79638671875 0.07706705729166667 0.06756591796875
4 0.767578125 0.6533203125 0.08894856770833333 0.071044921875
4 0.82421875 0.69091796875 0.09375 0.07501220703125
4 0.611328125 0.5517578125 0.08463541666666667 0.06695556640625
4 0.5462239583333334 0.6806640625 0.09391276041666667 0.07781982421875
5 0.7018229166666666 0.40869140625 0.050048828125 0.082275390625
5 0.775390625 0.457763671875 0.041910807291666664 0.0753173828125
4 0.7141927083333334 0.619140625 0.088134765625 0.0701904296875
4 0.6500651041666666 0.75341796875 0.09529622395833333 0.07861328125
4 0.6015625 0.71875 0.09309895833333333 0.07696533203125
4 0.4977213541666667 0.64697265625 0.08601888020833333 0.0751953125
1 0.3707682291666667 0.353271484375 0.061279296875 0.0278472900390625
1 0.3782552083333333 0.30322265625 0.057373046875 0.029144287109375