1 0.1111111111111111 0.5892857142857143 0.07605820105820106 0.053075396825396824
0 0.28422619047619047 0.3872767857142857 0.09424603174603174 0.10788690476190477
5 0.19659391534391535 0.5298859126984127 0.08697089947089948 0.10639880952380952
4 0.4029431216931217 0.7099454365079365 0.09887566137566138 0.08209325396825397
3 0.4064153439153439 0.4564732142857143 0.11904761904761904 0.06770833333333333
2 0.5252976190476191 0.49888392857142855 0.07903439153439154 0.07911706349206349
4 0.626818783068783 0.5797371031746031 0.11474867724867725 0.09598214285714286
0 0.17377645502645503 0.6749751984126984 0.05654761904761905 0.10491071428571429
1 0.09970238095238096 0.6834077380952381 0.0763888888888889 0.038938492063492064
4 0.6959325396825397 0.7666170634920635 0.10681216931216932 0.09226190476190477
4 0.5562169312169312 0.8485863095238095 0.09193121693121693 0.08010912698412699
4 0.8581349206349206 0.6929563492063492 0.10185185185185185 0.08382936507936507
3 0.857421875 0.444091796875 0.14908854166666666 0.0726318359375
3 0.685546875 0.39306640625 0.13956705729166666 0.07476806640625
4 0.5546875 0.6259765625 0.101318359375 0.0809326171875
3 0.9010416666666666 0.359375 0.15193684895833334 0.080810546875
4 0.4775390625 0.6591796875 0.11930338541666667 0.1014404296875
3 0.7239583333333334 0.3076171875 0.13566080729166666 0.07666015625
4 0.3756510416666667 0.591796875 0.10636393229166667 0.07977294921875
3 0.5572916666666666 0.257568359375 0.14298502604166666 0.07708740234375
3 0.6028645833333334 0.16748046875 0.14274088541666666 0.08038330078125
3 0.3447265625 0.29541015625 0.13566080729166666 0.07354736328125
3 0.7760416666666666 0.2158203125 0.14680989583333334 0.0830078125
3 0.5162760416666666 0.345458984375 0.13956705729166666 0.07452392578125
4 0.6263020833333334 0.8056640625 0.09562174479166667 0.081787109375
3 0.3880208333333333 0.20849609375 0.14029947916666666 0.07666015625
4 0.7779947916666666 0.73046875 0.092529296875 0.090576171875
3 0.4319661458333333 0.115966796875 0.15299479166666666 0.08404541015625