5 0.376953125 0.86767578125 0.11043294270833333 0.1007080078125
0 0.357421875 0.64794921875 0.11865234375 0.053314208984375
3 0.5465494791666666 0.6103515625 0.08846028645833333 0.0574951171875
0 0.4788411458333333 0.697265625 0.11637369791666667 0.07452392578125
3 0.7890625 0.388427734375 0.07706705729166667 0.06781005859375
5 0.5061848958333334 0.79248046875 0.10734049479166667 0.089599609375
5 0.3870442708333333 0.787109375 0.106201171875 0.089111328125
4 0.5911458333333334 0.677734375 0.040751139322916664 0.07464599609375
3 0.9329427083333334 0.54443359375 0.0791015625 0.06658935546875
5 0.5009765625 0.87158203125 0.11588541666666667 0.10467529296875
5 0.2561848958333333 0.86572265625 0.1171875 0.1014404296875
5 0.2682291666666667 0.783203125 0.10945638020833333 0.08770751953125
3 0.8580729166666666 0.462646484375 0.07853190104166667 0.06842041015625
5 0.6142578125 0.87890625 0.10408528645833333 0.09808349609375
3 0.7154947916666666 0.308837890625 0.068115234375 0.06646728515625
5 0.4736328125 0.634765625 0.11490885416666667 0.04351806640625
1 0.7552083333333334 0.6923828125 0.06949869791666667 0.038909912109375
3 0.796875 0.496337890625 0.07552083333333333 0.06793212890625
3 0.7233072916666666 0.416259765625 0.06913248697916667 0.06585693359375
3 0.7317708333333334 0.52978515625 0.0706787109375 0.06768798828125
3 0.6520182291666666 0.337646484375 0.0687255859375 0.0638427734375
5 0.6175130208333334 0.79833984375 0.10148111979166667 0.08978271484375
4 0.2998046875 0.52392578125 0.06502278645833333 0.08270263671875
3 0.87109375 0.57666015625 0.07853190104166667 0.06805419921875
2 0.3040364583333333 0.59375 0.09025065104166667 0.03656005859375
3 0.8079427083333334 0.6142578125 0.07527669270833333 0.0701904296875
4 0.2708333333333333 0.38818359375 0.0635986328125 0.0838623046875
4 0.3727213541666667 0.513671875 0.06538899739583333 0.082275390625
4 0.15120442708333334 0.54248046875 0.067626953125 0.08599853515625
3 0.6572265625 0.4482421875 0.068603515625 0.06719970703125
4 0.2265625 0.53369140625 0.06734212239583333 0.0849609375
4 0.12516276041666666 0.405517578125 0.063232421875 0.0831298828125
4 0.4430338541666667 0.50390625 0.06599934895833333 0.08251953125
4 0.19873046875 0.397216796875 0.063232421875 0.08404541015625
4 0.33984375 0.3798828125 0.0628662109375 0.08270263671875
1 0.5611979166666666 0.51220703125 0.051595052083333336 0.043365478515625
5 0.7291666666666666 0.8837890625 0.11653645833333333 0.100341796875