0 0.7252612433862434 0.40136656746031746 0.12011574074074075 0.034027777777777775
3 0.4332671957671958 0.35961805555555554 0.09204034391534391 0.04663194444444445
3 0.2858068783068783 0.39184523809523814 0.08683201058201058 0.04370039682539682
4 0.46191468253968254 0.625 0.08406415343915344 0.08727926587301588
3 0.36523478835978834 0.47363343253968254 0.0925297619047619 0.04577628968253968
4 0.3177083333333333 0.7475595238095237 0.08634589947089948 0.0902703373015873
0 0.875 0.4887698412698413 0.09667989417989419 0.10540674603174603
3 0.5537103174603175 0.3845213293650794 0.09684193121693123 0.0476984126984127
5 0.6429034391534392 0.1910391865079365 0.08280423280423281 0.06646825396825397
4 0.2524404761904762 0.7246106150793651 0.08927248677248677 0.09136904761904761
3 0.31819775132275135 0.33715773809523814 0.08683201058201058 0.044097222222222225
3 0.4895833333333333 0.50390625 0.09895833333333333 0.04840029761904762
3 0.21093915343915343 0.31542906746031746 0.08357804232804233 0.042876984126984125
3 0.25016203703703704 0.4458010912698413 0.0915542328042328 0.043854166666666666
4 0.38737103174603177 0.7744146825396826 0.07881613756613756 0.09222470238095239
2 0.6848974867724869 0.5019543650793651 0.0961111111111111 0.0390625
3 0.4007175925925926 0.41699156746031746 0.093260582010582 0.045441468253968255
4 0.6028637566137566 0.3303224206349206 0.09716931216931216 0.04263392857142857
3 0.5253902116402116 0.4431150793650794 0.09773809523809524 0.04681299603174603
5 0.6409490740740741 0.25878968253968254 0.1007473544973545 0.07946676587301588
5 0.5299470899470899 0.2651364087301587 0.10058531746031747 0.07665922619047619
3 0.18082671957671959 0.36791914682539684 0.08390211640211641 0.042876984126984125
5 0.43001322751322746 0.20544394841269842 0.08447420634920634 0.06854166666666667
4 0.18310515873015873 0.7021478174603174 0.08634589947089948 0.08648561507936507
1 0.7805985449735451 0.5058606150793651 0.07694444444444444 0.044434523809523806
5 0.42480489417989414 0.2690426587301587 0.0925297619047619 0.07354662698412699
5 0.3203141534391534 0.26635664682539684 0.08528769841269843 0.07055555555555557
5 0.5393882275132275 0.20214781746031746 0.10408399470899471 0.0823983134920635
5 0.7578141534391535 0.2519543650793651 0.11694444444444443 0.0881969246031746
5 0.6393220899470899 0.3496106150793651 0.11149140211640211 0.03955109126984127
1 0.7376289682539683 0.45556547619047616 0.07995701058201057 0.040771329365079365
5 0.33398478835978834 0.20764136904761907 0.08203042328042329 0.06817708333333333
4 0.26160714285714287 0.5621180555555556 0.07746362433862433 0.07236607142857142
4 0.329265873015873 0.5869146825396826 0.07955026455026455 0.08105406746031746
4 0.39811177248677254 0.6074231150793651 0.08219246031746032 0.08300843253968254
4 0.20019510582010583 0.5473635912698412 0.07694444444444444 0.07434027777777778
3 0.7583267195767195 0.3674404761904762 0.11415674603174603 0.03567460317460318