3 0.9158399470899471 0.5596478174603174 0.08167989417989419 0.029513888888888888
3 0.5924272486772487 0.5880456349206349 0.08101851851851852 0.030753968253968252
3 0.7885251322751323 0.5249255952380952 0.07837301587301587 0.029513888888888888
3 0.6841931216931217 0.5345982142857143 0.07804232804232804 0.029017857142857144
3 0.7721560846560847 0.48313492063492064 0.0787037037037037 0.028769841269841268
3 0.8720238095238095 0.4748263888888889 0.07804232804232804 0.029017857142857144
5 0.3819444444444444 0.46924603174603174 0.07671957671957672 0.04563492063492063
1 0.5264550264550265 0.8405257936507936 0.06547619047619048 0.03968253968253968
3 0.701058201058201 0.5776289682539683 0.08068783068783068 0.030257936507936508
3 0.8088624338624338 0.5685763888888888 0.08134920634920635 0.03050595238095238
3 0.5805224867724867 0.5443948412698413 0.0796957671957672 0.029265873015873016
3 0.6716269841269841 0.4911954365079365 0.0787037037037037 0.029513888888888888
3 0.5701058201058201 0.49987599206349204 0.08002645502645503 0.029513888888888888
3 0.8913690476190477 0.515625 0.07771164021164022 0.029265873015873016
2 0.7944775132275133 0.6579861111111112 0.04927248677248677 0.053075396825396824
0 0.6595568783068783 0.6569940476190477 0.055224867724867725 0.07142857142857142
1 0.5601851851851852 0.7858382936507936 0.061507936507936505 0.034970238095238096
4 0.2273478835978836 0.808655753968254 0.09556878306878307 0.06324404761904762
4 0.13624338624338625 0.691468253968254 0.09656084656084656 0.06001984126984127
0 0.7318121693121693 0.6432291666666666 0.05886243386243386 0.06870039682539683
4 0.37797619047619047 0.7260664682539683 0.09259259259259259 0.0642361111111111
4 0.27761243386243384 0.6223958333333334 0.08697089947089948 0.05381944444444445
5 0.29464285714285715 0.43117559523809523 0.07208994708994709 0.043402777777777776
5 0.5456349206349206 0.45101686507936506 0.07407407407407407 0.04141865079365079
5 0.46296296296296297 0.45808531746031744 0.07341269841269842 0.04265873015873016
5 0.5322420634920635 0.4098462301587302 0.07506613756613757 0.04092261904761905
5 0.6087962962962963 0.3976934523809524 0.07341269841269842 0.037450396825396824
5 0.6261574074074074 0.44047619047619047 0.07903439153439154 0.039186507936507936
5 0.2984457671957672 0.47271825396825395 0.07572751322751323 0.0441468253968254
5 0.3758829365079365 0.4274131944444444 0.07054563492063493 0.044642857142857144
5 0.45634920634920634 0.41997271825396826 0.07275132275132275 0.03968253968253968
4 0.31084656084656087 0.6551760912698413 0.0815707671957672 0.050429067460317466
4 0.16644510582010583 0.7242063492063492 0.09479828042328042 0.0496031746031746
4 0.19786044973544975 0.7684350198412698 0.09369378306878307 0.062003968253968256
4 0.10692129629629629 0.6560019841269841 0.08597883597883597 0.05538938492063492
4 0.2425033068783069 0.5853174603174603 0.0815707671957672 0.044642857142857144
4 0.3384027777777778 0.6874181547619048 0.08377314814814815 0.053737599206349206