3 0.31005859375 0.2705078125 0.0736083984375 0.0296478271484375
3 0.4173177083333333 0.358642578125 0.0736083984375 0.027069091796875
5 0.73828125 0.451171875 0.09375 0.0343017578125
3 0.3191731770833333 0.36328125 0.07255045572916667 0.0264129638671875
3 0.6057942708333334 0.302978515625 0.0745849609375 0.0276336669921875
5 0.5 0.62646484375 0.091552734375 0.035888671875
3 0.3151041666666667 0.318359375 0.07413736979166667 0.0287017822265625
4 0.17708333333333334 0.541015625 0.083740234375 0.042572021484375
4 0.2880859375 0.469482421875 0.07954915364583333 0.039947509765625
5 0.6018880208333334 0.60400390625 0.09041341145833333 0.03521728515625
4 0.3255208333333333 0.5458984375 0.0799560546875 0.0390625
4 0.3079427083333333 0.5078125 0.08011881510416667 0.037322998046875
5 0.5904947916666666 0.5234375 0.09138997395833333 0.033905029296875
4 0.19563802083333334 0.580078125 0.08447265625 0.041839599609375
3 0.513671875 0.353759765625 0.07279459635416667 0.0272216796875
5 0.5598958333333334 0.65869140625 0.07893880208333333 0.0287628173828125
3 0.4069010416666667 0.26611328125 0.07470703125 0.0297088623046875
3 0.4124348958333333 0.314208984375 0.0745849609375 0.028594970703125
3 0.6103515625 0.34912109375 0.07332356770833333 0.0271759033203125
5 0.6494140625 0.5537109375 0.08829752604166667 0.0321044921875
3 0.50390625 0.2607421875 0.07470703125 0.0294189453125
4 0.15909830729166666 0.5048828125 0.08447265625 0.042236328125
4 0.359375 0.62109375 0.07938639322916667 0.039642333984375
5 0.6822916666666666 0.423828125 0.08430989583333333 0.027740478515625
4 0.21207682291666666 0.61767578125 0.08357747395833333 0.0413818359375
5 0.5442708333333334 0.57275390625 0.08976236979166667 0.03173828125
3 0.5986328125 0.25634765625 0.0767822265625 0.03021240234375
4 0.22867838541666666 0.658203125 0.08146158854166667 0.040924072265625
1 0.4156901041666667 0.428466796875 0.043212890625 0.02838134765625
0 0.5279947916666666 0.4609375 0.07539876302083333 0.044586181640625
4 0.3440755208333333 0.583984375 0.08011881510416667 0.042236328125
3 0.5084635416666666 0.3095703125 0.07706705729166667 0.029144287109375
2 0.486328125 0.5224609375 0.055379231770833336 0.041839599609375
1 0.3759765625 0.46044921875 0.039754231770833336 0.0305633544921875
5 0.6328125 0.472412109375 0.090087890625 0.035491943359375
0 0.5608723958333334 0.4208984375 0.07596842447916667 0.044281005859375
5 0.69140625 0.5029296875 0.08146158854166667 0.0264129638671875