3 0.671875 0.5341796875 0.08280436197916667 0.06951904296875
1 0.8352864583333334 0.4443359375 0.048665364583333336 0.047607421875
3 0.8287760416666666 0.57470703125 0.091552734375 0.07342529296875
3 0.7376302083333334 0.49755859375 0.08479817708333333 0.06866455078125
5 0.4641927083333333 0.74560546875 0.06734212239583333 0.1070556640625
4 0.33154296875 0.20263671875 0.0709228515625 0.06817626953125
1 0.9095052083333334 0.429931640625 0.051188151041666664 0.042724609375
3 0.509765625 0.39111328125 0.0745849609375 0.06622314453125
3 0.5882161458333334 0.462890625 0.07820638020833333 0.06781005859375
4 0.4244791666666667 0.293212890625 0.0723876953125 0.06817626953125
3 0.7610677083333334 0.61328125 0.08894856770833333 0.07464599609375
3 0.5738932291666666 0.35546875 0.0723876953125 0.06231689453125
4 0.3118489583333333 0.346435546875 0.07706705729166667 0.06866455078125
4 0.2814127604166667 0.22900390625 0.06949869791666667 0.0709228515625
5 0.3260091145833333 0.60693359375 0.068115234375 0.09912109375
2 0.75390625 0.422607421875 0.055582682291666664 0.0616455078125
3 0.4440104166666667 0.424560546875 0.07291666666666667 0.06646728515625
3 0.6536458333333334 0.422607421875 0.07820638020833333 0.06427001953125
4 0.3860677083333333 0.1763916015625 0.07108561197916667 0.06878662109375
5 0.3938802083333333 0.67529296875 0.0706787109375 0.1055908203125
4 0.2521158854166667 0.370361328125 0.07401529947916667 0.06854248046875
5 0.6220703125 0.7705078125 0.052083333333333336 0.093994140625
4 0.4739583333333333 0.265380859375 0.07145182291666667 0.06951904296875
5 0.5458984375 0.69775390625 0.062174479166666664 0.09686279296875
5 0.4739583333333333 0.62646484375 0.0474853515625 0.08343505859375
0 0.6744791666666666 0.303955078125 0.067626953125 0.0810546875
4 0.22249348958333334 0.251953125 0.07027180989583333 0.07147216796875
3 0.6048177083333334 0.57421875 0.08085123697916667 0.07171630859375
3 0.6927083333333334 0.658203125 0.08028157552083333 0.072265625
4 0.3639322916666667 0.3203125 0.072265625 0.06903076171875
5 0.40234375 0.56103515625 0.06477864583333333 0.09234619140625
5 0.5393880208333334 0.822265625 0.0682373046875 0.1190185546875
3 0.5237630208333334 0.5 0.07722981770833333 0.07122802734375
5 0.2571614583333333 0.5400390625 0.06648763020833333 0.08929443359375
5 0.3333333333333333 0.496826171875 0.051188151041666664 0.08197021484375
4 0.16780598958333334 0.274658203125 0.0706787109375 0.071044921875
0 0.75 0.327392578125 0.07132975260416667 0.08343505859375