4 0.5084325396825397 0.6277281746031746 0.103505291005291 0.0441468253968254
4 0.5375330687830688 0.7374751984126984 0.11408730158730158 0.046875
4 0.33647486772486773 0.7610367063492064 0.12334656084656084 0.053323412698412696
4 0.7746362433862434 0.8204365079365079 0.10747354497354497 0.07043650793650794
4 0.5243055555555556 0.6793154761904762 0.10681216931216932 0.04662698412698413
4 0.3488756613756614 0.8876488095238095 0.125 0.057539682539682536
4 0.3212632275132275 0.6511656746031746 0.11408730158730158 0.044890873015873016
4 0.3272156084656085 0.7037450396825397 0.11673280423280423 0.048859126984126984
3 0.7779947916666666 0.740234375 0.08146158854166667 0.07794189453125
4 0.3453776041666667 0.8251953125 0.13102213541666666 0.0618896484375
3 0.7200520833333334 0.640625 0.057291666666666664 0.0703125
4 0.703125 0.70361328125 0.08357747395833333 0.05865478515625