3 0.537109375 0.7939453125 0.07080078125 0.07965087890625
3 0.5107421875 0.66552734375 0.07120768229166667 0.07781982421875
3 0.4007161458333333 0.85986328125 0.0687255859375 0.082275390625
3 0.3753255208333333 0.734375 0.068359375 0.0792236328125
3 0.4576822916666667 0.7626953125 0.06990559895833333 0.07891845703125
3 0.4827473958333333 0.54541015625 0.07014973958333333 0.07342529296875
3 0.64453125 0.59814453125 0.0682373046875 0.0784912109375
3 0.5921223958333334 0.69287109375 0.06925455729166667 0.0784912109375
3 0.3212890625 0.8330078125 0.06787109375 0.0792236328125
3 0.4290364583333333 0.638671875 0.0677490234375 0.07965087890625
5 0.248046875 0.71337890625 0.11946614583333333 0.060211181640625
3 0.4820963541666667 0.8955078125 0.07108561197916667 0.08251953125
5 0.3522135416666667 0.47900390625 0.09912109375 0.049041748046875
5 0.287109375 0.63330078125 0.1142578125 0.060302734375
3 0.5628255208333334 0.5712890625 0.0723876953125 0.07720947265625
5 0.162353515625 0.68798828125 0.124267578125 0.06304931640625
5 0.2698567708333333 0.4580078125 0.10807291666666667 0.053985595703125
2 0.7662760416666666 0.62158203125 0.08992513020833333 0.03436279296875
1 0.8450520833333334 0.93994140625 0.078369140625 0.043853759765625
5 0.20231119791666666 0.79736328125 0.12556966145833334 0.06597900390625
4 0.5843098958333334 0.39013671875 0.054850260416666664 0.08282470703125
5 0.19807942708333334 0.6123046875 0.10791015625 0.05706787109375
5 0.118408203125 0.7685546875 0.122314453125 0.060760498046875
1 0.8359375 0.8701171875 0.0819091796875 0.0413818359375
4 0.5270182291666666 0.25390625 0.044352213541666664 0.07159423828125
4 0.5152994791666666 0.386962890625 0.054361979166666664 0.0823974609375
5 0.3196614583333333 0.55517578125 0.103759765625 0.048858642578125
4 0.5986328125 0.25439453125 0.04248046875 0.0743408203125
4 0.4619140625 0.25341796875 0.043375651041666664 0.0723876953125
4 0.4466145833333333 0.38525390625 0.052937825520833336 0.07879638671875
4 0.66796875 0.25732421875 0.056111653645833336 0.08660888671875
0 0.822265625 0.775390625 0.13167317708333334 0.038543701171875
5 0.23714192708333334 0.53125 0.10432942708333333 0.05059814453125
4 0.73828125 0.252685546875 0.046346028645833336 0.07476806640625
4 0.728515625 0.39208984375 0.055379231770833336 0.0863037109375
0 0.8248697916666666 0.701171875 0.12849934895833334 0.035552978515625
4 0.6595052083333334 0.386474609375 0.042399088541666664 0.07208251953125