3 0.27645502645502645 0.7987351190476191 0.05026455026455026 0.06919642857142858
3 0.22073412698412698 0.5296378968253969 0.049933862433862435 0.06671626984126984
3 0.16319444444444445 0.6279761904761905 0.05125661375661376 0.06845238095238096
3 0.25727513227513227 0.7093253968253969 0.05092592592592592 0.06845238095238096
3 0.2390873015873016 0.6199156746031746 0.05092592592592592 0.06820436507936507
3 0.0689484126984127 0.5474950396825397 0.05191798941798942 0.06870039682539683
3 0.10416666666666667 0.7266865079365079 0.052248677248677246 0.07043650793650794
3 0.12169312169312169 0.8167162698412699 0.05291005291005291 0.07043650793650794
3 0.08680555555555555 0.6370287698412699 0.05324074074074074 0.06870039682539683
3 0.20287698412698413 0.8059275793650794 0.05191798941798942 0.07068452380952381
3 0.14434523809523808 0.5388144841269841 0.049933862433862435 0.06820436507936507
3 0.18088624338624337 0.716765873015873 0.05092592592592592 0.06944444444444445
2 0.6982473544973545 0.8411458333333334 0.045965608465608467 0.05927579365079365
5 0.7151124338624338 0.7341269841269841 0.07771164021164022 0.0744047619047619
5 0.7600859788359788 0.5716765873015873 0.0882936507936508 0.07886904761904762
5 0.6729497354497355 0.5818452380952381 0.082010582010582 0.07688492063492064
1 0.3687169312169312 0.9036458333333334 0.05092592592592592 0.044890873015873016
5 0.640542328042328 0.43179563492063494 0.08531746031746032 0.07936507936507936
5 0.6936177248677249 0.6579861111111112 0.08366402116402116 0.07589285714285714
5 0.7837301587301587 0.6443452380952381 0.08597883597883597 0.07589285714285714
4 0.36061507936507936 0.5673363095238095 0.10152116402116403 0.03943452380952381
1 0.42857142857142855 0.8707837301587301 0.05291005291005291 0.04513888888888889
5 0.7255291005291006 0.41976686507936506 0.08664021164021164 0.07911706349206349
0 0.6259920634920635 0.8433779761904762 0.04497354497354497 0.08705357142857142
5 0.652281746031746 0.5081845238095238 0.08498677248677249 0.07539682539682539
4 0.5567129629629629 0.7476438492063492 0.09755291005291006 0.038938492063492064
4 0.5499338624338624 0.6981646825396826 0.09854497354497355 0.03869047619047619
5 0.8043981481481481 0.7213541666666666 0.07837301587301587 0.0716765873015873
4 0.39087301587301587 0.761656746031746 0.0992063492063492 0.040674603174603176
5 0.7423941798941799 0.49367559523809523 0.09126984126984126 0.078125
4 0.38409391534391535 0.7139136904761905 0.09887566137566138 0.04241071428571429
4 0.5353835978835979 0.6006944444444444 0.09788359788359788 0.040674603174603176
4 0.527281746031746 0.5500992063492064 0.09755291005291006 0.04117063492063492
4 0.36772486772486773 0.6149553571428571 0.10052910052910052 0.03943452380952381
4 0.3776455026455027 0.6629464285714286 0.09986772486772487 0.040674603174603176
0 0.5464616402116402 0.8469742063492064 0.04398148148148148 0.08978174603174603
4 0.5426587301587301 0.6509176587301587 0.0958994708994709 0.03794642857142857