5 0.6992691798941799 0.49195932539682535 0.058859126984126986 0.06576140873015872
5 0.6711772486772487 0.573578869047619 0.05853835978835979 0.06710813492063492
5 0.7843584656084657 0.6111011904761905 0.06078042328042328 0.07036954365079366
5 0.5904199735449736 0.45661210317460316 0.0568287037037037 0.06846974206349206
5 0.6305324074074075 0.5151364087301588 0.055502645502645505 0.06152281746031746
5 0.7395833333333334 0.5478521825396826 0.05375 0.06793154761904761
5 0.7076818783068783 0.6372073412698412 0.058022486772486774 0.06878720238095239
3 0.39778769841269845 0.55078125 0.04427248677248677 0.05520585317460318
3 0.4215509259259259 0.6284176587301588 0.04471891534391534 0.05835069444444445
3 0.44921957671957674 0.7099603174603174 0.04846230158730159 0.06280505952380952
3 0.46191468253968254 0.5385739087301588 0.043945105820105815 0.05398561507936508
3 0.5569675925925925 0.6010739087301588 0.045208333333333336 0.05749503968253968
3 0.5862632275132275 0.6821279761904763 0.04777116402116403 0.06323164682539682
3 0.5188789682539682 0.6962896825396826 0.046345899470899475 0.06311011904761905
5 0.5598974867724869 0.39990327380952384 0.05403769841269841 0.06335565476190476
0 0.44628968253968254 0.41943452380952384 0.061726190476190476 0.0659796626984127
3 0.47558531746031746 0.7958978174603174 0.04732142857142857 0.06573412698412699
3 0.49121031746031746 0.6157217261904763 0.04427248677248677 0.05822668650793651
3 0.5283201058201058 0.5244146825396826 0.04362103174603175 0.0528249007936508
3 0.5481779100529101 0.7817385912698412 0.047199074074074074 0.06634424603174603
5 0.6634126984126985 0.43603422619047616 0.053465608465608466 0.06222470238095238
3 0.6168617724867725 0.7675793650793651 0.05041666666666667 0.06793154761904761
2 0.6481117724867725 0.6909176587301588 0.044189814814814814 0.052703373015873016
1 0.43977843915343917 0.9033209325396826 0.04345568783068783 0.0476984126984127
5 0.6253240740740741 0.37890625 0.05456679894179894 0.06347718253968254
4 0.16251653439153438 0.6186532738095237 0.08264219576719577 0.034484126984126985
0 0.38932208994708994 0.39916914682539684 0.06091269841269841 0.06198164682539682
4 0.1790376984126984 0.7045907738095237 0.08585648148148148 0.0378125
1 0.37109457671957674 0.9111334325396826 0.039976851851851854 0.05099454365079365
4 0.30037367724867725 0.5939980158730159 0.07385251322751323 0.032242063492063495
4 0.3125 0.638640873015873 0.07605820105820106 0.03554811507936508
4 0.32131944444444444 0.6824578373015873 0.07826388888888888 0.03554811507936508
4 0.3284821428571429 0.7246205357142858 0.07715939153439154 0.03720238095238095
4 0.33785383597883595 0.7696750992063491 0.08046626984126984 0.03141617063492064
4 0.16589616402116403 0.6622023809523809 0.07826388888888888 0.034722222222222224
4 0.1818783068783069 0.7535540674603174 0.07936507936507936 0.033896329365079365
4 0.18463293650793652 0.7957167658730159 0.08046626984126984 0.03720238095238095