3 0.7541335978835979 0.6462053571428571 0.06183862433862434 0.06572420634920635
3 0.7666997354497355 0.5497271825396826 0.0625 0.061755952380952384
3 0.7819113756613757 0.45969742063492064 0.05919312169312169 0.06076388888888889
3 0.7366071428571429 0.39248511904761907 0.05720899470899471 0.05679563492063492
3 0.8179563492063492 0.6267361111111112 0.06382275132275132 0.06448412698412699
3 0.7182539682539683 0.4773065476190476 0.05886243386243386 0.05927579365079365
3 0.7043650793650794 0.5660962301587301 0.05952380952380952 0.06125992063492063
3 0.8826058201058201 0.6070188492063492 0.06481481481481481 0.06473214285714286
3 0.6574074074074074 0.49181547619047616 0.056878306878306875 0.05853174603174603
3 0.8303571428571429 0.5308779761904762 0.061507936507936505 0.06324404761904762
3 0.5509259259259259 0.49243551587301587 0.06613756613756613 0.046875
4 0.4973544973544973 0.5660962301587301 0.07738095238095238 0.0339781746031746
5 0.453207671957672 0.6294642857142857 0.08035714285714286 0.05803571428571429
4 0.33779761904761907 0.4905753968253968 0.07705026455026455 0.042162698412698416
0 0.29927248677248675 0.5830853174603174 0.09193121693121693 0.054563492063492064
4 0.27397486772486773 0.43117559523809523 0.06712962962962964 0.061755952380952384
2 0.4168320105820106 0.49429563492063494 0.07043650793650794 0.032242063492063495
4 0.20105820105820105 0.34672619047619047 0.06613756613756613 0.059027777777777776
0 0.4072420634920635 0.5277777777777778 0.08961640211640212 0.039186507936507936
4 0.09507275132275132 0.384796626984127 0.06779100529100529 0.05828373015873016
4 0.37665343915343913 0.3897569444444444 0.06746031746031746 0.060267857142857144
3 0.5750661375661376 0.6245039682539683 0.06613756613756613 0.05952380952380952
1 0.38938492063492064 0.5778769841269841 0.0539021164021164 0.030753968253968252
4 0.29811507936507936 0.3080357142857143 0.05853174603174603 0.05555555555555555
1 0.4948743386243386 0.4646577380952381 0.04133597883597884 0.03149801587301587
4 0.14990234375 0.368408203125 0.07120768229166667 0.06793212890625
4 0.24886067708333334 0.32861328125 0.06787109375 0.064208984375
4 0.3292643229166667 0.412109375 0.07080078125 0.06524658203125