3 0.9135251322751323 0.5642361111111112 0.06117724867724868 0.06845238095238096
3 0.765707671957672 0.722594246031746 0.06845238095238096 0.07961309523809523
3 0.6798941798941799 0.697296626984127 0.06613756613756613 0.07564484126984126
3 0.8543320105820106 0.7483878968253969 0.06911375661375661 0.08159722222222222
3 0.9384920634920635 0.4835069444444444 0.056216931216931214 0.06324404761904762
3 0.7547949735449735 0.5226934523809523 0.05720899470899471 0.0662202380952381
3 0.7192460317460317 0.6065228174603174 0.061507936507936505 0.07118055555555555
3 0.7994378306878307 0.6304563492063492 0.06382275132275132 0.0744047619047619
3 0.8859126984126984 0.6521577380952381 0.06613756613756613 0.07614087301587301
5 0.5079365079365079 0.7364831349206349 0.08664021164021164 0.07862103174603174
3 0.830191798941799 0.5447668650793651 0.059854497354497355 0.06820436507936507
3 0.5793650793650794 0.5595238095238095 0.08531746031746032 0.047619047619047616
0 0.3212632275132275 0.7049851190476191 0.10085978835978836 0.07415674603174603
4 0.42162698412698413 0.46304563492063494 0.08994708994708994 0.052083333333333336
4 0.5431547619047619 0.6530257936507936 0.09226190476190477 0.03670634920634921
0 0.4270833333333333 0.6242559523809523 0.105489417989418 0.040674603174603176
2 0.43287037037037035 0.5822172619047619 0.07605820105820106 0.04935515873015873
3 0.8586309523809523 0.46552579365079366 0.05720899470899471 0.062003968253968256
4 0.35168650793650796 0.5441468253968254 0.08961640211640212 0.053075396825396824
4 0.21296296296296297 0.48933531746031744 0.08994708994708994 0.05257936507936508
1 0.4209656084656085 0.6830357142857143 0.05489417989417989 0.04117063492063492
4 0.2820767195767196 0.4148065476190476 0.082010582010582 0.04935515873015873
1 0.4880952380952381 0.5197172619047619 0.042328042328042326 0.03695436507936508
4 0.24983796296296296 0.44946180555555554 0.08781084656084656 0.04568452380952381
4 0.17496693121693122 0.5317385912698412 0.09846891534391534 0.05835069444444445
4 0.38737103174603177 0.5063467261904762 0.09513227513227514 0.05602926587301587
4 0.31754629629629627 0.5859375 0.09741071428571428 0.05856398809523809