3 0.40790343915343913 0.4651537698412698 0.10615079365079365 0.06374007936507936
1 0.11921296296296297 0.5799851190476191 0.07506613756613757 0.050347222222222224
2 0.5119047619047619 0.5085565476190477 0.07804232804232804 0.07415674603174603
5 0.20618386243386244 0.5275297619047619 0.0882936507936508 0.09871031746031746
0 0.30439814814814814 0.4011656746031746 0.07175925925925926 0.0974702380952381
4 0.3792989417989418 0.7062251984126984 0.09193121693121693 0.08556547619047619
1 0.09672619047619048 0.6702628968253969 0.07771164021164022 0.03993055555555555
4 0.6053240740740741 0.5876736111111112 0.10416666666666667 0.09102182539682539
4 0.6656746031746031 0.7767857142857143 0.10582010582010581 0.09871031746031746
4 0.5185185185185185 0.8572668650793651 0.09193121693121693 0.09697420634920635
0 0.16418650793650794 0.6654265873015873 0.05125661375661376 0.10168650793650794
4 0.8194444444444444 0.6979166666666666 0.10515873015873016 0.09424603174603174
4 0.5908203125 0.81787109375 0.09806315104166667 0.092041015625
4 0.3629557291666667 0.59033203125 0.103515625 0.072509765625
4 0.744140625 0.7373046875 0.08878580729166667 0.0948486328125
4 0.52734375 0.62646484375 0.11409505208333333 0.0975341796875
3 0.4534505208333333 0.18310546875 0.1142578125 0.061431884765625
3 0.5126953125 0.368408203125 0.11222330729166667 0.060638427734375
3 0.55859375 0.2978515625 0.11588541666666667 0.060638427734375
3 0.6598307291666666 0.41455078125 0.11490885416666667 0.062103271484375
3 0.3662109375 0.322509765625 0.10888671875 0.0592041015625
3 0.412109375 0.252685546875 0.11083984375 0.059967041015625
3 0.8170572916666666 0.465087890625 0.12687174479166666 0.0635986328125
3 0.7044270833333334 0.343994140625 0.114501953125 0.06280517578125
4 0.4563802083333333 0.66357421875 0.112060546875 0.09722900390625
3 0.859375 0.3935546875 0.12687174479166666 0.06671142578125
3 0.6002604166666666 0.2269287109375 0.120361328125 0.064208984375
3 0.7467447916666666 0.27099609375 0.12101236979166667 0.06475830078125