2 0.35807208994708994 0.6713864087301588 0.08927248677248677 0.04476934523809523
0 0.5065112433862434 0.6479489087301588 0.10750330687830686 0.03308035714285714
3 0.10375992063492064 0.49585069444444446 0.059814814814814814 0.07208333333333333
3 0.06811507936507936 0.5917981150793651 0.0633531746031746 0.07794146825396825
0 0.41796957671957674 0.6074231150793651 0.07320105820105821 0.08880704365079364
3 0.15625 0.6035168650793651 0.06148148148148148 0.07665922619047619
3 0.18928902116402116 0.5087896825396826 0.05847222222222222 0.07367063492063493
3 0.4898611111111111 0.5391369047619048 0.09332671957671959 0.0455952380952381
3 0.2672519841269841 0.5166021825396826 0.05651785714285714 0.07055555555555557
3 0.23714285714285716 0.6127926587301588 0.05603174603174603 0.07556051587301588
3 0.20670634920634923 0.71484375 0.059814814814814814 0.07824652777777778
3 0.031544312169312166 0.6928720238095237 0.06308862433862433 0.08154265873015873
4 0.49153769841269845 0.47241319444444446 0.07983465608465608 0.04959077380952381
3 0.1223148148148148 0.7041021825396826 0.06575396825396826 0.08020089285714285
5 0.5279960317460318 0.35229414682539684 0.05989748677248677 0.08404513888888888
1 0.5878902116402116 0.5947271825396826 0.06823743386243386 0.03955109126984127
3 0.29606150793650793 0.42675843253968254 0.05436177248677248 0.06756696428571429
4 0.7389318783068783 0.8393551587301588 0.07267195767195767 0.08404513888888888
4 0.578776455026455 0.7192385912698412 0.06636574074074074 0.07611111111111112
5 0.4794907407407408 0.40380952380952384 0.06135912698412699 0.08727926587301588
4 0.8789054232804233 0.7856448412698412 0.07706679894179895 0.0808110119047619
5 0.655598544973545 0.48413194444444446 0.06441137566137566 0.08831845238095239
4 0.8066402116402117 0.8105481150793651 0.07401455026455027 0.08587549603174603
5 0.44694113756613757 0.30932539682539684 0.059368386243386244 0.08020089285714285
3 0.21989087301587304 0.41894593253968254 0.059123677248677245 0.06829861111111112
4 0.6445304232804233 0.6948239087301588 0.0635978835978836 0.07305803571428571
5 0.3636078042328042 0.2690426587301587 0.04777116402116403 0.07891865079365079
4 0.6617824074074075 0.8627926587301588 0.08764550264550265 0.10449156746031746
5 0.39680886243386243 0.36303819444444446 0.05834986772486772 0.0816641865079365
5 0.6171891534391535 0.38647569444444446 0.06490079365079365 0.08465525793650794
4 0.7825529100529101 0.6484375 0.06901124338624338 0.07263144841269842
5 0.7154960317460317 0.4277356150793651 0.06734126984126984 0.08850198412698412
4 0.9524735449735451 0.7612301587301588 0.07511243386243385 0.07794146825396825
4 0.7089847883597883 0.6733407738095237 0.08544973544973544 0.0902703373015873
1 0.35058531746031746 0.5444345238095237 0.04544973544973545 0.045195932539682536
5 0.5680324074074075 0.44555555555555554 0.05578703703703703 0.0875843253968254
5 0.500651455026455 0.6035168650793651 0.10148148148148148 0.04876736111111111