3 0.2550455729166667 0.537109375 0.060709635416666664 0.080810546875
5 0.4586588541666667 0.740234375 0.119873046875 0.06732177734375
3 0.3369140625 0.84912109375 0.062052408854166664 0.08343505859375
3 0.22021484375 0.76220703125 0.061971028645833336 0.07989501953125
5 0.6083984375 0.771484375 0.126708984375 0.06671142578125
5 0.5748697916666666 0.70263671875 0.12687174479166666 0.06475830078125
0 0.7376302083333334 0.58349609375 0.11759440104166667 0.056549072265625
3 0.1201171875 0.783203125 0.067626953125 0.08740234375
4 0.4091796875 0.40625 0.07637532552083333 0.0863037109375
3 0.2840169270833333 0.6416015625 0.06526692708333333 0.08209228515625
3 0.4449869791666667 0.587890625 0.06734212239583333 0.07501220703125
4 0.5550130208333334 0.6181640625 0.054158528645833336 0.07696533203125
3 0.14656575520833334 0.88818359375 0.06697591145833333 0.08538818359375
5 0.814453125 0.70751953125 0.12361653645833333 0.06646728515625
3 0.16324869791666666 0.55029296875 0.06416829427083333 0.0831298828125
4 0.353515625 0.26025390625 0.07373046875 0.09185791015625
2 0.703125 0.485595703125 0.07722981770833333 0.05072021484375
3 0.089599609375 0.67431640625 0.0723876953125 0.0849609375
5 0.8977864583333334 0.6123046875 0.10847981770833333 0.053802490234375
5 0.71875 0.7431640625 0.11222330729166667 0.0567626953125
4 0.4807942708333333 0.392333984375 0.07539876302083333 0.0885009765625
1 0.642578125 0.61181640625 0.06722005208333333 0.052337646484375
4 0.5533854166666666 0.37890625 0.07307942708333333 0.0880126953125
3 0.24641927083333334 0.86767578125 0.06526692708333333 0.08587646484375
4 0.5035807291666666 0.235595703125 0.07173665364583333 0.09124755859375
4 0.6256510416666666 0.363037109375 0.07185872395833333 0.08831787109375
3 0.19108072916666666 0.65576171875 0.0687255859375 0.082275390625
3 0.3113606770833333 0.74609375 0.0631103515625 0.08123779296875
4 0.5755208333333334 0.2210693359375 0.07442220052083333 0.09222412109375
5 0.7447916666666666 0.43310546875 0.09342447916666667 0.0723876953125
5 0.79296875 0.64501953125 0.10262044270833333 0.04876708984375
5 0.91796875 0.67529296875 0.12312825520833333 0.06427001953125
4 0.69921875 0.348876953125 0.07568359375 0.08868408203125
5 0.6907552083333334 0.67578125 0.10677083333333333 0.047515869140625
0 0.5716145833333334 0.53515625 0.055582682291666664 0.089111328125
4 0.4290364583333333 0.24853515625 0.0723876953125 0.09173583984375
1 0.41796875 0.65087890625 0.06990559895833333 0.036895751953125