3 0.1875 0.49951171875 0.055094401041666664 0.06732177734375
5 0.501953125 0.389404296875 0.09138997395833333 0.0728759765625
0 0.2760416666666667 0.87353515625 0.11287434895833333 0.0567626953125
3 0.2654622395833333 0.48583984375 0.057373046875 0.06585693359375
3 0.3307291666666667 0.65576171875 0.0574951171875 0.06732177734375
5 0.51953125 0.60302734375 0.09407552083333333 0.06982421875
3 0.21923828125 0.5869140625 0.056437174479166664 0.06915283203125
3 0.33984375 0.470703125 0.056844075520833336 0.063720703125
5 0.5052083333333334 0.462890625 0.092041015625 0.07366943359375
5 0.5804036458333334 0.384765625 0.092041015625 0.07208251953125
3 0.23551432291666666 0.40185546875 0.0528564453125 0.0631103515625
3 0.2516276041666667 0.67578125 0.0560302734375 0.06671142578125
2 0.3551432291666667 0.76416015625 0.08280436197916667 0.03326416015625
1 0.2820638020833333 0.755859375 0.06416829427083333 0.038543701171875
5 0.5859375 0.456298828125 0.09090169270833333 0.07464599609375
5 0.57421875 0.313232421875 0.07722981770833333 0.062225341796875
4 0.6770833333333334 0.72314453125 0.10221354166666667 0.042572021484375
3 0.30810546875 0.387939453125 0.052734375 0.0633544921875
4 0.8580729166666666 0.84033203125 0.11531575520833333 0.0455322265625
4 0.67578125 0.830078125 0.1044921875 0.04486083984375
4 0.857421875 0.7314453125 0.10904947916666667 0.040008544921875
3 0.40625 0.6376953125 0.056233723958333336 0.06427001953125
3 0.5143229166666666 0.7900390625 0.08308919270833333 0.040252685546875
3 0.3723958333333333 0.55322265625 0.05517578125 0.0635986328125
4 0.4622395833333333 0.744140625 0.068603515625 0.058135986328125
4 0.8600260416666666 0.78564453125 0.11263020833333333 0.04302978515625
4 0.6751302083333334 0.7744140625 0.10335286458333333 0.04052734375
5 0.4934895833333333 0.3154296875 0.07649739583333333 0.064208984375
0 0.12337239583333333 0.720703125 0.078369140625 0.08868408203125
5 0.5944010416666666 0.5263671875 0.09187825520833333 0.0740966796875
4 0.8561197916666666 0.6826171875 0.095947265625 0.0290374755859375
5 0.5074869791666666 0.53076171875 0.08203125 0.06634521484375
4 0.6744791666666666 0.88916015625 0.09269205729166667 0.0343017578125
3 0.2965494791666667 0.5693359375 0.060587565104166664 0.06610107421875
1 0.5403645833333334 0.6904296875 0.050821940104166664 0.038604736328125
4 0.68359375 0.6728515625 0.102783203125 0.042236328125
5 0.5123697916666666 0.91943359375 0.094970703125 0.054290771484375