3 0.20006613756613756 0.48995535714285715 0.04298941798941799 0.06225198412698413
3 0.2749669312169312 0.5667162698412699 0.0419973544973545 0.06349206349206349
3 0.12698412698412698 0.41418650793650796 0.042328042328042326 0.06101190476190476
3 0.20386904761904762 0.5716765873015873 0.04398148148148148 0.06398809523809523
3 0.20833333333333334 0.6571180555555556 0.042328042328042326 0.06770833333333333
2 0.7217261904761905 0.8307291666666666 0.0763888888888889 0.04389880952380952
3 0.27099867724867727 0.4849950396825397 0.0419973544973545 0.06125992063492063
3 0.13194444444444445 0.6617063492063492 0.04365079365079365 0.06696428571428571
3 0.2650462962962963 0.404265873015873 0.03935185185185185 0.05952380952380952
3 0.19510582010582012 0.41108630952380953 0.03968253968253968 0.0597718253968254
3 0.2791005291005291 0.6517857142857143 0.042328042328042326 0.06547619047619048
3 0.13078703703703703 0.5753968253968254 0.04332010582010582 0.06448412698412699
3 0.12880291005291006 0.49342757936507936 0.04265873015873016 0.06274801587301587
5 0.7000661375661376 0.542906746031746 0.08068783068783068 0.06994047619047619
1 0.44841269841269843 0.7161458333333334 0.05026455026455026 0.03943452380952381
0 0.6579034391534392 0.6994047619047619 0.09821428571428571 0.03273809523809524
1 0.38756613756613756 0.7442956349206349 0.046957671957671955 0.041666666666666664
5 0.7260251322751323 0.33469742063492064 0.08101851851851852 0.06671626984126984
5 0.7099867724867724 0.2699652777777778 0.0787037037037037 0.06919642857142858
5 0.7612433862433863 0.46490575396825395 0.08134920634920635 0.0726686507936508
5 0.6797288359788359 0.4773065476190476 0.08101851851851852 0.07217261904761904
5 0.6459986772486772 0.34387400793650796 0.08101851851851852 0.06919642857142858
5 0.6666666666666666 0.4069940476190476 0.07539682539682539 0.0679563492063492
5 0.7417328042328042 0.39992559523809523 0.08002645502645503 0.06969246031746032
5 0.7835648148148148 0.5305059523809523 0.08101851851851852 0.06845238095238096
5 0.6331018518518519 0.2767857142857143 0.07572751322751323 0.0689484126984127
0 0.6678240740740741 0.7585565476190477 0.10152116402116403 0.033482142857142856
4 0.4060846560846561 0.5973462301587301 0.09193121693121693 0.03249007936507937
4 0.5658068783068783 0.5837053571428571 0.09325396825396826 0.03447420634920635
4 0.40145502645502645 0.5530753968253969 0.08796296296296297 0.034722222222222224
4 0.5588624338624338 0.5404265873015873 0.09325396825396826 0.03571428571428571
4 0.546792328042328 0.45622519841269843 0.09027777777777778 0.03447420634920635
4 0.5400132275132276 0.4088541666666667 0.09060846560846561 0.03298611111111111
4 0.5509259259259259 0.49987599206349204 0.09259259259259259 0.033482142857142856
4 0.38839285714285715 0.42398313492063494 0.09027777777777778 0.030009920634920636
4 0.39186507936507936 0.4636656746031746 0.08267195767195767 0.029017857142857144
4 0.39814814814814814 0.5073164682539683 0.08664021164021164 0.03050595238095238