3 0.2513020833333333 0.53076171875 0.10481770833333333 0.0439453125
3 0.2734375 0.66455078125 0.10904947916666667 0.04803466796875
3 0.12874348958333334 0.6865234375 0.11678059895833333 0.0489501953125
3 0.12101236979166667 0.61767578125 0.113037109375 0.046722412109375
3 0.5364583333333334 0.56103515625 0.10538736979166667 0.043701171875
3 0.4189453125 0.6455078125 0.11083984375 0.049224853515625
3 0.3889973958333333 0.51416015625 0.10262044270833333 0.042572021484375
3 0.11002604166666667 0.5478515625 0.11124674479166667 0.046112060546875
5 0.6796875 0.250244140625 0.07401529947916667 0.07122802734375
3 0.4039713541666667 0.5791015625 0.10579427083333333 0.045013427734375
3 0.2635091145833333 0.59716796875 0.10831705729166667 0.044342041015625
5 0.7766927083333334 0.46142578125 0.092041015625 0.08831787109375
5 0.71484375 0.31689453125 0.07609049479166667 0.07354736328125
5 0.7317708333333334 0.178466796875 0.07470703125 0.07171630859375
5 0.794921875 0.306884765625 0.08011881510416667 0.07489013671875
5 0.8268229166666666 0.374267578125 0.083740234375 0.07501220703125
3 0.5559895833333334 0.62353515625 0.10563151041666667 0.047515869140625
5 0.7376302083333334 0.38916015625 0.08430989583333333 0.07763671875
5 0.76171875 0.24169921875 0.083251953125 0.0753173828125
5 0.6559244791666666 0.18408203125 0.06925455729166667 0.06585693359375
4 0.3069661458333333 0.296875 0.051188151041666664 0.0738525390625
4 0.4404296875 0.286865234375 0.0517578125 0.0726318359375
4 0.3899739583333333 0.405517578125 0.046061197916666664 0.07122802734375
1 0.7161458333333334 0.69384765625 0.045369466145833336 0.05340576171875
4 0.3776041666666667 0.29052734375 0.041219075520833336 0.06744384765625
4 0.4635416666666667 0.400390625 0.044514973958333336 0.06768798828125
5 0.869140625 0.44287109375 0.0849609375 0.08343505859375
4 0.248046875 0.42041015625 0.061726888020833336 0.0802001953125
3 0.5188802083333334 0.498291015625 0.10807291666666667 0.044525146484375
1 0.630859375 0.69091796875 0.0447998046875 0.054595947265625
4 0.5296223958333334 0.39990234375 0.057373046875 0.0792236328125
4 0.5061848958333334 0.279052734375 0.0450439453125 0.07196044921875
4 0.23763020833333334 0.298095703125 0.047566731770833336 0.0740966796875
4 0.31982421875 0.41748046875 0.0594482421875 0.08135986328125
0 0.83203125 0.74951171875 0.10465494791666667 0.08062744140625
2 0.8274739583333334 0.84130859375 0.1005859375 0.050323486328125
0 0.8899739583333334 0.6962890625 0.10538736979166667 0.07696533203125