3 0.162841796875 0.412109375 0.08650716145833333 0.07965087890625
3 0.24934895833333334 0.446044921875 0.08561197916666667 0.07989501953125
4 0.3815104166666667 0.7451171875 0.054768880208333336 0.0943603515625
0 0.6318359375 0.60009765625 0.13663736979166666 0.03875732421875
3 0.3328450520833333 0.477783203125 0.08430989583333333 0.08343505859375
3 0.23307291666666666 0.321044921875 0.086669921875 0.07965087890625
3 0.6334635416666666 0.49658203125 0.11222330729166667 0.05108642578125
4 0.65234375 0.450927734375 0.107177734375 0.03759765625
3 0.4677734375 0.291259765625 0.07853190104166667 0.08123779296875
3 0.388671875 0.261474609375 0.08146158854166667 0.07806396484375
3 0.08683268229166667 0.5107421875 0.087646484375 0.083740234375
4 0.5595703125 0.7373046875 0.0528564453125 0.093017578125
4 0.6461588541666666 0.73583984375 0.053751627604166664 0.0889892578125
3 0.40234375 0.38232421875 0.07954915364583333 0.07861328125
3 0.3191731770833333 0.35302734375 0.08219401041666667 0.07879638671875
5 0.6064453125 0.2685546875 0.047403971354166664 0.09088134765625
0 0.5341796875 0.55224609375 0.099853515625 0.1007080078125
5 0.6376953125 0.5478515625 0.13736979166666666 0.041839599609375
5 0.5911458333333334 0.1510009765625 0.046346028645833336 0.09930419921875
3 0.25830078125 0.578125 0.087158203125 0.0838623046875
4 0.6650390625 0.91748046875 0.05859375 0.10321044921875
1 0.7415364583333334 0.5537109375 0.07625325520833333 0.049041748046875
4 0.57421875 0.91845703125 0.059814453125 0.1048583984375
4 0.7591145833333334 0.91650390625 0.061604817708333336 0.09893798828125
5 0.677734375 0.21044921875 0.045125325520833336 0.0867919921875
5 0.6940104166666666 0.323486328125 0.0489501953125 0.090576171875
4 0.4694010416666667 0.74169921875 0.054158528645833336 0.09027099609375
5 0.7897135416666666 0.38525390625 0.052652994791666664 0.09332275390625
4 0.4847005208333333 0.92333984375 0.058349609375 0.10540771484375
1 0.486328125 0.45654296875 0.0584716796875 0.05224609375
4 0.3977864583333333 0.931640625 0.054036458333333336 0.09979248046875
5 0.8658854166666666 0.3291015625 0.051676432291666664 0.093017578125
5 0.8912760416666666 0.44677734375 0.051106770833333336 0.091064453125
2 0.51953125 0.63525390625 0.10026041666666667 0.040252685546875
3 0.17399088541666666 0.54541015625 0.09358723958333333 0.0850830078125
5 0.7682291666666666 0.272705078125 0.052571614583333336 0.0938720703125
5 0.9674479166666666 0.386962890625 0.057169596354166664 0.0953369140625