4 0.29296875 0.51416015625 0.07389322916666667 0.06268310546875
3 0.5094401041666666 0.4580078125 0.07808430989583333 0.037322998046875
3 0.7662760416666666 0.41845703125 0.08406575520833333 0.03662109375
4 0.24544270833333334 0.4912109375 0.07527669270833333 0.061309814453125
3 0.5611979166666666 0.381103515625 0.07625325520833333 0.035003662109375
4 0.20247395833333334 0.470703125 0.07499186197916667 0.05865478515625
3 0.6608072916666666 0.398681640625 0.0799560546875 0.035614013671875
4 0.18798828125 0.6005859375 0.08544921875 0.070556640625
4 0.28271484375 0.64697265625 0.08296712239583333 0.0740966796875
3 0.5345052083333334 0.420654296875 0.07568359375 0.0374755859375
4 0.23795572916666666 0.6259765625 0.0799560546875 0.06878662109375
4 0.13932291666666666 0.58154296875 0.08219401041666667 0.06854248046875
3 0.6376953125 0.4404296875 0.0799560546875 0.036895751953125
3 0.7454427083333334 0.460693359375 0.0849609375 0.037689208984375
3 0.6129557291666666 0.47900390625 0.08203125 0.037750244140625
4 0.3870442708333333 0.5478515625 0.07694498697916667 0.06854248046875
3 0.8815104166666666 0.439697265625 0.090087890625 0.040008544921875
3 0.8639322916666666 0.4853515625 0.08992513020833333 0.03948974609375
4 0.092529296875 0.56005859375 0.07881673177083333 0.0631103515625
3 0.7252604166666666 0.501953125 0.08748372395833333 0.0386962890625
4 0.3349609375 0.529296875 0.07442220052083333 0.06768798828125
3 0.8470052083333334 0.5283203125 0.09187825520833333 0.04046630859375
0 0.5390625 0.60107421875 0.11124674479166667 0.052337646484375
2 0.529296875 0.689453125 0.08732096354166667 0.03594970703125
1 0.3658854166666667 0.423095703125 0.040364583333333336 0.037750244140625
5 0.5172526041666666 0.80126953125 0.0849609375 0.08465576171875
0 0.5634765625 0.5478515625 0.10945638020833333 0.04931640625
1 0.3136393229166667 0.410400390625 0.0408935546875 0.033721923828125
5 0.3753255208333333 0.87109375 0.08846028645833333 0.1026611328125
5 0.638671875 0.81884765625 0.09513346354166667 0.092041015625
5 0.146240234375 0.82373046875 0.07865397135416667 0.09185791015625
5 0.5003255208333334 0.89013671875 0.09912109375 0.11181640625
5 0.29443359375 0.76806640625 0.07938639322916667 0.08880615234375
5 0.18082682291666666 0.748046875 0.078369140625 0.08038330078125
5 0.6302083333333334 0.912109375 0.11385091145833333 0.115966796875
5 0.4052734375 0.78662109375 0.087158203125 0.09124755859375
5 0.2574869791666667 0.8486328125 0.092529296875 0.100341796875