3 0.7114748677248677 0.33990575396825395 0.07374338624338625 0.061755952380952384
3 0.7853835978835979 0.4055059523809524 0.07936507936507936 0.06547619047619048
3 0.9469246031746031 0.5494791666666666 0.08961640211640212 0.06770833333333333
3 0.8627645502645502 0.47544642857142855 0.08333333333333333 0.06696428571428571
3 0.7337962962962963 0.5422867063492064 0.08002645502645503 0.06671626984126984
3 0.814484126984127 0.6205357142857143 0.08333333333333333 0.06944444444444445
3 0.6569113756613757 0.46825396825396826 0.07771164021164022 0.06349206349206349
4 0.12797619047619047 0.49181547619047616 0.10317460317460317 0.04513888888888889
4 0.32159391534391535 0.4224950396825397 0.09821428571428571 0.041914682539682536
4 0.1466600529100529 0.4463045634920635 0.10152116402116403 0.040426587301587304
4 0.08746693121693122 0.5861855158730159 0.11541005291005291 0.047371031746031744
4 0.30853174603174605 0.4673859126984127 0.10251322751322751 0.04389880952380952
4 0.1626984126984127 0.404265873015873 0.09986772486772487 0.042162698412698416
3 0.6240079365079365 0.5766369047619048 0.09193121693121693 0.042162698412698416
4 0.29216269841269843 0.5153769841269841 0.103505291005291 0.04117063492063492
4 0.10912698412698413 0.5398065476190477 0.10515873015873016 0.04290674603174603
3 0.7167956349206349 0.43994047619047616 0.07320105820105821 0.06335565476190476
3 0.8808597883597883 0.5864260912698412 0.08764550264550265 0.06890873015873016
3 0.7975264550264549 0.5107415674603174 0.08190806878306878 0.06536954365079364
3 0.5657539682539682 0.4826661706349206 0.08715939153439153 0.040528273809523806
4 0.4371759259259259 0.6308606150793651 0.06721891534391534 0.06671130952380953
4 0.5439451058201058 0.5698239087301588 0.038349867724867724 0.06585813492063493