3 0.31494140625 0.70361328125 0.08296712239583333 0.044677734375
3 0.3440755208333333 0.65087890625 0.081298828125 0.04296875
3 0.2698567708333333 0.568359375 0.08011881510416667 0.040313720703125
3 0.21354166666666666 0.66943359375 0.07967122395833333 0.04400634765625
3 0.16975911458333334 0.53515625 0.08011881510416667 0.037689208984375
3 0.4156901041666667 0.73828125 0.08544921875 0.0455322265625
3 0.24381510416666666 0.6181640625 0.07881673177083333 0.04168701171875
3 0.11612955729166667 0.6357421875 0.07893880208333333 0.042724609375
3 0.14680989583333334 0.5859375 0.07954915364583333 0.040679931640625
3 0.3707682291666667 0.6005859375 0.081298828125 0.0413818359375
3 0.4703776041666667 0.634765625 0.07609049479166667 0.044189453125
5 0.54296875 0.2237548828125 0.10099283854166667 0.05511474609375
5 0.6178385416666666 0.242919921875 0.095947265625 0.053009033203125
3 0.4459635416666667 0.68505859375 0.083740234375 0.045257568359375
5 0.5882161458333334 0.30859375 0.10888671875 0.05242919921875
5 0.5745442708333334 0.1533203125 0.09822591145833333 0.060211181640625
4 0.8463541666666666 0.505859375 0.10001627604166667 0.06109619140625
5 0.6500651041666666 0.1724853515625 0.09895833333333333 0.059539794921875
2 0.3362630208333333 0.435302734375 0.07413736979166667 0.0280609130859375
4 0.7434895833333334 0.39892578125 0.09236653645833333 0.05645751953125
4 0.701171875 0.44189453125 0.08601888020833333 0.058135986328125
5 0.5218098958333334 0.44287109375 0.09440104166666667 0.051544189453125
1 0.3551432291666667 0.3583984375 0.060139973958333336 0.0287628173828125
5 0.4423828125 0.421630859375 0.09578450520833333 0.050140380859375
4 0.630859375 0.51953125 0.09187825520833333 0.059417724609375
1 0.341796875 0.30859375 0.056315104166666664 0.028594970703125
0 0.212890625 0.4365234375 0.10262044270833333 0.046478271484375
4 0.8854166666666666 0.46728515625 0.10335286458333333 0.061431884765625
4 0.7740885416666666 0.5859375 0.09773763020833333 0.061767578125
5 0.5110677083333334 0.29248046875 0.099853515625 0.057586669921875
4 0.8079427083333334 0.5478515625 0.09806315104166667 0.06243896484375
4 0.7376302083333334 0.6259765625 0.09138997395833333 0.060302734375
4 0.666015625 0.479248046875 0.08561197916666667 0.05780029296875
5 0.5511067708333334 0.37890625 0.10001627604166667 0.051666259765625
0 0.18440755208333334 0.489501953125 0.10636393229166667 0.047149658203125
5 0.4781901041666667 0.35546875 0.079833984375 0.03985595703125
4 0.599609375 0.55712890625 0.09285481770833333 0.05706787109375