3 0.30456349206349204 0.4584573412698413 0.06812169312169312 0.05828373015873016
3 0.31084656084656087 0.5611359126984127 0.0701058201058201 0.060267857142857144
3 0.4416335978835979 0.5948660714285714 0.07043650793650794 0.06324404761904762
4 0.5395171957671958 0.3501984126984127 0.08564814814814815 0.057539682539682536
3 0.3166335978835979 0.6666666666666666 0.0710978835978836 0.06547619047619048
3 0.24851190476190477 0.5948660714285714 0.07043650793650794 0.06324404761904762
3 0.24553571428571427 0.49367559523809523 0.06779100529100529 0.060267857142857144
3 0.23974867724867724 0.3931051587301587 0.06812169312169312 0.05704365079365079
3 0.12103174603174603 0.45907738095238093 0.06878306878306878 0.05803571428571429
3 0.38095238095238093 0.6294642857142857 0.07142857142857142 0.06299603174603174
3 0.18386243386243387 0.5255456349206349 0.06944444444444445 0.059027777777777776
0 0.7028769841269841 0.5422867063492064 0.0744047619047619 0.06671626984126984
3 0.37202380952380953 0.5249255952380952 0.06944444444444445 0.0597718253968254
2 0.8227513227513228 0.4849950396825397 0.04894179894179894 0.05580357142857143
3 0.18022486772486773 0.42782738095238093 0.0667989417989418 0.057539682539682536
4 0.5152116402116402 0.5249255952380952 0.08796296296296297 0.057787698412698416
0 0.7666997354497355 0.5120287698412699 0.07705026455026455 0.06770833333333333
5 0.6388888888888888 0.2062251984126984 0.04828042328042328 0.07614087301587301
1 0.5858134920634921 0.6514136904761905 0.05919312169312169 0.036458333333333336
5 0.5818452380952381 0.15389384920634921 0.045304232804232805 0.07713293650793651
4 0.4444444444444444 0.45101686507936506 0.08664021164021164 0.05580357142857143
5 0.5772156084656085 0.23995535714285715 0.04728835978835979 0.07762896825396826
5 0.5218253968253969 0.18799603174603174 0.04828042328042328 0.07787698412698413
4 0.607473544973545 0.42063492063492064 0.08664021164021164 0.05803571428571429
4 0.3761574074074074 0.3783482142857143 0.08564814814814815 0.058779761904761904
5 0.6374007936507936 0.29191468253968256 0.044642857142857144 0.07936507936507936
5 0.6987433862433863 0.2517361111111111 0.04497354497354497 0.07490079365079365
5 0.7007275132275133 0.3430059523809524 0.04828042328042328 0.08035714285714286
1 0.6167328042328042 0.6031746031746031 0.061507936507936505 0.033234126984126984
5 0.8277116402116402 0.3498263888888889 0.046296296296296294 0.07614087301587301
5 0.7647156084656085 0.39372519841269843 0.05125661375661376 0.08506944444444445
5 0.7625661375661376 0.29997519841269843 0.04365079365079365 0.07415674603174603
4 0.5732421875 0.3857421875 0.089111328125 0.058563232421875
4 0.4095052083333333 0.416259765625 0.08528645833333333 0.060211181640625
4 0.4791666666666667 0.487060546875 0.08146158854166667 0.058349609375
4 0.6448567708333334 0.45751953125 0.083251953125 0.05889892578125
4 0.5 0.3134765625 0.07735188802083333 0.057373046875