3 0.3759765625 0.45849609375 0.07881673177083333 0.054901123046875
3 0.2703450520833333 0.5361328125 0.07527669270833333 0.052337646484375
3 0.1767578125 0.482666015625 0.083251953125 0.0574951171875
4 0.61328125 0.455322265625 0.08683268229166667 0.05572509765625
5 0.7194010416666666 0.2274169921875 0.058675130208333336 0.0975341796875
3 0.3564453125 0.5869140625 0.07145182291666667 0.0504150390625
3 0.18766276041666666 0.3349609375 0.08748372395833333 0.06256103515625
4 0.6985677083333334 0.54638671875 0.08479817708333333 0.04949951171875
3 0.07694498697916667 0.422607421875 0.090576171875 0.06256103515625
4 0.8450520833333334 0.5185546875 0.08430989583333333 0.05108642578125
4 0.796875 0.457275390625 0.08414713541666667 0.051177978515625
5 0.6419270833333334 0.179443359375 0.061482747395833336 0.102294921875
4 0.669921875 0.51806640625 0.08447265625 0.048583984375
3 0.23128255208333334 0.44091796875 0.08219401041666667 0.05645751953125
4 0.6448567708333334 0.491455078125 0.09025065104166667 0.05877685546875
3 0.4059244791666667 0.5478515625 0.0723876953125 0.05194091796875
3 0.322265625 0.496337890625 0.07694498697916667 0.05389404296875
3 0.4580078125 0.5146484375 0.07255045572916667 0.051361083984375
2 0.5755208333333334 0.276123046875 0.0748291015625 0.0455322265625
4 0.740234375 0.382080078125 0.088623046875 0.055938720703125
0 0.5179036458333334 0.35791015625 0.09342447916666667 0.06951904296875
3 0.13167317708333334 0.377197265625 0.09090169270833333 0.06256103515625
1 0.6025390625 0.61376953125 0.0489501953125 0.0343017578125
0 0.46484375 0.401611328125 0.08878580729166667 0.06890869140625
4 0.8229166666666666 0.488525390625 0.083740234375 0.048492431640625
4 0.7233072916666666 0.5830078125 0.07511393229166667 0.045013427734375
3 0.2859700520833333 0.400390625 0.08447265625 0.058441162109375
5 0.8548177083333334 0.217529296875 0.042399088541666664 0.08123779296875
5 0.705078125 0.1163330078125 0.044637044270833336 0.09417724609375
5 0.6194661458333334 0.05792236328125 0.062174479166666664 0.11297607421875
5 0.7766927083333334 0.16943359375 0.0576171875 0.09637451171875
5 0.5618489583333334 0.12432861328125 0.062052408854166664 0.11163330078125
5 0.9225260416666666 0.266357421875 0.050699869791666664 0.07904052734375
4 0.7688802083333334 0.4189453125 0.08280436197916667 0.05108642578125
5 0.8619791666666666 0.3154296875 0.053466796875 0.07989501953125
1 0.5654296875 0.5859375 0.046590169270833336 0.034759521484375
5 0.7942708333333334 0.274658203125 0.057291666666666664 0.08819580078125