4 0.6319444444444444 0.8452380952380952 0.08928571428571429 0.0992063492063492
4 0.27546296296296297 0.7802579365079365 0.06812169312169312 0.08581349206349206
4 0.3482142857142857 0.7604166666666666 0.07142857142857142 0.08382936507936507
2 0.44113756613756616 0.5565476190476191 0.041666666666666664 0.056051587301587304
1 0.13624338624338625 0.5818452380952381 0.07076719576719577 0.034722222222222224
5 0.5317460317460317 0.5369543650793651 0.0701058201058201 0.06944444444444445
0 0.2650462962962963 0.6329365079365079 0.10416666666666667 0.04365079365079365
5 0.16220238095238096 0.6772073412698413 0.09689153439153439 0.078125
4 0.48991402116402116 0.7201140873015873 0.07175925925925926 0.08110119047619048
1 0.39798280423280424 0.6356646825396826 0.044642857142857144 0.05555555555555555
5 0.6294642857142857 0.5580357142857143 0.07903439153439154 0.0744047619047619
5 0.7301587301587301 0.5809771825396826 0.09193121693121693 0.07663690476190477
5 0.9520502645502645 0.6165674603174603 0.09193121693121693 0.07490079365079365
4 0.421957671957672 0.7393353174603174 0.06812169312169312 0.08085317460317461
5 0.8381283068783069 0.5985863095238095 0.09226190476190477 0.07911706349206349
4 0.4837962962962963 0.8907490079365079 0.08134920634920635 0.10243055555555555
4 0.3255621693121693 0.935515873015873 0.08101851851851852 0.10168650793650794
0 0.25595238095238093 0.5286458333333334 0.10251322751322751 0.03149801587301587
4 0.4064153439153439 0.9123263888888888 0.07539682539682539 0.10044642857142858
3 0.3801256613756614 0.5070684523809523 0.049933862433862435 0.06125992063492063
4 0.3655753968253968 0.5638640873015873 0.08630952380952381 0.040426587301587304
3 0.7864583333333334 0.48510664682539684 0.09090277777777778 0.03198164682539682
3 0.6692724867724869 0.43212797619047616 0.08544973544973544 0.03149305555555556
3 0.6643882275132275 0.47900297619047616 0.08528769841269843 0.03222718253968254
3 0.5471990740740741 0.47143601190476186 0.08158399470899472 0.02970982142857143
4 0.5576157407407407 0.8662103174603174 0.06278439153439154 0.09204117063492064
3 0.9108068783068783 0.49365327380952384 0.0947255291005291 0.032470238095238094
3 0.9049470899470899 0.44677827380952384 0.09220238095238095 0.032896825396825397
3 0.7858068783068783 0.43847718253968254 0.08943783068783068 0.031922123015873015
3 0.5572916666666666 0.42578125 0.08325066137566138 0.031205357142857142
5 0.5989583333333334 0.62109375 0.08056547619047619 0.08154265873015873
3 0.6744808201058201 0.38525297619047616 0.08683201058201058 0.033477182539682536
5 0.7057308201058201 0.640625 0.09008928571428572 0.08648561507936507
5 0.9414054232804233 0.6875 0.0947255291005291 0.07904017857142857
3 0.5647784391534392 0.38037202380952384 0.08479828042328043 0.03131200396825397
3 0.7871097883597883 0.39184523809523814 0.08894841269841271 0.031922123015873015
5 0.8216137566137566 0.6611334325396826 0.08601851851851852 0.07879712301587301