3 0.7179232804232805 0.5341021825396826 0.0701058201058201 0.09499007936507936
4 0.45519179894179895 0.4775545634920635 0.13988095238095238 0.05431547619047619
4 0.22883597883597884 0.5342261904761905 0.1349206349206349 0.052083333333333336
4 0.2078373015873016 0.5982142857142857 0.1345899470899471 0.05505952380952381
4 0.42857142857142855 0.6124751984126984 0.14484126984126985 0.060267857142857144
4 0.18039021164021163 0.6635664682539683 0.13525132275132276 0.05381944444444445
4 0.14252645502645503 0.7341269841269841 0.13095238095238096 0.05555555555555555
4 0.24702380952380953 0.47668650793650796 0.12698412698412698 0.050595238095238096
4 0.4441137566137566 0.5441468253968254 0.1421957671957672 0.056051587301587304
4 0.6479828042328042 0.6103670634920635 0.12797619047619047 0.05555555555555555
4 0.6624348958333334 0.77880859375 0.10481770833333333 0.10595703125
3 0.7239583333333334 0.6806640625 0.08040364583333333 0.110107421875