4 0.18912698412698412 0.54296875 0.07120701058201058 0.06610119047619047
4 0.24804563492063494 0.5620114087301588 0.0744212962962963 0.07183779761904761
3 0.7044775132275133 0.7080084325396826 0.09190145502645504 0.04147321428571429
4 0.5843088624338625 0.7255853174603174 0.0913888888888889 0.03359871031746032
3 0.8802083333333334 0.4785168650793651 0.06563161375661376 0.06939732142857143
3 0.7740873015873017 0.6137698412698412 0.0634755291005291 0.07147321428571429
3 0.7493485449735451 0.41699156746031746 0.06103505291005291 0.06719990079365079
4 0.2954100529100529 0.7207043650793651 0.07413690476190476 0.0784920634920635
4 0.3574206349206349 0.7421875 0.07609126984126983 0.0803844246031746
3 0.672526455026455 0.43896577380952384 0.05529761904761905 0.06488095238095239
4 0.23421296296296296 0.7001959325396826 0.07836970899470899 0.07922371031746032
1 0.47721230158730155 0.7495114087301588 0.06384259259259259 0.03338541666666667
3 0.8307308201058201 0.3925793650793651 0.06563161375661376 0.06768849206349206
5 0.31624338624338627 0.46972718253968254 0.06648809523809524 0.0703125
3 0.9342460317460317 0.5673834325396826 0.07014880952380952 0.07147321428571429
4 0.1120601851851852 0.6611334325396826 0.07389219576719576 0.07226686507936508
3 0.8248710317460317 0.7041021825396826 0.06636574074074074 0.07684275793650794
3 0.7226554232804233 0.5249032738095237 0.06001653439153439 0.06878720238095239
4 0.17203703703703704 0.6791989087301588 0.07499338624338624 0.07684275793650794
4 0.3059887566137566 0.5805654761904763 0.07014880952380952 0.0719593253968254
4 0.36783730158730155 0.6000967261904763 0.0694973544973545 0.07275297619047619
5 0.3515641534391535 0.41039930555555554 0.06034391534391534 0.07183779761904761
5 0.2237962962962963 0.44775297619047616 0.06416666666666666 0.06793154761904761
5 0.5341798941798942 0.7055654761904763 0.08797288359788359 0.06890873015873016
5 0.25585978835978834 0.38671875 0.06404761904761905 0.07134920634920636
5 0.5996097883597884 0.5419915674603174 0.06762566137566138 0.07226686507936508
3 0.8001289682539683 0.5029290674603174 0.06685515873015872 0.07019097222222222
1 0.6210945767195767 0.6464856150793651 0.0635978835978836 0.03228670634920635
3 0.9049470899470899 0.68359375 0.07185846560846561 0.07421875
5 0.4114583333333333 0.49462797619047616 0.07185846560846561 0.07684275793650794
2 0.6816402116402117 0.7944345238095237 0.06661044973544973 0.05835069444444445
0 0.5481779100529101 0.8671875 0.07132936507936508 0.08618055555555557
5 0.4427083333333333 0.4357911706349206 0.06872685185185186 0.07836805555555557
3 0.8522123015873017 0.5922842261904763 0.06811507936507936 0.07250992063492064
5 0.5065112433862434 0.5185540674603174 0.07238756613756614 0.07781994047619047
0 0.40559854497354497 0.8857415674603174 0.1240244708994709 0.05856398809523809
5 0.5299470899470899 0.45410218253968254 0.07226521164021164 0.0746453373015873