3 0.19026692708333334 0.49609375 0.09423828125 0.057708740234375
4 0.5843098958333334 0.5087890625 0.092529296875 0.051361083984375
3 0.2989908854166667 0.4375 0.090087890625 0.05877685546875
3 0.2527669270833333 0.387451171875 0.09285481770833333 0.059112548828125
3 0.20279947916666666 0.3359375 0.09407552083333333 0.058135986328125
3 0.14501953125 0.445556640625 0.09635416666666667 0.0592041015625
3 0.4095052083333333 0.380126953125 0.09391276041666667 0.060516357421875
3 0.09423828125 0.3935546875 0.09285481770833333 0.05889892578125
0 0.4192708333333333 0.5576171875 0.12272135416666667 0.0706787109375
3 0.3600260416666667 0.33056640625 0.09269205729166667 0.05889892578125
3 0.5139973958333334 0.321533203125 0.09236653645833333 0.061431884765625
0 0.4654947916666667 0.62646484375 0.11385091145833333 0.05560302734375
3 0.4654947916666667 0.27392578125 0.09269205729166667 0.060516357421875
3 0.52734375 0.54443359375 0.08430989583333333 0.06396484375
5 0.4970703125 0.58642578125 0.11946614583333333 0.05242919921875
1 0.5810546875 0.6240234375 0.057820638020833336 0.05419921875
4 0.5279947916666666 0.72998046875 0.054850260416666664 0.07989501953125
3 0.3084309895833333 0.279296875 0.09407552083333333 0.059326171875
4 0.4508463541666667 0.7197265625 0.056315104166666664 0.08038330078125
4 0.6881510416666666 0.75390625 0.050333658854166664 0.079345703125
4 0.5774739583333334 0.904296875 0.059366861979166664 0.08990478515625
5 0.8528645833333334 0.5400390625 0.07792154947916667 0.08447265625
4 0.7428385416666666 0.93212890625 0.0552978515625 0.08740234375
5 0.638671875 0.323486328125 0.07430013020833333 0.08251953125
4 0.498046875 0.89208984375 0.057373046875 0.0885009765625
5 0.75 0.56494140625 0.0792236328125 0.08416748046875
4 0.6119791666666666 0.7392578125 0.054239908854166664 0.08404541015625
5 0.7102864583333334 0.4794921875 0.07792154947916667 0.0751953125
2 0.3606770833333333 0.6162109375 0.09041341145833333 0.04376220703125
4 0.4182942708333333 0.884765625 0.0567626953125 0.08526611328125
5 0.6979166666666666 0.2220458984375 0.07442220052083333 0.0869140625
5 0.767578125 0.3828125 0.07291666666666667 0.08123779296875
5 0.6744791666666666 0.39892578125 0.07173665364583333 0.078369140625
4 0.6591796875 0.91650390625 0.057169596354166664 0.092041015625
5 0.732421875 0.3017578125 0.07373046875 0.08135986328125
1 0.4365234375 0.466796875 0.07185872395833333 0.045196533203125
5 0.8092447916666666 0.45849609375 0.07967122395833333 0.08135986328125