0 0.29712301587301587 0.4466765873015873 0.12466931216931217 0.09226190476190477
4 0.5418320105820106 0.6056547619047619 0.07837301587301587 0.11458333333333333
2 0.7541335978835979 0.5035962301587301 0.10218253968253968 0.060267857142857144
4 0.8389550264550265 0.8247767857142857 0.09193121693121693 0.13020833333333334
4 0.7412367724867724 0.6199156746031746 0.0763888888888889 0.11036706349206349
4 0.44675925925925924 0.5970982142857143 0.07671957671957672 0.11036706349206349
4 0.42294973544973546 0.8050595238095238 0.08664021164021164 0.1324404761904762
4 0.6455026455026455 0.6143353174603174 0.07341269841269842 0.11011904761904762
4 0.5264550264550265 0.8087797619047619 0.083994708994709 0.1324404761904762
1 0.23148148148148148 0.4126984126984127 0.08664021164021164 0.049107142857142856
4 0.7361111111111112 0.8182043650793651 0.08333333333333333 0.13045634920634921
5 0.46494708994708994 0.3699156746031746 0.13690476190476192 0.053323412698412696
1 0.33647486772486773 0.3577628968253968 0.09556878306878307 0.046378968253968256
0 0.7136243386243386 0.29873511904761907 0.10582010582010581 0.08060515873015874
4 0.6294642857142857 0.8139880952380952 0.08035714285714286 0.13045634920634921
4 0.5205026455026455 0.48325892857142855 0.10846560846560846 0.0726686507936508
3 0.5198567708333334 0.427001953125 0.10392252604166667 0.07891845703125