4 0.27959656084656087 0.5577876984126984 0.07043650793650794 0.0873015873015873
4 0.23991402116402116 0.7127976190476191 0.07506613756613757 0.09722222222222222
4 0.20337301587301587 0.5536954365079365 0.06878306878306878 0.08556547619047619
4 0.3958333333333333 0.7248263888888888 0.07738095238095238 0.09796626984126984
4 0.3513558201058201 0.5611359126984127 0.06779100529100529 0.08705357142857142
4 0.16286375661375663 0.7056051587301587 0.07572751322751323 0.09375
4 0.31630291005291006 0.7182539682539683 0.07506613756613757 0.09771825396825397
4 0.0882936507936508 0.7003968253968254 0.07142857142857142 0.09077380952380952
4 0.13227513227513227 0.5487351190476191 0.06415343915343916 0.08159722222222222
5 0.5079365079365079 0.30679563492063494 0.10648148148148148 0.04563492063492063
5 0.5669642857142857 0.2442956349206349 0.10482804232804233 0.043154761904761904
5 0.4416335978835979 0.36929563492063494 0.10945767195767196 0.04117063492063492
5 0.6213624338624338 0.18117559523809523 0.1078042328042328 0.04439484126984127
5 0.6458333333333334 0.2726934523809524 0.10846560846560846 0.04092261904761905
5 0.5889550264550265 0.3368055555555556 0.10714285714285714 0.04513888888888889
5 0.5252976190476191 0.404265873015873 0.11408730158730158 0.04265873015873016
5 0.3751653439153439 0.4348958333333333 0.11342592592592593 0.03794642857142857
5 0.7093253968253969 0.20907738095238096 0.11243386243386243 0.0441468253968254
3 0.7584635416666666 0.6728515625 0.053466796875 0.09515380859375
3 0.6546223958333334 0.6669921875 0.0504150390625 0.09552001953125
3 0.6575520833333334 0.55078125 0.049845377604166664 0.08331298828125
3 0.650390625 0.796875 0.05859375 0.10540771484375
3 0.8639322916666666 0.556640625 0.058024088541666664 0.0867919921875
3 0.8723958333333334 0.6767578125 0.0628662109375 0.09686279296875
3 0.755859375 0.55615234375 0.0596923828125 0.089111328125
3 0.7610677083333334 0.80224609375 0.0611572265625 0.10595703125
3 0.7565104166666666 0.447021484375 0.051106770833333336 0.0784912109375
3 0.8580729166666666 0.447509765625 0.0557861328125 0.0836181640625
3 0.8795572916666666 0.81005859375 0.06636555989583333 0.106689453125