3 0.2630208333333333 0.5732421875 0.07320149739583333 0.05877685546875
3 0.1865234375 0.5087890625 0.07291666666666667 0.05889892578125
1 0.3492838541666667 0.7412109375 0.052449544270833336 0.044677734375
5 0.4365234375 0.472900390625 0.0704345703125 0.082275390625
3 0.400390625 0.60107421875 0.07320149739583333 0.058013916015625
0 0.4088541666666667 0.8427734375 0.08829752604166667 0.06982421875
3 0.24593098958333334 0.47021484375 0.0723876953125 0.056976318359375
5 0.4195963541666667 0.3134765625 0.07625325520833333 0.08709716796875
3 0.11328125 0.441162109375 0.0723876953125 0.057281494140625
5 0.3763020833333333 0.2486572265625 0.06551106770833333 0.08770751953125
3 0.3212890625 0.53466796875 0.07198079427083333 0.05706787109375
5 0.3909505208333333 0.40771484375 0.06949869791666667 0.0762939453125
5 0.3470052083333333 0.345947265625 0.07027180989583333 0.0843505859375
3 0.3395182291666667 0.63916015625 0.0758056640625 0.05877685546875
5 0.462890625 0.376220703125 0.06697591145833333 0.07696533203125
5 0.2978515625 0.2802734375 0.0677490234375 0.085693359375
5 0.5068359375 0.44287109375 0.06901041666666667 0.08154296875
2 0.4215494791666667 0.72509765625 0.07808430989583333 0.03802490234375
3 0.17057291666666666 0.405517578125 0.07108561197916667 0.05645751953125
5 0.4798177083333333 0.53515625 0.07185872395833333 0.0794677734375
3 0.5745442708333334 0.69873046875 0.08683268229166667 0.032958984375
4 0.5052083333333334 0.67578125 0.0791015625 0.0360107421875
3 0.2805989583333333 0.68115234375 0.07527669270833333 0.05889892578125
4 0.8828125 0.59375 0.11385091145833333 0.057373046875
4 0.7161458333333334 0.642578125 0.09440104166666667 0.04840087890625
1 0.544921875 0.60693359375 0.056966145833333336 0.03302001953125
5 0.6435546875 0.81591796875 0.097900390625 0.03265380859375
4 0.6663411458333334 0.5458984375 0.09847005208333333 0.05889892578125
4 0.744140625 0.6865234375 0.103515625 0.056121826171875
3 0.20052083333333334 0.61083984375 0.07779947916666667 0.0616455078125
3 0.12296549479166667 0.5439453125 0.072265625 0.059539794921875
4 0.8509114583333334 0.544921875 0.11344401041666667 0.05572509765625
4 0.9114583333333334 0.64453125 0.09757486979166667 0.04559326171875
4 0.8268229166666666 0.49951171875 0.09635416666666667 0.045196533203125
0 0.19059244791666666 0.7607421875 0.059041341145833336 0.09075927734375
4 0.6901041666666666 0.59228515625 0.09912109375 0.055206298828125
4 0.76953125 0.73876953125 0.095458984375 0.047149658203125