0 0.4527994791666667 0.412109375 0.07373046875 0.10211181640625
3 0.1640625 0.2181396484375 0.0806884765625 0.09600830078125
3 0.4052734375 0.150390625 0.0748291015625 0.09503173828125
3 0.092529296875 0.440185546875 0.07649739583333333 0.0867919921875
0 0.5423177083333334 0.427978515625 0.0748291015625 0.10089111328125
3 0.12736002604166666 0.3310546875 0.07865397135416667 0.08880615234375
3 0.20377604166666666 0.09857177734375 0.07881673177083333 0.10015869140625
3 0.228515625 0.353515625 0.07722981770833333 0.0863037109375
3 0.30712890625 0.1265869140625 0.07539876302083333 0.097900390625
3 0.365234375 0.265625 0.07552083333333333 0.092041015625
2 0.67578125 0.42578125 0.0439453125 0.06817626953125
5 0.8157552083333334 0.41943359375 0.11181640625 0.07794189453125
5 0.8743489583333334 0.58740234375 0.11507161458333333 0.07476806640625
4 0.5677083333333334 0.72216796875 0.09391276041666667 0.046295166015625
4 0.466796875 0.57421875 0.09578450520833333 0.048492431640625
3 0.2900390625 0.47998046875 0.07173665364583333 0.0830078125
3 0.3263346354166667 0.373046875 0.07198079427083333 0.08154296875
4 0.5970052083333334 0.6650390625 0.10335286458333333 0.058441162109375
4 0.4384765625 0.615234375 0.10636393229166667 0.061187744140625
1 0.2080078125 0.68359375 0.07539876302083333 0.036712646484375
4 0.5364583333333334 0.76025390625 0.10636393229166667 0.058563232421875
4 0.5120442708333334 0.8154296875 0.08601888020833333 0.041229248046875
5 0.7903645833333334 0.583984375 0.10506184895833333 0.0699462890625
1 0.23372395833333334 0.63037109375 0.0748291015625 0.036346435546875
3 0.1953125 0.45947265625 0.0767822265625 0.085693359375
5 0.888671875 0.50732421875 0.1171875 0.07763671875
5 0.8001302083333334 0.5009765625 0.11588541666666667 0.0809326171875
5 0.9283854166666666 0.33984375 0.1201171875 0.07611083984375
5 0.8658854166666666 0.66845703125 0.095947265625 0.06756591796875
3 0.2667643229166667 0.24365234375 0.07893880208333333 0.09368896484375
4 0.3707682291666667 0.720703125 0.086669921875 0.040985107421875
5 0.8365885416666666 0.333984375 0.11971028645833333 0.07696533203125
4 0.4059244791666667 0.66796875 0.09529622395833333 0.048126220703125
5 0.7799479166666666 0.6669921875 0.087158203125 0.06488037109375
4 0.3372395833333333 0.7685546875 0.09578450520833333 0.04595947265625
5 0.9108072916666666 0.427978515625 0.10205078125 0.06658935546875
4 0.6295572916666666 0.62060546875 0.1005859375 0.058563232421875