4 0.12011574074074075 0.47241319444444446 0.07185846560846561 0.06756696428571429
4 0.22444775132275133 0.5209970238095237 0.07185846560846561 0.06658978174603175
4 0.14298611111111112 0.3493650793650794 0.0635978835978836 0.05822668650793651
4 0.250489417989418 0.3984375 0.06990410052910052 0.06427083333333333
4 0.3040376984126984 0.42309523809523814 0.06901124338624338 0.06335565476190476
4 0.06636574074074074 0.45019593253968254 0.07238756613756614 0.06488095238095239
4 0.27392526455026456 0.5449231150793651 0.07291666666666667 0.06427083333333333
3 0.6790376984126983 0.5712896825396826 0.04288690476190476 0.06109623015873016
3 0.5776256613756614 0.5566393849206349 0.08119378306878307 0.02838045634920635
4 0.19694113756613754 0.37353422619047616 0.07238756613756614 0.06512400793650794
3 0.7994808201058201 0.3808606150793651 0.05224537037037037 0.06854166666666667
3 0.8164054232804233 0.4704588293650794 0.05175925925925926 0.06573412698412699
3 0.7532539682539683 0.5625 0.047404100529100525 0.06188988095238095
4 0.4729828042328042 0.5566418650793651 0.07763558201058202 0.027740575396825395
5 0.3100595238095238 0.23523065476190477 0.06148148148148148 0.07836805555555557
5 0.35644510582010586 0.32959077380952384 0.057291666666666664 0.07208333333333333
5 0.4348974867724868 0.5356448412698412 0.08146164021164021 0.048035714285714286
3 0.6601554232804233 0.4887698412698413 0.04597883597883597 0.06280505952380952
3 0.7376289682539683 0.47900297619047616 0.04748677248677249 0.06396577380952381
5 0.22216931216931218 0.1977529761904762 0.06266203703703704 0.0797718253968254
5 0.18180224867724867 0.25854414682539684 0.06253968253968255 0.07434027777777778
3 0.640625 0.4028323412698413 0.04573412698412699 0.06488095238095239
5 0.2690443121693122 0.2949231150793651 0.059368386243386244 0.0754389880952381
3 0.71875 0.3928224206349206 0.04931547619047619 0.06610119047619047
4 0.17171296296296296 0.4982911706349206 0.07238756613756614 0.0668328373015873
5 0.5266931216931217 0.40210069444444446 0.05904100529100529 0.07665922619047619
1 0.37727843915343917 0.5654290674603174 0.055502645502645505 0.026200396825396825
1 0.5205092592592593 0.49731398809523814 0.05761574074074074 0.028214285714285716
5 0.39811177248677254 0.27368055555555554 0.059447751322751326 0.08123759920634921
3 0.7825529100529101 0.2885739087301587 0.052367724867724876 0.07134920634920636
2 0.5403637566137566 0.62109375 0.06103505291005291 0.041535218253968255
3 0.6197916666666666 0.3125 0.047404100529100525 0.06781001984126984
0 0.4153637566137566 0.6606448412698412 0.06697751322751322 0.059538690476190474
3 0.6985681216931217 0.30175843253968254 0.04874669312169312 0.0686656746031746
5 0.44498677248677254 0.3666989087301587 0.06205357142857143 0.07904017857142857
5 0.48144510582010586 0.3066418650793651 0.057374338624338626 0.07305803571428571
0 0.3001289682539683 0.6616220238095237 0.0949702380952381 0.036284722222222225