3 0.6868489583333334 0.498779296875 0.08732096354166667 0.04193115234375
3 0.6194661458333334 0.6484375 0.09716796875 0.047882080078125
3 0.3470052083333333 0.646484375 0.10245768229166667 0.04803466796875
3 0.44921875 0.55419921875 0.09773763020833333 0.04376220703125
3 0.4723307291666667 0.615234375 0.09969075520833333 0.047943115234375
3 0.4996744791666667 0.67724609375 0.10221354166666667 0.047882080078125
2 0.5081380208333334 0.7734375 0.087646484375 0.040313720703125
3 0.32275390625 0.58349609375 0.10026041666666667 0.045867919921875
5 0.33203125 0.410400390625 0.12337239583333333 0.058349609375
5 0.4361979166666667 0.380615234375 0.11612955729166667 0.05645751953125
3 0.5944010416666666 0.58642578125 0.09716796875 0.045196533203125
4 0.4586588541666667 0.135498046875 0.059244791666666664 0.07696533203125
4 0.5110677083333334 0.251953125 0.050048828125 0.06622314453125
3 0.3714192708333333 0.7099609375 0.105224609375 0.0482177734375
5 0.3658854166666667 0.476318359375 0.11946614583333333 0.056549072265625
5 0.11800130208333333 0.464599609375 0.12556966145833334 0.06243896484375
3 0.5706380208333334 0.52783203125 0.09700520833333333 0.043121337890625
5 0.14884440104166666 0.53369140625 0.11409505208333333 0.049407958984375
5 0.5341796875 0.3564453125 0.103515625 0.04876708984375
5 0.25830078125 0.5048828125 0.12272135416666667 0.054901123046875
4 0.3942057291666667 0.148193359375 0.05859375 0.07696533203125
5 0.22867838541666666 0.436279296875 0.11946614583333333 0.060516357421875
5 0.4671223958333333 0.452392578125 0.112060546875 0.056243896484375
5 0.5654296875 0.422119140625 0.09847005208333333 0.048492431640625
4 0.2503255208333333 0.310546875 0.06636555989583333 0.0782470703125
4 0.4482421875 0.271728515625 0.06514485677083333 0.0753173828125
4 0.3318684895833333 0.1644287109375 0.056966145833333336 0.0794677734375
1 0.4466145833333333 0.8173828125 0.06978352864583333 0.0379638671875
1 0.4215494791666667 0.8779296875 0.0687255859375 0.03594970703125
4 0.3841145833333333 0.286376953125 0.06697591145833333 0.07891845703125
4 0.31982421875 0.296875 0.0706787109375 0.0794677734375
3 0.7109375 0.55859375 0.09309895833333333 0.043121337890625
4 0.19938151041666666 0.1856689453125 0.063720703125 0.082275390625
0 0.7194010416666666 0.8701171875 0.09952799479166667 0.07354736328125
0 0.767578125 0.81494140625 0.10791015625 0.0753173828125
4 0.2607421875 0.1763916015625 0.06278483072916667 0.0810546875
3 0.7376302083333334 0.61962890625 0.089111328125 0.043365478515625