3 0.501953125 0.54052734375 0.07808430989583333 0.03802490234375
3 0.17513020833333334 0.462158203125 0.091552734375 0.04132080078125
3 0.29296875 0.49072265625 0.087646484375 0.040924072265625
4 0.626953125 0.45458984375 0.08414713541666667 0.06683349609375
3 0.3483072916666667 0.59619140625 0.0791015625 0.038909912109375
3 0.3753255208333333 0.55517578125 0.08011881510416667 0.038543701171875
3 0.4462890625 0.6171875 0.07511393229166667 0.0369873046875
3 0.24365234375 0.57470703125 0.08251953125 0.03985595703125
3 0.133056640625 0.5517578125 0.08699544270833333 0.040771484375
4 0.8235677083333334 0.406982421875 0.08308919270833333 0.06549072265625
3 0.4736328125 0.57666015625 0.07637532552083333 0.038543701171875
3 0.153564453125 0.50537109375 0.089599609375 0.0411376953125
3 0.4016927083333333 0.515625 0.08113606770833333 0.03875732421875
4 0.8678385416666666 0.42724609375 0.08174641927083333 0.0640869140625
4 0.7337239583333334 0.360595703125 0.087646484375 0.07183837890625
5 0.6285807291666666 0.2210693359375 0.0723876953125 0.0816650390625
4 0.6731770833333334 0.472412109375 0.073486328125 0.06292724609375
5 0.771484375 0.1629638671875 0.07401529947916667 0.08709716796875
4 0.80078125 0.53369140625 0.07442220052083333 0.0552978515625
4 0.7766927083333334 0.383056640625 0.07954915364583333 0.06488037109375
4 0.90625 0.448486328125 0.078369140625 0.0604248046875
2 0.5003255208333334 0.31005859375 0.08650716145833333 0.0360107421875
3 0.267578125 0.53125 0.0826416015625 0.0394287109375
5 0.8776041666666666 0.191162109375 0.0704345703125 0.08477783203125
5 0.7311197916666666 0.240966796875 0.06990559895833333 0.08251953125
4 0.7584635416666666 0.5126953125 0.0745849609375 0.05889892578125
1 0.640625 0.5771484375 0.038350423177083336 0.034759521484375
1 0.6881510416666666 0.58984375 0.040445963541666664 0.0323486328125
4 0.71484375 0.491455078125 0.07511393229166667 0.060760498046875
5 0.5205078125 0.201171875 0.08447265625 0.09088134765625
0 0.4869791666666667 0.398193359375 0.10335286458333333 0.050323486328125
5 0.658203125 0.1417236328125 0.08280436197916667 0.08880615234375
5 0.5478515625 0.118408203125 0.081298828125 0.091552734375
5 0.8346354166666666 0.26123046875 0.06575520833333333 0.07879638671875
0 0.4557291666666667 0.447998046875 0.11027018229166667 0.05224609375
5 0.3997395833333333 0.17578125 0.10392252604166667 0.10797119140625
5 0.427734375 0.09222412109375 0.091064453125 0.10284423828125