3 0.60546875 0.65283203125 0.056640625 0.0726318359375
3 0.4524739583333333 0.60888671875 0.055582682291666664 0.070068359375
3 0.5309244791666666 0.63134765625 0.059814453125 0.070556640625
3 0.646484375 0.56298828125 0.058024088541666664 0.06829833984375
3 0.5201822916666666 0.837890625 0.060587565104166664 0.076416015625
3 0.4436848958333333 0.81689453125 0.061279296875 0.0751953125
3 0.4944661458333333 0.52294921875 0.057088216145833336 0.06597900390625
3 0.4098307291666667 0.70166015625 0.06278483072916667 0.072509765625
3 0.5638020833333334 0.74267578125 0.060017903645833336 0.07421875
3 0.4869791666666667 0.7197265625 0.058024088541666664 0.07208251953125
5 0.7630208333333334 0.6083984375 0.10026041666666667 0.0633544921875
3 0.5690104166666666 0.54150390625 0.057698567708333336 0.06781005859375
4 0.31787109375 0.60986328125 0.08878580729166667 0.04779052734375
2 0.6145833333333334 0.78564453125 0.051472981770833336 0.06475830078125
3 0.3655598958333333 0.79150390625 0.060139973958333336 0.0740966796875
4 0.3743489583333333 0.5166015625 0.09090169270833333 0.048583984375
4 0.2659505208333333 0.7001953125 0.09236653645833333 0.0496826171875
5 0.7994791666666666 0.45068359375 0.0986328125 0.057373046875
4 0.14298502604166666 0.607421875 0.09138997395833333 0.04559326171875
0 0.6559244791666666 0.40966796875 0.10847981770833333 0.058013916015625
5 0.8743489583333334 0.53857421875 0.10001627604166667 0.05511474609375
4 0.11800130208333333 0.65087890625 0.10042317708333333 0.0521240234375
0 0.6194661458333334 0.360595703125 0.10807291666666667 0.061187744140625
5 0.85546875 0.62158203125 0.103515625 0.06451416015625
5 0.744140625 0.685546875 0.09912109375 0.059326171875
4 0.3447265625 0.56396484375 0.08414713541666667 0.042877197265625
5 0.8899739583333334 0.462646484375 0.10221354166666667 0.05865478515625
5 0.7825520833333334 0.525390625 0.09700520833333333 0.061187744140625
1 0.18619791666666666 0.83935546875 0.055704752604166664 0.050048828125
5 0.8352864583333334 0.701171875 0.1201171875 0.0751953125
4 0.17805989583333334 0.560546875 0.09847005208333333 0.051544189453125
5 0.8229166666666666 0.78515625 0.10245768229166667 0.06463623046875
5 0.7265625 0.76953125 0.09635416666666667 0.06512451171875
4 0.19759114583333334 0.51416015625 0.08732096354166667 0.042083740234375
4 0.2942708333333333 0.6533203125 0.09773763020833333 0.0509033203125
1 0.2532552083333333 0.8671875 0.048095703125 0.055206298828125
4 0.2265625 0.47216796875 0.09635416666666667 0.046630859375