0 0.6370442708333334 0.65478515625 0.11002604166666667 0.045257568359375
3 0.24983723958333334 0.6728515625 0.0631103515625 0.07366943359375
3 0.3629557291666667 0.59521484375 0.057291666666666664 0.0704345703125
3 0.4332682291666667 0.427734375 0.0538330078125 0.06256103515625
3 0.16845703125 0.65625 0.061726888020833336 0.0726318359375
3 0.4000651041666667 0.50830078125 0.0565185546875 0.06500244140625
3 0.3636067708333333 0.416015625 0.058146158854166664 0.06304931640625
3 0.3245442708333333 0.68798828125 0.059814453125 0.0738525390625
4 0.5367838541666666 0.794921875 0.054972330729166664 0.07598876953125
4 0.8177083333333334 0.90283203125 0.06722005208333333 0.08526611328125
3 0.2506510416666667 0.4814453125 0.060791015625 0.06634521484375
4 0.6162109375 0.53125 0.087646484375 0.038330078125
3 0.2900390625 0.5810546875 0.06103515625 0.06878662109375
4 0.6829427083333334 0.763671875 0.057291666666666664 0.07501220703125
3 0.21240234375 0.56494140625 0.061971028645833336 0.0701904296875
3 0.3273111979166667 0.495849609375 0.058349609375 0.06488037109375
3 0.6126302083333334 0.5712890625 0.09269205729166667 0.035003662109375
0 0.5458984375 0.62841796875 0.06697591145833333 0.08819580078125
4 0.6110026041666666 0.77783203125 0.058675130208333336 0.0782470703125
1 0.712890625 0.60498046875 0.06697591145833333 0.04132080078125
5 0.7532552083333334 0.410888671875 0.057088216145833336 0.06756591796875
4 0.7421875 0.91748046875 0.06913248697916667 0.09234619140625
4 0.5227864583333334 0.9619140625 0.062052408854166664 0.07208251953125
4 0.4645182291666667 0.8115234375 0.058268229166666664 0.081787109375
5 0.6149088541666666 0.423095703125 0.059041341145833336 0.07879638671875
4 0.5950520833333334 0.94970703125 0.06901041666666667 0.08978271484375
5 0.6279296875 0.61181640625 0.10791015625 0.047607421875
2 0.5550130208333334 0.69921875 0.08414713541666667 0.040771484375
5 0.6627604166666666 0.375244140625 0.054158528645833336 0.06475830078125
5 0.578125 0.3427734375 0.050537109375 0.07183837890625
5 0.802734375 0.496826171875 0.057169596354166664 0.0740966796875
4 0.6673177083333334 0.931640625 0.06477864583333333 0.08990478515625
5 0.4977213541666667 0.31103515625 0.048095703125 0.077392578125
5 0.70703125 0.46435546875 0.054972330729166664 0.07598876953125
5 0.5364583333333334 0.395751953125 0.049763997395833336 0.07080078125
5 0.8483072916666666 0.44189453125 0.06551106770833333 0.06951904296875
1 0.4840494791666667 0.55615234375 0.04345703125 0.044921875