3 0.294921875 0.454833984375 0.086181640625 0.044097900390625
3 0.5380859375 0.433837890625 0.08829752604166667 0.048583984375
3 0.4654947916666667 0.517578125 0.08463541666666667 0.042572021484375
3 0.5065104166666666 0.381103515625 0.08829752604166667 0.0457763671875
3 0.5699869791666666 0.4853515625 0.086669921875 0.044921875
3 0.4348958333333333 0.46923828125 0.08634440104166667 0.044769287109375
3 0.232421875 0.53515625 0.083251953125 0.043121337890625
5 0.07511393229166667 0.3291015625 0.11531575520833333 0.05987548828125
5 0.11368815104166667 0.3935546875 0.11531575520833333 0.053009033203125
3 0.3987630208333333 0.41845703125 0.08585611979166667 0.044769287109375
2 0.5657552083333334 0.57275390625 0.07307942708333333 0.035552978515625
3 0.3623046875 0.55078125 0.08085123697916667 0.04168701171875
3 0.19401041666666666 0.488525390625 0.08544921875 0.044189453125
5 0.29443359375 0.342529296875 0.09806315104166667 0.047515869140625
4 0.7330729166666666 0.475341796875 0.08780924479166667 0.041534423828125
4 0.912109375 0.47119140625 0.10432942708333333 0.04986572265625
4 0.8352864583333334 0.289794921875 0.10904947916666667 0.057373046875
4 0.7513020833333334 0.51416015625 0.09611002604166667 0.04620361328125
3 0.2644856770833333 0.58203125 0.081298828125 0.04248046875
4 0.7083333333333334 0.427734375 0.09529622395833333 0.0526123046875
5 0.388671875 0.3134765625 0.10677083333333333 0.056854248046875
1 0.3811848958333333 0.609375 0.053751627604166664 0.0301513671875
5 0.205078125 0.3662109375 0.11246744791666667 0.052703857421875
4 0.6888020833333334 0.388671875 0.09269205729166667 0.052703857421875
4 0.8893229166666666 0.42578125 0.10791015625 0.056549072265625
4 0.6637369791666666 0.339599609375 0.09375 0.055938720703125
4 0.8509114583333334 0.3349609375 0.10791015625 0.056243896484375
5 0.455078125 0.2218017578125 0.10750325520833333 0.05865478515625
1 0.3411458333333333 0.64208984375 0.054361979166666664 0.030731201171875
4 0.8704427083333334 0.382080078125 0.10986328125 0.05389404296875
5 0.16682942708333334 0.303466796875 0.103515625 0.05108642578125
5 0.2599283854166667 0.278076171875 0.10734049479166667 0.054290771484375
0 0.5113932291666666 0.6494140625 0.048299153645833336 0.0723876953125
5 0.4876302083333333 0.28857421875 0.11181640625 0.061767578125
0 0.5807291666666666 0.6357421875 0.051472981770833336 0.0755615234375
5 0.3626302083333333 0.247314453125 0.12052408854166667 0.06500244140625
3 0.3308919270833333 0.50341796875 0.08174641927083333 0.040679931640625