3 0.2947591145833333 0.453369140625 0.058268229166666664 0.0775146484375
3 0.3146158854166667 0.348388671875 0.058268229166666664 0.07965087890625
5 0.794921875 0.440185546875 0.089599609375 0.06634521484375
5 0.8841145833333334 0.515625 0.09090169270833333 0.06756591796875
3 0.3356119791666667 0.2413330078125 0.062174479166666664 0.0867919921875
5 0.880859375 0.4375 0.087646484375 0.07196044921875
2 0.6585286458333334 0.370361328125 0.046671549479166664 0.06536865234375
5 0.88671875 0.354248046875 0.08976236979166667 0.06768798828125
0 0.443359375 0.3759765625 0.0609130859375 0.1015625
4 0.45703125 0.5732421875 0.10693359375 0.053985595703125
5 0.8001302083333334 0.358154296875 0.09391276041666667 0.07366943359375
3 0.3570963541666667 0.1302490234375 0.061482747395833336 0.091552734375
4 0.5758463541666666 0.70849609375 0.106201171875 0.053802490234375
3 0.23942057291666666 0.228271484375 0.06416829427083333 0.0872802734375
4 0.5979817708333334 0.66162109375 0.103515625 0.052520751953125
5 0.7962239583333334 0.51806640625 0.09187825520833333 0.06781005859375
4 0.4322916666666667 0.62060546875 0.10774739583333333 0.053314208984375
3 0.2197265625 0.3359375 0.06526692708333333 0.08050537109375
1 0.24772135416666666 0.6552734375 0.07320149739583333 0.034820556640625
5 0.8040364583333334 0.26953125 0.097412109375 0.0701904296875
5 0.7975260416666666 0.59765625 0.086181640625 0.06658935546875
3 0.20231119791666666 0.440185546875 0.06575520833333333 0.08038330078125
4 0.3831380208333333 0.72265625 0.11165364583333333 0.059661865234375
1 0.2674153645833333 0.6015625 0.07539876302083333 0.03460693359375
0 0.5296223958333334 0.384765625 0.06551106770833333 0.09912109375
4 0.48046875 0.52099609375 0.11263020833333333 0.05511474609375
4 0.64453125 0.5634765625 0.103759765625 0.053009033203125
4 0.6168619791666666 0.6103515625 0.10538736979166667 0.051849365234375
5 0.8938802083333334 0.272216796875 0.1005859375 0.075439453125
5 0.8828125 0.59375 0.087158203125 0.06707763671875
4 0.4104817708333333 0.67138671875 0.10904947916666667 0.055419921875
4 0.5540364583333334 0.75634765625 0.10408528645833333 0.05242919921875
3 0.1611328125 0.0982666015625 0.067626953125 0.093994140625
3 0.121826171875 0.32275390625 0.06722005208333333 0.0838623046875
3 0.10392252604166667 0.43017578125 0.06477864583333333 0.08270263671875
3 0.2610677083333333 0.11553955078125 0.06278483072916667 0.09368896484375
3 0.14103190104166666 0.2125244140625 0.06636555989583333 0.09039306640625