0 0.5335286458333334 0.6240234375 0.1201171875 0.048583984375
3 0.2626953125 0.411376953125 0.09171549479166667 0.063720703125
3 0.4527994791666667 0.275634765625 0.08927408854166667 0.06585693359375
3 0.22281901041666666 0.52783203125 0.09358723958333333 0.06573486328125
3 0.578125 0.5322265625 0.09326171875 0.058563232421875
3 0.16682942708333334 0.4814453125 0.09529622395833333 0.06658935546875
3 0.3229166666666667 0.45458984375 0.088134765625 0.06561279296875
3 0.419921875 0.385009765625 0.087646484375 0.06610107421875
0 0.4710286458333333 0.56005859375 0.11490885416666667 0.0794677734375
3 0.2967122395833333 0.2978515625 0.09171549479166667 0.06451416015625
5 0.728515625 0.287109375 0.061848958333333336 0.08404541015625
3 0.3603515625 0.343505859375 0.08992513020833333 0.06451416015625
4 0.6103515625 0.494873046875 0.095458984375 0.0439453125
5 0.9212239583333334 0.50244140625 0.06888834635416667 0.09027099609375
3 0.20345052083333334 0.36474609375 0.09171549479166667 0.06427001953125
5 0.8287760416666666 0.541015625 0.06429036458333333 0.08831787109375
3 0.5146484375 0.315673828125 0.08797200520833333 0.06573486328125
4 0.3414713541666667 0.71142578125 0.061482747395833336 0.080810546875
4 0.36328125 0.88720703125 0.0709228515625 0.09283447265625
4 0.4420572916666667 0.90576171875 0.070556640625 0.0948486328125
5 0.7610677083333334 0.464599609375 0.0682373046875 0.08538818359375
4 0.5218098958333334 0.927734375 0.06538899739583333 0.09075927734375
5 0.6998697916666666 0.389892578125 0.061360677083333336 0.080810546875
1 0.6500651041666666 0.60595703125 0.061604817708333336 0.051544189453125
5 0.7864583333333334 0.356689453125 0.060017903645833336 0.08538818359375
5 0.5569661458333334 0.578125 0.124267578125 0.042572021484375
4 0.4186197916666667 0.7275390625 0.062174479166666664 0.08447265625
2 0.4244791666666667 0.62890625 0.09358723958333333 0.04010009765625
4 0.4947916666666667 0.7451171875 0.060465494791666664 0.08270263671875
5 0.6429036458333334 0.32373046875 0.063720703125 0.08477783203125
4 0.2858072916666667 0.87255859375 0.06949869791666667 0.09185791015625
4 0.263671875 0.69677734375 0.061604817708333336 0.07989501953125
4 0.20865885416666666 0.859375 0.0684814453125 0.08990478515625
5 0.8502604166666666 0.429443359375 0.060017903645833336 0.0850830078125
3 0.1044921875 0.4345703125 0.091064453125 0.06512451171875
5 0.6725260416666666 0.21533203125 0.06563313802083333 0.090576171875
1 0.4651692708333333 0.467529296875 0.0635986328125 0.04486083984375