3 0.09027777777777778 0.45808531746031744 0.04431216931216931 0.05803571428571429
3 0.19146825396825398 0.5992063492063492 0.047619047619047616 0.06349206349206349
3 0.17311507936507936 0.521453373015873 0.04794973544973545 0.060267857142857144
3 0.1337632275132275 0.6966765873015873 0.04861111111111111 0.0679563492063492
3 0.24090608465608465 0.5069444444444444 0.04662698412698413 0.05952380952380952
3 0.10416666666666667 0.5329861111111112 0.046957671957671955 0.06101190476190476
3 0.20965608465608465 0.6825396825396826 0.04894179894179894 0.06746031746031746
3 0.11871693121693122 0.6124751984126984 0.046957671957671955 0.0642361111111111
3 0.259755291005291 0.5849454365079365 0.04728835978835979 0.061755952380952384
3 0.2802579365079365 0.6682787698412699 0.04927248677248677 0.0662202380952381
3 0.2220568783068783 0.43278769841269843 0.04398148148148148 0.05555555555555555
3 0.15575396825396826 0.4476686507936508 0.04365079365079365 0.057539682539682536
5 0.6178902116402116 0.259796626984127 0.06712962962962964 0.06671626984126984
2 0.7576058201058201 0.7898065476190477 0.07605820105820106 0.05233134920634921
5 0.6471560846560847 0.31634424603174605 0.0701058201058201 0.06770833333333333
0 0.6643518518518519 0.6654265873015873 0.09854497354497355 0.0441468253968254
1 0.4041005291005291 0.746155753968254 0.05357142857142857 0.04439484126984127
0 0.6879960317460317 0.7229662698412699 0.10218253968253968 0.044642857142857144
5 0.5481150793650794 0.27368551587301587 0.06646825396825397 0.06671626984126984
5 0.5755621693121693 0.33122519841269843 0.06712962962962964 0.0662202380952381
1 0.46081349206349204 0.7093253968253969 0.05324074074074074 0.039186507936507936
4 0.5305886243386243 0.5255456349206349 0.09556878306878307 0.04365079365079365
4 0.3816137566137566 0.5561755952380952 0.09193121693121693 0.04290674603174603
4 0.39533730158730157 0.5982142857142857 0.09292328042328042 0.04365079365079365
5 0.634755291005291 0.4506448412698413 0.0710978835978836 0.07341269841269842
4 0.546792328042328 0.5660962301587301 0.09424603174603174 0.04538690476190476
4 0.5023148148148148 0.44828869047619047 0.0873015873015873 0.04141865079365079
4 0.48660714285714285 0.4052579365079365 0.0882936507936508 0.0441468253968254
4 0.3447420634920635 0.43737599206349204 0.08961640211640212 0.038938492063492064
5 0.7476851851851852 0.4887152777777778 0.0667989417989418 0.06770833333333333
4 0.3566468253968254 0.47507440476190477 0.0882936507936508 0.040426587301587304
5 0.7114748677248677 0.4290674603174603 0.06712962962962964 0.06994047619047619
4 0.37103174603174605 0.5135168650793651 0.09193121693121693 0.04092261904761905
5 0.6069775132275133 0.38938492063492064 0.06580687830687831 0.06845238095238096
5 0.6783854166666666 0.372314453125 0.068115234375 0.06524658203125
4 0.5198567708333334 0.489501953125 0.08976236979166667 0.044189453125
5 0.6666666666666666 0.51220703125 0.07568359375 0.07452392578125