3 0.5309244791666666 0.6376953125 0.09269205729166667 0.035064697265625
4 0.685546875 0.431640625 0.095947265625 0.05126953125
3 0.7721354166666666 0.6181640625 0.09138997395833333 0.0343017578125
5 0.4358723958333333 0.396240234375 0.07735188802083333 0.070068359375
0 0.3792317708333333 0.43994140625 0.0633544921875 0.0855712890625
3 0.4075520833333333 0.6484375 0.09847005208333333 0.036773681640625
4 0.7708333333333334 0.2496337890625 0.09952799479166667 0.05023193359375
2 0.4879557291666667 0.230712890625 0.060343424479166664 0.058013916015625
3 0.5416666666666666 0.69580078125 0.09757486979166667 0.04046630859375
5 0.24267578125 0.412841796875 0.09342447916666667 0.0823974609375
3 0.7786458333333334 0.67626953125 0.09269205729166667 0.036773681640625
1 0.4713541666666667 0.51953125 0.052652994791666664 0.04107666015625
3 0.6598307291666666 0.6865234375 0.09391276041666667 0.038177490234375
5 0.21516927083333334 0.33447265625 0.092041015625 0.08465576171875
5 0.18831380208333334 0.255126953125 0.09171549479166667 0.08599853515625
3 0.5257161458333334 0.57666015625 0.09342447916666667 0.034759521484375
3 0.5615234375 0.431640625 0.08927408854166667 0.04107666015625
3 0.6477864583333334 0.568359375 0.092529296875 0.033721923828125
5 0.12296549479166667 0.350341796875 0.09440104166666667 0.08599853515625
4 0.6409505208333334 0.338623046875 0.09578450520833333 0.053497314453125
3 0.6529947916666666 0.6279296875 0.08927408854166667 0.033843994140625
4 0.4427083333333333 0.50537109375 0.06563313802083333 0.057281494140625
5 0.17447916666666666 0.5029296875 0.0986328125 0.0794677734375
4 0.7955729166666666 0.29736328125 0.095947265625 0.048309326171875
3 0.4140625 0.7080078125 0.09969075520833333 0.041473388671875
5 0.092529296875 0.267333984375 0.09138997395833333 0.08740234375
0 0.3522135416666667 0.321533203125 0.10262044270833333 0.05975341796875
3 0.400390625 0.58740234375 0.09684244791666667 0.034759521484375
5 0.2701822916666667 0.491455078125 0.09138997395833333 0.08038330078125
4 0.8170572916666666 0.341552734375 0.10188802083333333 0.049591064453125
5 0.150634765625 0.42822265625 0.090576171875 0.08343505859375
4 0.6129557291666666 0.2919921875 0.09578450520833333 0.0521240234375
4 0.6650390625 0.38330078125 0.09440104166666667 0.051849365234375
4 0.5927734375 0.2413330078125 0.09757486979166667 0.050811767578125
5 0.20393880208333334 0.58837890625 0.09578450520833333 0.080078125
1 0.5104166666666666 0.304931640625 0.055094401041666664 0.0369873046875
4 0.7473958333333334 0.203369140625 0.10026041666666667 0.051849365234375