4 0.3014322916666667 0.477294921875 0.09806315104166667 0.04193115234375
4 0.2897135416666667 0.432861328125 0.09716796875 0.038604736328125
5 0.720703125 0.55078125 0.1005859375 0.043701171875
3 0.7024739583333334 0.45458984375 0.089599609375 0.044281005859375
3 0.5895182291666666 0.480712890625 0.08878580729166667 0.042816162109375
4 0.3292643229166667 0.57080078125 0.1005859375 0.04052734375
5 0.751953125 0.6142578125 0.102783203125 0.047698974609375
5 0.8216145833333334 0.5244140625 0.09879557291666667 0.045013427734375
3 0.5455729166666666 0.375244140625 0.086181640625 0.040618896484375
3 0.8196614583333334 0.427490234375 0.091552734375 0.042022705078125
3 0.4778645833333333 0.50390625 0.08699544270833333 0.039703369140625
3 0.6770833333333334 0.401123046875 0.08976236979166667 0.043365478515625
4 0.15958658854166666 0.5537109375 0.107177734375 0.042022705078125
3 0.5690104166666666 0.429931640625 0.09122721354166667 0.043212890625
3 0.7903645833333334 0.37451171875 0.090087890625 0.042724609375
3 0.6565755208333334 0.349853515625 0.088134765625 0.04132080078125
5 0.849609375 0.58642578125 0.10392252604166667 0.05126953125
5 0.6572265625 0.63525390625 0.097412109375 0.04595947265625
3 0.4342447916666667 0.400634765625 0.0849609375 0.038970947265625
3 0.7662760416666666 0.322998046875 0.08846028645833333 0.040924072265625
5 0.9192708333333334 0.5009765625 0.10319010416666667 0.045196533203125
5 0.9459635416666666 0.56298828125 0.0986328125 0.047332763671875
5 0.6337890625 0.57568359375 0.088623046875 0.040618896484375
1 0.6282552083333334 0.274658203125 0.05859375 0.0273284912109375
2 0.5748697916666666 0.3154296875 0.07320149739583333 0.0284423828125
4 0.18147786458333334 0.64892578125 0.107177734375 0.040924072265625
5 0.5618489583333334 0.66259765625 0.09879557291666667 0.049774169921875
0 0.4072265625 0.32177734375 0.085693359375 0.06829833984375
5 0.5322265625 0.59912109375 0.1005859375 0.053009033203125
4 0.17057291666666666 0.60009765625 0.1044921875 0.04248046875
1 0.6341145833333334 0.228271484375 0.058349609375 0.0289306640625
0 0.4593098958333333 0.281494140625 0.07893880208333333 0.06475830078125
4 0.3440755208333333 0.61669921875 0.09952799479166667 0.03955078125
4 0.14835611979166666 0.5087890625 0.10579427083333333 0.0394287109375
4 0.134033203125 0.46337890625 0.10001627604166667 0.038604736328125
3 0.455078125 0.45263671875 0.08544921875 0.040618896484375
4 0.3201497395833333 0.52880859375 0.10847981770833333 0.04083251953125