3 0.5423181216931217 0.5786135912698412 0.08190806878306878 0.060515873015873016
3 0.7929695767195767 0.7172842261904763 0.06888888888888889 0.07739335317460318
3 0.8359391534391535 0.6245114087301588 0.06384259259259259 0.07092261904761904
3 0.875 0.7480481150793651 0.07067791005291005 0.08178819444444443
3 0.7076818783068783 0.6845709325396826 0.06135912698412699 0.07611111111111112
3 0.7584623015873017 0.5947271825396826 0.06135912698412699 0.0680530753968254
3 0.9557308201058201 0.56640625 0.06490079365079365 0.0686656746031746
1 0.6083994708994709 0.6909176587301588 0.051107804232804234 0.05319196428571429
2 0.26692791005291006 0.5209970238095237 0.08561177248677249 0.031433531746031744
3 0.8782539682539683 0.5400396825396826 0.06266203703703704 0.06463541666666667
3 0.7441402116402117 0.8173834325396826 0.06913359788359788 0.08770833333333333
3 0.8300793650793651 0.8520510912698412 0.0742989417989418 0.08868303571428571
5 0.3395171957671958 0.7954092261904763 0.0959457671957672 0.10089037698412699
0 0.453125 0.7109375 0.12337301587301587 0.0637202380952381
0 0.2939451058201058 0.6621106150793651 0.04402777777777777 0.08727926587301588
4 0.5735681216931217 0.7041021825396826 0.07214285714285715 0.07250992063492064
5 0.10831679894179895 0.7402356150793651 0.0913888888888889 0.09967013888888888
5 0.18082671957671959 0.8525396825396826 0.09667989417989419 0.11499007936507936
3 0.9166666666666666 0.6542981150793651 0.06787037037037037 0.07519593253968254
5 0.4322916666666667 0.64453125 0.11970899470899471 0.03802579365079365
4 0.6064451058201058 0.49365327380952384 0.045208333333333336 0.06903025793650794
5 0.22151785714285716 0.7685540674603174 0.09025132275132276 0.09997519841269842
5 0.46028769841269845 0.8227529761904763 0.09985449735449735 0.10797123015873016
5 0.30485119047619047 0.8818353174603174 0.10115410052910052 0.11456349206349206
5 0.06079034391534392 0.8217782738095237 0.09456349206349206 0.11010664682539682
4 0.5397123015873015 0.4865724206349206 0.04882936507936508 0.06915178571428571
5 0.42252645502645503 0.9111334325396826 0.10351521164021163 0.1171875
4 0.5703141534391535 0.3793948412698413 0.047119708994709 0.06756696428571429
4 0.40852843915343917 0.47241319444444446 0.05090277777777778 0.06964037698412699
4 0.3802083333333333 0.35278273809523814 0.0508234126984127 0.06768849206349206
5 0.5524074074074075 0.9409474206349207 0.10188822751322751 0.11810267857142857
4 0.5078141534391535 0.37255952380952384 0.04903108465608466 0.06793154761904761
4 0.4742824074074074 0.47729414682539684 0.04919312169312169 0.06793154761904761
1 0.36881613756613757 0.5434573412698412 0.06661044973544973 0.035002480158730157
4 0.4423842592592592 0.3627926587301587 0.04801587301587301 0.06756696428571429
4 0.3434259259259259 0.4614260912698413 0.05611111111111111 0.06951884920634921
3 0.6579166666666667 0.7837723214285715 0.06644179894179894 0.07862103174603174