4 0.34242724867724866 0.7028769841269841 0.06448412698412699 0.11557539682539683
1 0.3177910052910053 0.4782986111111111 0.09457671957671958 0.05233134920634921
5 0.3146494708994709 0.3804563492063492 0.08697089947089948 0.12301587301587301
0 0.2465277777777778 0.7931547619047619 0.15707671957671956 0.09027777777777778
2 0.283234126984127 0.7173859126984127 0.054563492063492064 0.1029265873015873
3 0.6044907407407407 0.7290029761904763 0.09440145502645504 0.140625
1 0.3417956349206349 0.5942385912698412 0.07893849206349207 0.07696428571428571
3 0.45442791005291006 0.7246106150793651 0.08797288359788359 0.13586309523809523
3 0.28434193121693124 0.6113293650793651 0.09456349206349206 0.10632440476190476
3 0.7591137566137566 0.73046875 0.10099206349206348 0.14514136904761907
3 0.6005853174603175 0.5595709325396826 0.09187830687830686 0.12988343253968254
3 0.45898478835978834 0.40478422619047616 0.06848214285714285 0.11657738095238096
3 0.734375 0.38989335317460316 0.07637566137566137 0.12768601190476192
3 0.5960284391534392 0.40234375 0.07413690476190476 0.12402281746031746
3 0.4583333333333333 0.55859375 0.08862433862433862 0.1257316468253968
3 0.75 0.5556646825396826 0.09822751322751323 0.13549851190476192
3 0.6048181216931217 0.9096676587301588 0.09952711640211641 0.1566170634920635
3 0.4511706349206349 0.9038095238095237 0.0910648148148148 0.15307539682539684