2 0.5014880952380952 0.8247767857142857 0.07175925925925926 0.05530753968253968
3 0.26339285714285715 0.5172371031746031 0.06646825396825397 0.06125992063492063
3 0.19973544973544974 0.5927579365079365 0.07208994708994709 0.06547619047619048
0 0.37119708994708994 0.7594246031746031 0.07771164021164022 0.07936507936507936
3 0.1335978835978836 0.5667162698412699 0.07407407407407407 0.06547619047619048
3 0.25380291005291006 0.3349454365079365 0.06183862433862434 0.05381944444444445
3 0.06299603174603174 0.5379464285714286 0.07572751322751323 0.06398809523809523
3 0.25727513227513227 0.42410714285714285 0.06415343915343916 0.05803571428571429
3 0.19510582010582012 0.3974454365079365 0.06613756613756613 0.057291666666666664
3 0.31316137566137564 0.359375 0.061507936507936505 0.054563492063492064
3 0.32142857142857145 0.447296626984127 0.06283068783068783 0.057291666666666664
3 0.19659391534391535 0.49181547619047616 0.07043650793650794 0.06101190476190476
3 0.1314484126984127 0.46490575396825395 0.0710978835978836 0.05927579365079365
3 0.3759920634920635 0.3819444444444444 0.06018518518518518 0.05406746031746032
5 0.6810515873015873 0.7662450396825397 0.10615079365079365 0.05431547619047619
4 0.5524140211640212 0.5592757936507936 0.08961640211640212 0.05505952380952381
4 0.44907407407407407 0.46304563492063494 0.08597883597883597 0.052083333333333336
5 0.6301256613756614 0.6684027777777778 0.10681216931216932 0.04861111111111111
5 0.8067129629629629 0.5079365079365079 0.09755291005291006 0.041666666666666664
1 0.17625661375661375 0.7204861111111112 0.04497354497354497 0.050595238095238096
1 0.2531415343915344 0.7211061507936508 0.04133597883597884 0.04836309523809524
5 0.6650132275132276 0.6019345238095238 0.10119047619047619 0.04712301587301587
4 0.4955357142857143 0.636656746031746 0.09027777777777778 0.05704365079365079
4 0.3890542328042328 0.5354662698412699 0.08366402116402116 0.05109126984126984
5 0.7142857142857143 0.6950644841269841 0.10185185185185185 0.05282738095238095
0 0.4401455026455027 0.7937748015873016 0.07804232804232804 0.08110119047619048
4 0.3191137566137566 0.6138392857142857 0.09259259259259259 0.05505952380952381
5 0.7771164021164021 0.5667162698412699 0.10185185185185185 0.0441468253968254
4 0.4166666666666667 0.496826171875 0.08406575520833333 0.04876708984375
4 0.5797526041666666 0.517578125 0.08406575520833333 0.0509033203125
5 0.5944010416666666 0.7392578125 0.11222330729166667 0.0535888671875
4 0.4622395833333333 0.67724609375 0.09456380208333333 0.053314208984375
5 0.7454427083333334 0.6298828125 0.09611002604166667 0.047332763671875
4 0.3528645833333333 0.57666015625 0.09440104166666667 0.05718994140625
4 0.5182291666666666 0.59716796875 0.08479817708333333 0.052825927734375
5 0.69921875 0.54052734375 0.09358723958333333 0.0460205078125
5 0.7356770833333334 0.481689453125 0.097900390625 0.044189453125