4 0.3439153439153439 0.7589285714285714 0.14947089947089948 0.11160714285714286
1 0.5709325396825397 0.4224950396825397 0.06448412698412699 0.0597718253968254
4 0.5423280423280423 0.6106150793650794 0.1302910052910053 0.10466269841269842
4 0.3994708994708995 0.519593253968254 0.12962962962962962 0.09226190476190477
0 0.919808201058201 0.6186755952380952 0.12400793650793651 0.09995039682539683
4 0.7900132275132276 0.5104166666666666 0.125 0.06448412698412699
1 0.7175925925925926 0.44506448412698413 0.08333333333333333 0.05679563492063492
4 0.2035383597883598 0.6418650793650794 0.1359126984126984 0.09424603174603174
5 0.5775462962962963 0.3587549603174603 0.1306216931216931 0.051835317460317464
2 0.7293320105820106 0.564484126984127 0.12400793650793651 0.0496031746031746
3 0.6360681216931217 0.49365327380952384 0.1262202380952381 0.05004960317460318
4 0.46647156084656083 0.5644543650793651 0.12312830687830686 0.09484871031746032
4 0.3388657407407408 0.4704588293650794 0.11840939153439153 0.08727926587301588
4 0.6201157407407407 0.66015625 0.13500992063492062 0.11437996031746032
4 0.2698578042328042 0.7026364087301588 0.1538095238095238 0.11877480158730158
4 0.41959656084656083 0.8237301587301588 0.14526455026455026 0.11981150793650794