3 0.3136393229166667 0.552734375 0.0799560546875 0.0401611328125
3 0.21451822916666666 0.5849609375 0.079833984375 0.04168701171875
3 0.4459635416666667 0.564453125 0.08174641927083333 0.0416259765625
3 0.5738932291666666 0.580078125 0.08219401041666667 0.04376220703125
3 0.4749348958333333 0.611328125 0.07792154947916667 0.040618896484375
3 0.34765625 0.59619140625 0.07893880208333333 0.04193115234375
3 0.2801106770833333 0.67333984375 0.07609049479166667 0.04083251953125
3 0.5458984375 0.5302734375 0.08158365885416667 0.042724609375
5 0.3167317708333333 0.449951171875 0.09700520833333333 0.041778564453125
5 0.20068359375 0.41259765625 0.09529622395833333 0.044189453125
4 0.6634114583333334 0.447265625 0.089111328125 0.051666259765625
3 0.3759765625 0.64306640625 0.0775146484375 0.04052734375
3 0.5152994791666666 0.484130859375 0.0819091796875 0.042083740234375
3 0.25146484375 0.6279296875 0.08113606770833333 0.042236328125
5 0.2911783854166667 0.391357421875 0.09391276041666667 0.041778564453125
4 0.8170572916666666 0.397705078125 0.09847005208333333 0.052032470703125
3 0.4143880208333333 0.51708984375 0.081298828125 0.042236328125
5 0.11002604166666667 0.434326171875 0.09879557291666667 0.045440673828125
5 0.3815104166666667 0.362548828125 0.09716796875 0.0469970703125
5 0.4088541666666667 0.422119140625 0.10335286458333333 0.0537109375
5 0.14347330729166666 0.49267578125 0.10538736979166667 0.051666259765625
5 0.49609375 0.39892578125 0.09529622395833333 0.04681396484375
4 0.6881510416666666 0.4931640625 0.08203125 0.0411376953125
5 0.4684244791666667 0.3408203125 0.10001627604166667 0.051666259765625
4 0.8580729166666666 0.48388671875 0.10188802083333333 0.05126953125
1 0.3561197916666667 0.73193359375 0.0545654296875 0.030853271484375
2 0.5716145833333334 0.6640625 0.07132975260416667 0.035675048828125
0 0.5205078125 0.7373046875 0.053466796875 0.07501220703125
4 0.8776041666666666 0.52294921875 0.09912109375 0.050140380859375
4 0.7265625 0.56591796875 0.09440104166666667 0.052703857421875
4 0.708984375 0.53173828125 0.08203125 0.039337158203125
4 0.748046875 0.60986328125 0.091552734375 0.04486083984375
1 0.3932291666666667 0.7001953125 0.051961263020833336 0.0295867919921875
4 0.837890625 0.44287109375 0.09716796875 0.052032470703125
5 0.23128255208333334 0.46875 0.10693359375 0.053192138671875
4 0.8958333333333334 0.56689453125 0.097900390625 0.049774169921875
0 0.587890625 0.73046875 0.044108072916666664 0.06646728515625