3 0.23160807291666666 0.5869140625 0.08251953125 0.059112548828125
3 0.22021484375 0.438232421875 0.08280436197916667 0.056976318359375
4 0.6119791666666666 0.5244140625 0.08683268229166667 0.0318603515625
1 0.5904947916666666 0.6640625 0.053548177083333336 0.050506591796875
3 0.18343098958333334 0.54443359375 0.08357747395833333 0.057373046875
2 0.3629557291666667 0.61865234375 0.061848958333333336 0.058349609375
3 0.560546875 0.57568359375 0.06722005208333333 0.06475830078125
3 0.5 0.4013671875 0.0767822265625 0.058013916015625
0 0.455078125 0.5947265625 0.10294596354166667 0.06719970703125
3 0.4143880208333333 0.4619140625 0.08085123697916667 0.05780029296875
0 0.4905598958333333 0.66552734375 0.09611002604166667 0.059112548828125
3 0.3095703125 0.37939453125 0.08390299479166667 0.05792236328125
3 0.1298828125 0.499755859375 0.08146158854166667 0.057708740234375
3 0.3245442708333333 0.52294921875 0.08174641927083333 0.0567626953125
4 0.5550130208333334 0.76220703125 0.06913248697916667 0.0889892578125
3 0.2732747395833333 0.482421875 0.08280436197916667 0.056640625
4 0.6946614583333334 0.78857421875 0.06901041666666667 0.093505859375
5 0.6321614583333334 0.388427734375 0.07430013020833333 0.07763671875
5 0.751953125 0.440673828125 0.08280436197916667 0.08331298828125
5 0.7395833333333334 0.609375 0.08601888020833333 0.0885009765625
4 0.6578776041666666 0.9345703125 0.07027180989583333 0.0982666015625
5 0.8307291666666666 0.5869140625 0.08296712239583333 0.08929443359375
5 0.5169270833333334 0.62939453125 0.10791015625 0.047607421875
3 0.3642578125 0.42138671875 0.08028157552083333 0.0560302734375
4 0.5875651041666666 0.91943359375 0.07389322916666667 0.09912109375
4 0.5133463541666666 0.90478515625 0.070556640625 0.09893798828125
5 0.6985677083333334 0.53271484375 0.08414713541666667 0.08154296875
5 0.6842447916666666 0.29541015625 0.07470703125 0.0809326171875
1 0.4521484375 0.51953125 0.0576171875 0.03656005859375
5 0.7890625 0.51025390625 0.08479817708333333 0.08404541015625
5 0.7174479166666666 0.367431640625 0.07853190104166667 0.07598876953125
4 0.4853515625 0.75146484375 0.05224609375 0.0726318359375
4 0.7330729166666666 0.95068359375 0.07389322916666667 0.0966796875
5 0.6624348958333334 0.45703125 0.07539876302083333 0.0794677734375
4 0.6295572916666666 0.7783203125 0.052734375 0.07806396484375
4 0.4430338541666667 0.892578125 0.07145182291666667 0.0999755859375
3 0.4498697916666667 0.3623046875 0.08028157552083333 0.058135986328125