4 0.7061838624338624 0.5261656746031746 0.10747354497354497 0.10243055555555555
2 0.6507936507936508 0.41728670634920634 0.08531746031746032 0.07713293650793651
4 0.5251322751322751 0.5859375 0.10251322751322751 0.10689484126984126
0 0.20965608465608465 0.5338541666666666 0.08068783068783068 0.10788690476190477
4 0.5381944444444444 0.800843253968254 0.10284391534391535 0.11359126984126984
0 0.4869378306878307 0.24714781746031747 0.08101851851851852 0.11135912698412699
1 0.18766534391534392 0.4417162698412698 0.08961640211640212 0.050595238095238096
5 0.30770502645502645 0.40339781746031744 0.12400793650793651 0.09052579365079365
4 0.43468915343915343 0.6139632936507936 0.0916005291005291 0.1039186507936508
4 0.6360780423280423 0.769469246031746 0.09490740740740741 0.10739087301587301
4 0.7288359788359788 0.7380952380952381 0.0958994708994709 0.10962301587301587
4 0.4305555555555556 0.48623511904761907 0.12103174603174603 0.046875
1 0.13012566137566137 0.5295138888888888 0.08895502645502645 0.039186507936507936
4 0.8253968253968254 0.703125 0.08597883597883597 0.1056547619047619
4 0.9169973544973545 0.6731150793650794 0.09986772486772487 0.10317460317460317
3 0.3938802083333333 0.433837890625 0.12516276041666666 0.05633544921875
4 0.6214192708333334 0.55322265625 0.09407552083333333 0.09930419921875