4 0.8986441798941799 0.7771577380952381 0.10482804232804233 0.12822420634920634
2 0.7468584656084656 0.4677579365079365 0.09953703703703703 0.06746031746031746
0 0.2779431216931217 0.46862599206349204 0.11144179894179894 0.10193452380952381
4 0.5550595238095238 0.5967261904761905 0.08167989417989419 0.11408730158730158
4 0.7584325396825397 0.5853174603174603 0.08432539682539683 0.10863095238095238
4 0.7934854497354498 0.7838541666666666 0.09689153439153439 0.13120039682539683
4 0.6879960317460317 0.7926587301587301 0.09556878306878307 0.12996031746031747
4 0.5841600529100529 0.8018353174603174 0.09093915343915344 0.13293650793650794
4 0.48115079365079366 0.8101438492063492 0.08597883597883597 0.1341765873015873
0 0.6610449735449735 0.2650049603174603 0.09986772486772487 0.09052579365079365
5 0.4255952380952381 0.3699156746031746 0.13690476190476192 0.06770833333333333
1 0.29662698412698413 0.37648809523809523 0.09457671957671958 0.04513888888888889
4 0.4573412698412698 0.6006944444444444 0.07539682539682539 0.11011904761904762
4 0.6610449735449735 0.5915178571428571 0.0787037037037037 0.1076388888888889
1 0.20436507936507936 0.4429563492063492 0.08796296296296297 0.043154761904761904
4 0.5074404761904762 0.4775545634920635 0.11607142857142858 0.0642361111111111
3 0.49381613756613757 0.42040922619047616 0.11149140211640211 0.07147321428571429