3 0.4182942708333333 0.55224609375 0.09358723958333333 0.0567626953125
3 0.2605794270833333 0.77880859375 0.10432942708333333 0.06707763671875
3 0.22021484375 0.71875 0.10245768229166667 0.06097412109375
3 0.17919921875 0.6572265625 0.10115559895833333 0.060516357421875
3 0.3876953125 0.7177734375 0.10115559895833333 0.0640869140625
3 0.3453776041666667 0.66064453125 0.0966796875 0.060760498046875
3 0.5071614583333334 0.6630859375 0.09611002604166667 0.062103271484375
5 0.634765625 0.4169921875 0.0611572265625 0.077392578125
5 0.6536458333333334 0.33349609375 0.060587565104166664 0.07354736328125
5 0.7083333333333334 0.38818359375 0.058797200520833336 0.0753173828125
3 0.4622395833333333 0.6083984375 0.09716796875 0.060760498046875
3 0.3006184895833333 0.60546875 0.095947265625 0.06085205078125
2 0.7942708333333334 0.6376953125 0.062174479166666664 0.06781005859375
5 0.765625 0.444580078125 0.061360677083333336 0.07861328125
4 0.2547200520833333 0.38623046875 0.07637532552083333 0.071044921875
3 0.6204427083333334 0.609375 0.0947265625 0.060760498046875
4 0.31201171875 0.365966796875 0.07539876302083333 0.06939697265625
5 0.5345052083333334 0.304931640625 0.062296549479166664 0.07171630859375
4 0.26904296875 0.50341796875 0.07853190104166667 0.07196044921875
1 0.6705729166666666 0.7021484375 0.062174479166666664 0.047515869140625
3 0.5286458333333334 0.50341796875 0.08976236979166667 0.05340576171875
4 0.19401041666666666 0.40771484375 0.07373046875 0.07080078125
5 0.6057942708333334 0.2802734375 0.06429036458333333 0.07171630859375
5 0.5598958333333334 0.2286376953125 0.05126953125 0.060516357421875
4 0.3684895833333333 0.344970703125 0.0748291015625 0.06732177734375
4 0.3870442708333333 0.46044921875 0.06490071614583333 0.06549072265625
1 0.7265625 0.658203125 0.06416829427083333 0.044097900390625
5 0.5859375 0.357177734375 0.061360677083333336 0.07366943359375
5 0.6861979166666666 0.476318359375 0.0628662109375 0.0849609375
0 0.8404947916666666 0.54638671875 0.10652669270833333 0.03594970703125
0 0.875 0.60888671875 0.11328125 0.039703369140625
4 0.4202473958333333 0.319091796875 0.0638427734375 0.062103271484375
4 0.3287760416666667 0.48486328125 0.07938639322916667 0.07147216796875
4 0.4544270833333333 0.435302734375 0.07967122395833333 0.0762939453125
5 0.4908854166666667 0.248291015625 0.058146158854166664 0.06610107421875
3 0.5768229166666666 0.5517578125 0.06575520833333333 0.0330810546875
4 0.5071614583333334 0.419189453125 0.079833984375 0.07586669921875