3 0.15856481481481483 0.7798859126984127 0.05125661375661376 0.08060515873015874
2 0.6947751322751323 0.8461061507936508 0.051587301587301584 0.06969246031746032
3 0.2318121693121693 0.5796130952380952 0.046957671957671955 0.0689484126984127
3 0.1541005291005291 0.5859375 0.047619047619047616 0.07068452380952381
3 0.1541005291005291 0.6800595238095238 0.04828042328042328 0.07490079365079365
3 0.23528439153439154 0.6737351190476191 0.04728835978835979 0.07415674603174603
3 0.22850529100529102 0.48933531746031744 0.04365079365079365 0.06547619047619048
3 0.15112433862433863 0.49615575396825395 0.04365079365079365 0.0662202380952381
1 0.39451058201058203 0.8674355158730159 0.056878306878306875 0.04935515873015873
3 0.0744047619047619 0.5905257936507936 0.04828042328042328 0.07093253968253968
3 0.07539682539682539 0.5011160714285714 0.046296296296296294 0.06721230158730158
5 0.8110119047619048 0.7111855158730159 0.08101851851851852 0.07366071428571429
3 0.2400793650793651 0.7743055555555556 0.047619047619047616 0.07787698412698413
3 0.07076719576719577 0.7864583333333334 0.05092592592592592 0.08085317460317461
1 0.3247354497354497 0.9017857142857143 0.05357142857142857 0.050595238095238096
3 0.07258597883597884 0.6861359126984127 0.05191798941798942 0.07564484126984126
4 0.5289351851851852 0.5239335317460317 0.10615079365079365 0.038938492063492064
0 0.6164021164021164 0.8436259920634921 0.04563492063492063 0.09895833333333333
0 0.5282738095238095 0.8461061507936508 0.04398148148148148 0.09697420634920635
4 0.3627645502645503 0.5808531746031746 0.10582010582010581 0.03869047619047619
4 0.5353835978835979 0.574156746031746 0.10449735449735449 0.03968253968253968
5 0.7154431216931217 0.7223462301587301 0.0796957671957672 0.07564484126984126
5 0.7878637566137566 0.6302083333333334 0.08564814814814815 0.07837301587301587
5 0.7653769841269841 0.5536954365079365 0.08763227513227513 0.07663690476190477
4 0.5462962962962963 0.7301587301587301 0.10846560846560846 0.04117063492063492
4 0.36590608465608465 0.6298363095238095 0.10945767195767196 0.03844246031746032
4 0.3673941798941799 0.7378472222222222 0.1111111111111111 0.040674603174603176
4 0.5444775132275133 0.6753472222222222 0.10945767195767196 0.040674603174603176
4 0.3611111111111111 0.5319940476190477 0.10582010582010581 0.039186507936507936
5 0.7455357142857143 0.48040674603174605 0.09027777777777778 0.07589285714285714
5 0.6759259259259259 0.5623759920634921 0.083994708994709 0.07564484126984126
4 0.5391865079365079 0.6248759920634921 0.10747354497354497 0.04141865079365079
5 0.7291666666666666 0.4076140873015873 0.08333333333333333 0.07415674603174603
5 0.6932870370370371 0.6412450396825397 0.08630952380952381 0.078125
5 0.6557539682539683 0.4880952380952381 0.08531746031746032 0.07341269841269842
5 0.6446759259259259 0.41356646825396826 0.08300264550264551 0.07217261904761904
4 0.3655753968253968 0.6839037698412699 0.1087962962962963 0.04290674603174603