3 0.8478835978835979 0.5611359126984127 0.08002645502645503 0.07465277777777778
4 0.3073743386243386 0.4565972222222222 0.08697089947089948 0.0744047619047619
4 0.18948412698412698 0.5809771825396826 0.08796296296296297 0.08308531746031746
5 0.8908730158730159 0.29203869047619047 0.1111111111111111 0.044890873015873016
5 0.708994708994709 0.36904761904761907 0.10582010582010581 0.043154761904761904
5 0.46147486772486773 0.37822420634920634 0.10681216931216932 0.049107142857142856
5 0.8420965608465608 0.2300347222222222 0.11144179894179894 0.046875
5 0.7974537037037037 0.3287450396825397 0.11078042328042328 0.047867063492063495
5 0.6078042328042328 0.40612599206349204 0.10449735449735449 0.04389880952380952
4 0.17526455026455026 0.3916170634920635 0.082010582010582 0.07341269841269842
5 0.6549272486772487 0.3074156746031746 0.11078042328042328 0.04290674603174603
4 0.32258597883597884 0.6419890873015873 0.0882936507936508 0.07762896825396826
5 0.7495039682539683 0.2681051587301587 0.11078042328042328 0.04563492063492063
5 0.5621693121693122 0.3423859126984127 0.1111111111111111 0.045882936507936505
4 0.057705026455026454 0.5141369047619048 0.08630952380952381 0.0744047619047619
3 0.7708333333333334 0.52685546875 0.07893880208333333 0.07159423828125
3 0.6328125 0.5830078125 0.0736083984375 0.0740966796875
4 0.3733723958333333 0.486083984375 0.08829752604166667 0.077392578125
3 0.7884114583333334 0.65087890625 0.08219401041666667 0.08123779296875
4 0.2596028645833333 0.609375 0.099365234375 0.08465576171875
3 0.5641276041666666 0.677734375 0.07511393229166667 0.07720947265625
3 0.6383463541666666 0.70751953125 0.08357747395833333 0.08135986328125
4 0.24251302083333334 0.42333984375 0.089599609375 0.0738525390625
3 0.4905598958333333 0.77587890625 0.0767822265625 0.08197021484375
3 0.7233072916666666 0.74267578125 0.08463541666666667 0.08465576171875
4 0.13126627604166666 0.54736328125 0.09912109375 0.0836181640625
3 0.5690104166666666 0.80810546875 0.08040364583333333 0.0843505859375
3 0.70703125 0.6142578125 0.07401529947916667 0.0755615234375
3 0.6536458333333334 0.84375 0.08235677083333333 0.08587646484375