0 0.37037037037037035 0.7554563492063492 0.15476190476190477 0.07539682539682539
5 0.3748346560846561 0.37016369047619047 0.06845238095238096 0.12028769841269842
1 0.3976521164021164 0.46899801587301587 0.09027777777777778 0.0496031746031746
2 0.3956679894179894 0.6867559523809523 0.06183862433862434 0.09325396825396826
1 0.4280753968253968 0.5729166666666666 0.06977513227513228 0.0689484126984127
4 0.44907407407407407 0.6701388888888888 0.06283068783068783 0.10267857142857142
3 0.37781084656084657 0.5915178571428571 0.09490740740740741 0.09623015873015874
3 0.6809887566137566 0.6708978174603174 0.08927248677248677 0.1206671626984127
3 0.8157539682539683 0.6645510912698412 0.09122685185185185 0.12249751984126984
3 0.7955720899470899 0.5180654761904763 0.09309854497354496 0.12023809523809524
3 0.6455092592592593 0.38208085317460316 0.07120701058201058 0.11084077380952381
3 0.6634126984126985 0.5263665674603174 0.09008928571428572 0.12042162698412699
3 0.5345039682539682 0.5341790674603174 0.08878637566137566 0.1167609126984127
3 0.6985681216931217 0.8193353174603174 0.08650793650793652 0.12524305555555557
3 0.5182308201058201 0.3911135912698413 0.06966269841269841 0.1116344246031746
3 0.5690112433862434 0.8276364087301588 0.08569444444444443 0.12402281746031746
3 0.7734391534391535 0.3688963293650794 0.07511243386243385 0.11376984126984127
3 0.5524074074074075 0.6782217261904763 0.08479828042328043 0.11981150793650794