3 0.3209623015873016 0.5317385912698412 0.05041666666666667 0.07104414682539682
4 0.44563822751322746 0.7294915674603174 0.06384259259259259 0.06152281746031746
5 0.45803571428571427 0.9212003968253969 0.09136574074074075 0.0730530753968254
0 0.22216931216931218 0.8364260912698412 0.11775793650793652 0.045257936507936504
5 0.530598544973545 0.5942385912698412 0.09342592592592593 0.06198164682539682
5 0.5683597883597884 0.3754885912698413 0.08764550264550265 0.058990575396825395
5 0.5540376984126985 0.4509275793650794 0.09073743386243385 0.06347718253968254
3 0.3092460317460317 0.44213789682539684 0.048095238095238094 0.06915178571428571
5 0.6416005291005291 0.45776289682539684 0.08862433862433862 0.0629265873015873
1 0.25797619047619047 0.7167981150793651 0.06746362433862434 0.03671378968253968
5 0.6539715608465608 0.3845213293650794 0.08878637566137566 0.05358878968253968
5 0.5804034391534392 0.3027356150793651 0.08618055555555557 0.056334325396825397
5 0.5423181216931217 0.5229489087301588 0.09220238095238095 0.060761408730158735
2 0.32991402116402113 0.7368154761904763 0.08715939153439153 0.04083333333333333
3 0.3313789682539683 0.6220709325396826 0.055095899470899476 0.07305803571428571
3 0.4016931216931217 0.5258779761904763 0.047119708994709 0.06903025793650794
3 0.38899801587301586 0.4379885912698413 0.046957671957671955 0.06878720238095239
4 0.6425793650793651 0.8520510912698412 0.11328042328042329 0.057921626984126985
4 0.6868485449735451 0.6948239087301588 0.09057539682539682 0.04062003968253968
3 0.2293287037037037 0.44458085317460316 0.04666997354497354 0.06951884920634921
5 0.6344411375661375 0.5263665674603174 0.09025132275132276 0.06451388888888888
4 0.656901455026455 0.7934573412698412 0.11344246031746032 0.051941964285714286
5 0.6643882275132275 0.31274305555555554 0.08845899470899471 0.05602926587301587
3 0.41341269841269845 0.6166989087301588 0.04874669312169312 0.07043402777777778
3 0.30061838624338627 0.3537599206349206 0.045208333333333336 0.06781001984126984
3 0.3769543650793651 0.35034226190476186 0.04496362433862434 0.06890873015873016
3 0.24951058201058202 0.6303720238095237 0.04801587301587301 0.07104414682539682
4 0.6692724867724869 0.7421875 0.11083994708994709 0.05212301587301587
4 0.8365873015873017 0.83203125 0.11987433862433862 0.05758680555555556
4 0.8489583333333334 0.7768551587301588 0.11970899470899471 0.05419890873015873
0 0.1043287037037037 0.6596676587301588 0.09391203703703704 0.0894766865079365
4 0.8242195767195767 0.8920907738095237 0.10294642857142858 0.04559275793650794
3 0.23860780423280423 0.5366220238095237 0.045654761904761906 0.07238839285714285
4 0.8639318783068783 0.7250967261904763 0.09985449735449735 0.03845238095238095
4 0.6272784391534392 0.9106448412698412 0.09741071428571428 0.04376240079365079
3 0.48520502645502644 0.7854191468253968 0.0875760582010582 0.050245535714285715
1 0.5384126984126985 0.6884771825396826 0.04272486772486772 0.04025297619047619