3 0.541015625 0.69091796875 0.044352213541666664 0.07080078125
4 0.11653645833333333 0.72265625 0.10262044270833333 0.041778564453125
3 0.5895182291666666 0.50634765625 0.042073567708333336 0.0638427734375
4 0.2957356770833333 0.7451171875 0.09358723958333333 0.038818359375
4 0.2781575520833333 0.6494140625 0.0947265625 0.042816162109375
3 0.4736328125 0.79248046875 0.043538411458333336 0.07452392578125
3 0.6318359375 0.7802734375 0.047037760416666664 0.0753173828125
3 0.5286458333333334 0.6005859375 0.043131510416666664 0.06707763671875
3 0.4622395833333333 0.697265625 0.043619791666666664 0.0701904296875
4 0.11344401041666667 0.67041015625 0.10205078125 0.04327392578125
3 0.6171875 0.685546875 0.0458984375 0.0709228515625
3 0.5139973958333334 0.51318359375 0.041605631510416664 0.063232421875
3 0.4518229166666667 0.60595703125 0.041361490885416664 0.06707763671875
3 0.6028645833333334 0.5947265625 0.043131510416666664 0.06695556640625
3 0.5543619791666666 0.78564453125 0.045654296875 0.07476806640625
5 0.8704427083333334 0.53173828125 0.07267252604166667 0.076416015625
2 0.72265625 0.6826171875 0.0775146484375 0.0360107421875
1 0.23518880208333334 0.92919921875 0.048380533854166664 0.05560302734375
5 0.7141927083333334 0.421875 0.07014973958333333 0.0753173828125
5 0.7916666666666666 0.55517578125 0.07442220052083333 0.0782470703125
0 0.3616536458333333 0.35498046875 0.07401529947916667 0.0728759765625
3 0.4423828125 0.5185546875 0.04058837890625 0.062225341796875
5 0.7923177083333334 0.40478515625 0.07511393229166667 0.072509765625
4 0.2620442708333333 0.55078125 0.09342447916666667 0.03802490234375
5 0.8287760416666666 0.464111328125 0.07401529947916667 0.07183837890625
5 0.7571614583333334 0.338134765625 0.058349609375 0.06658935546875
4 0.10465494791666667 0.62353515625 0.09757486979166667 0.04168701171875
1 0.3113606770833333 0.92529296875 0.046427408854166664 0.05419921875
5 0.751953125 0.490478515625 0.07198079427083333 0.07122802734375
5 0.681640625 0.355224609375 0.06901041666666667 0.07305908203125
0 0.4225260416666667 0.3828125 0.073486328125 0.073974609375
4 0.2884114583333333 0.6953125 0.10074869791666667 0.044525146484375
5 0.9173177083333334 0.60009765625 0.058146158854166664 0.06964111328125
4 0.09773763020833333 0.57470703125 0.09806315104166667 0.04083251953125
4 0.2701822916666667 0.60107421875 0.08797200520833333 0.0411376953125
5 0.8372395833333334 0.62353515625 0.07173665364583333 0.08270263671875
4 0.12736002604166666 0.771484375 0.11409505208333333 0.050048828125