1 0.7842261904761905 0.6449652777777778 0.06911375661375661 0.07366071428571429
2 0.6597222222222222 0.7529761904761905 0.12698412698412698 0.08085317460317461
5 0.7612433862433863 0.5032242063492064 0.1078042328042328 0.09077380952380952
4 0.7686838624338624 0.7430555555555556 0.09424603174603174 0.10664682539682539
1 0.6805555555555556 0.5559275793650794 0.08796296296296297 0.050347222222222224
4 0.4722222222222222 0.7674851190476191 0.1593915343915344 0.06225198412698413
4 0.46296296296296297 0.6199156746031746 0.1421957671957672 0.05282738095238095
4 0.4593253968253968 0.5524553571428571 0.13558201058201058 0.04836309523809524
4 0.45535714285714285 0.49268353174603174 0.12896825396825398 0.045882936507936505
4 0.1931216931216931 0.7881944444444444 0.16468253968253968 0.059027777777777776
4 0.20436507936507936 0.7103174603174603 0.1541005291005291 0.05704365079365079
4 0.22420634920634921 0.5709325396825397 0.1402116402116402 0.05257936507936508
4 0.46742724867724866 0.6901041666666666 0.15112433862433863 0.054811507936507936
4 0.2152777777777778 0.6331845238095238 0.1455026455026455 0.05257936507936508
0 0.7620701058201058 0.9144345238095238 0.19212962962962962 0.05555555555555555
3 0.6617063492063492 0.6496775793650794 0.12698412698412698 0.07465277777777778