3 0.591796875 0.43701171875 0.07893880208333333 0.0784912109375
0 0.2605794270833333 0.4033203125 0.12516276041666666 0.059326171875
3 0.4293619791666667 0.5048828125 0.08235677083333333 0.0775146484375
3 0.4967447916666667 0.5947265625 0.08028157552083333 0.0755615234375
5 0.3733723958333333 0.685546875 0.0634765625 0.1007080078125
5 0.4899088541666667 0.34619140625 0.05126953125 0.09173583984375
3 0.24153645833333334 0.43115234375 0.1142578125 0.050994873046875
4 0.7330729166666666 0.459228515625 0.11328125 0.06866455078125
5 0.13004557291666666 0.483642578125 0.051595052083333336 0.0953369140625
5 0.2950846354166667 0.619140625 0.06709798177083333 0.0994873046875
5 0.3681640625 0.8046875 0.054036458333333336 0.09466552734375
5 0.216796875 0.55224609375 0.07027180989583333 0.09979248046875
4 0.2732747395833333 0.49072265625 0.087646484375 0.06707763671875
3 0.7161458333333334 0.6123046875 0.07511393229166667 0.07183837890625
3 0.5751953125 0.56005859375 0.08101399739583333 0.0728759765625
3 0.6985677083333334 0.7294921875 0.07279459635416667 0.070068359375
4 0.69921875 0.412353515625 0.10970052083333333 0.06842041015625
3 0.5084635416666666 0.471435546875 0.07820638020833333 0.07684326171875
1 0.4313151041666667 0.337890625 0.060587565104166664 0.056640625
4 0.76953125 0.5087890625 0.11246744791666667 0.06500244140625
4 0.92578125 0.438720703125 0.11409505208333333 0.06427001953125
4 0.8059895833333334 0.55859375 0.11002604166666667 0.059326171875
1 0.3561197916666667 0.386962890625 0.07198079427083333 0.035400390625
3 0.6555989583333334 0.52685546875 0.0758056640625 0.072265625
3 0.6272786458333334 0.7626953125 0.07267252604166667 0.0762939453125
4 0.8665364583333334 0.342041015625 0.114501953125 0.0640869140625
0 0.2547200520833333 0.2509765625 0.14396158854166666 0.0704345703125
2 0.4430338541666667 0.400634765625 0.070556640625 0.0631103515625
5 0.4446614583333333 0.75830078125 0.05517578125 0.093017578125
3 0.63671875 0.64599609375 0.07637532552083333 0.07366943359375
4 0.6686197916666666 0.364013671875 0.11124674479166667 0.06805419921875
5 0.21468098958333334 0.6728515625 0.0687255859375 0.10797119140625
5 0.29443359375 0.74072265625 0.055582682291666664 0.091552734375
4 0.8919270833333334 0.390380859375 0.118408203125 0.06512451171875
5 0.12939453125 0.60205078125 0.07080078125 0.1083984375
4 0.83203125 0.295654296875 0.111083984375 0.06427001953125
3 0.5608723958333334 0.6796875 0.079833984375 0.07354736328125