2 0.6860119047619048 0.8420138888888888 0.060515873015873016 0.06398809523809523
3 0.2959656084656085 0.47445436507936506 0.056878306878306875 0.06448412698412699
3 0.3004298941798942 0.6604662698412699 0.0625 0.07390873015873016
3 0.33812830687830686 0.5706845238095238 0.05853174603174603 0.0679563492063492
3 0.4029431216931217 0.4117063492063492 0.05125661375661376 0.05952380952380952
3 0.37119708994708994 0.4880952380952381 0.0539021164021164 0.06299603174603174
3 0.2604166666666667 0.38132440476190477 0.054563492063492064 0.0597718253968254
3 0.33035714285714285 0.39831349206349204 0.05357142857142857 0.06001984126984127
3 0.22271825396825398 0.45696924603174605 0.05787037037037037 0.06374007936507936
3 0.18022486772486773 0.5388144841269841 0.06283068783068783 0.06820436507936507
1 0.404265873015873 0.785218253968254 0.045304232804232805 0.05109126984126984
3 0.21941137566137567 0.6455853174603174 0.06845238095238096 0.07490079365079365
0 0.5347222222222222 0.8024553571428571 0.062169312169312166 0.08804563492063493
3 0.13541666666666666 0.628844246031746 0.07043650793650794 0.07663690476190477
3 0.25793650793650796 0.5559275793650794 0.062169312169312166 0.06919642857142858
5 0.8392857142857143 0.671875 0.0992063492063492 0.06398809523809523
5 0.8371362433862434 0.7486359126984127 0.09953703703703703 0.0662202380952381
4 0.609457671957672 0.6509176587301587 0.10119047619047619 0.04836309523809524
5 0.7633928571428571 0.5869295634920635 0.09556878306878307 0.058779761904761904
1 0.3253968253968254 0.7987351190476191 0.04563492063492063 0.053323412698412696
0 0.6159060846560847 0.8229166666666666 0.05919312169312169 0.08978174603174603
5 0.7491732804232805 0.7346230158730159 0.09490740740740741 0.06498015873015874
5 0.8515211640211641 0.5342261904761905 0.09523809523809523 0.05555555555555555
4 0.6375661375661376 0.5621279761904762 0.09788359788359788 0.047867063492063495
4 0.4849537037037037 0.5243055555555556 0.09424603174603174 0.04662698412698413
4 0.4280753968253968 0.6617063492063492 0.1001984126984127 0.050595238095238096
5 0.7905092592592593 0.4547371031746032 0.0916005291005291 0.05431547619047619
4 0.4489087301587302 0.6137152777777778 0.09689153439153439 0.04389880952380952
4 0.6532738095238095 0.5163690476190477 0.09424603174603174 0.04513888888888889
4 0.5942460317460317 0.6985367063492064 0.10317460317460317 0.047867063492063495
4 0.4695767195767196 0.566468253968254 0.09457671957671958 0.0441468253968254
5 0.861328125 0.4697265625 0.08927408854166667 0.051361083984375
5 0.8450520833333334 0.6044921875 0.09326171875 0.06280517578125
5 0.7734375 0.52001953125 0.090087890625 0.05560302734375
4 0.4990234375 0.483154296875 0.088623046875 0.045257568359375
4 0.6217447916666666 0.60693359375 0.09684244791666667 0.047943115234375
5 0.7552083333333334 0.65869140625 0.09773763020833333 0.0635986328125