2 0.6944444444444444 0.7591765873015873 0.08928571428571429 0.041666666666666664
3 0.666005291005291 0.4348958333333333 0.05092592592592592 0.06969246031746032
3 0.7266865079365079 0.3402777777777778 0.05324074074074074 0.06944444444444445
3 0.810515873015873 0.32849702380952384 0.056216931216931214 0.07217261904761904
3 0.6312830687830688 0.26413690476190477 0.04894179894179894 0.06746031746031746
3 0.8556547619047619 0.5104166666666666 0.05787037037037037 0.0744047619047619
3 0.8323412698412699 0.41629464285714285 0.057539682539682536 0.07316468253968254
3 0.7700066137566137 0.5183531746031746 0.05588624338624339 0.07142857142857142
4 0.4859457671957672 0.7442956349206349 0.0710978835978836 0.08432539682539683
3 0.7466931216931217 0.42745535714285715 0.05489417989417989 0.07068452380952381
3 0.7073412698412699 0.255828373015873 0.052248677248677246 0.06721230158730158
3 0.7888558201058201 0.24280753968253968 0.05125661375661376 0.06845238095238096
3 0.6483134920634921 0.3473462301587302 0.04927248677248677 0.06820436507936507
3 0.6838624338624338 0.5267857142857143 0.05357142857142857 0.07192460317460317
4 0.27976190476190477 0.5555555555555556 0.06283068783068783 0.06994047619047619
4 0.40757275132275134 0.5822172619047619 0.06712962962962964 0.07663690476190477
4 0.46841931216931215 0.5942460317460317 0.0625 0.0763888888888889
4 0.5335648148148148 0.6077628968253969 0.06779100529100529 0.07762896825396826
4 0.3449074074074074 0.5685763888888888 0.06812169312169312 0.07713293650793651
1 0.6964285714285714 0.7134176587301587 0.0667989417989418 0.03695436507936508
4 0.22916666666666666 0.6830357142857143 0.061507936507936505 0.07738095238095238
4 0.4203042328042328 0.7273065476190477 0.06415343915343916 0.08060515873015874
4 0.2898478835978836 0.699156746031746 0.0625 0.07738095238095238
4 0.3544973544973545 0.7126736111111112 0.06547619047619048 0.07961309523809523
5 0.5725859788359788 0.17249503968253968 0.1001984126984127 0.05084325396825397
5 0.4072420634920635 0.4340277777777778 0.10482804232804233 0.052083333333333336
0 0.5185185185185185 0.4775545634920635 0.051587301587301584 0.078125
1 0.7215608465608465 0.6548859126984127 0.06812169312169312 0.033482142857142856
0 0.597718253968254 0.46403769841269843 0.04794973544973545 0.07886904761904762
5 0.41782407407407407 0.28174603174603174 0.09424603174603174 0.050595238095238096
5 0.3726851851851852 0.34424603174603174 0.09656084656084656 0.04563492063492063
5 0.45552248677248675 0.21552579365079366 0.09424603174603174 0.04712301587301587
5 0.45188492063492064 0.36929563492063494 0.10284391534391535 0.050595238095238096
5 0.3248710317460317 0.41015625 0.10278439153439153 0.05059771825396825
5 0.49641865079365083 0.15173363095238093 0.09790013227513228 0.05126984126984127
5 0.49055886243386243 0.30224702380952384 0.1007473544973545 0.051361607142857146
5 0.5325529100529101 0.23523065476190477 0.09651785714285714 0.04327380952380952