0 0.6828703703703703 0.5876736111111112 0.0958994708994709 0.05233134920634921
3 0.11210317460317461 0.6192956349206349 0.05886243386243386 0.06696428571428571
3 0.2501653439153439 0.5698164682539683 0.05919312169312169 0.06374007936507936
3 0.07390873015873016 0.5409226190476191 0.05720899470899471 0.0625
3 0.22585978835978837 0.675843253968254 0.062169312169312166 0.06994047619047619
3 0.29447751322751325 0.6509176587301587 0.06117724867724868 0.06820436507936507
3 0.15327380952380953 0.7016369047619048 0.06183862433862434 0.07093253968253968
3 0.14186507936507936 0.5187251984126984 0.0582010582010582 0.06324404761904762
3 0.10201719576719577 0.44642857142857145 0.05588624338624339 0.059027777777777776
3 0.18270502645502645 0.5954861111111112 0.060515873015873016 0.06597222222222222
3 0.16633597883597884 0.4210069444444444 0.05489417989417989 0.058779761904761904
3 0.036375661375661374 0.4671378968253968 0.056878306878306875 0.06076388888888889
3 0.207010582010582 0.49330357142857145 0.05886243386243386 0.06101190476190476
2 0.8080357142857143 0.6954365079365079 0.0710978835978836 0.057539682539682536
0 0.7228835978835979 0.6422371031746031 0.10185185185185185 0.05530753968253968
1 0.44477513227513227 0.7080853174603174 0.0582010582010582 0.041666666666666664
1 0.49107142857142855 0.6635664682539683 0.056216931216931214 0.037450396825396824
4 0.2934854497354497 0.4055059523809524 0.09027777777777778 0.04861111111111111
4 0.5416666666666666 0.5060763888888888 0.09193121693121693 0.051835317460317464
4 0.3941798941798942 0.5611359126984127 0.08664021164021164 0.046875
5 0.5515873015873016 0.31634424603174605 0.046957671957671955 0.0716765873015873
4 0.3425925925925926 0.4810267857142857 0.08928571428571429 0.04836309523809524
5 0.5031415343915344 0.26351686507936506 0.049933862433862435 0.0716765873015873
4 0.48644179894179895 0.4330357142857143 0.09060846560846561 0.053075396825396824
5 0.4593253968253968 0.2074652777777778 0.052248677248677246 0.06969246031746032
5 0.7213955026455027 0.39533730158730157 0.05125661375661376 0.0689484126984127
5 0.6187169312169312 0.2898065476190476 0.052248677248677246 0.06969246031746032
4 0.4308862433862434 0.35205853174603174 0.083994708994709 0.04985119047619048
5 0.5267857142857143 0.18303571428571427 0.051587301587301584 0.06944444444444445
5 0.5963955026455027 0.3767361111111111 0.054563492063492064 0.07490079365079365
5 0.6688161375661376 0.341765873015873 0.04927248677248677 0.07192460317460317
5 0.5725859788359788 0.23561507936507936 0.05257936507936508 0.06845238095238096
5 0.6473214285714286 0.43179563492063494 0.049933862433862435 0.07390873015873016
4 0.3688151041666667 0.5224609375 0.09326171875 0.05242919921875
4 0.3201497395833333 0.4443359375 0.08846028645833333 0.0509033203125
4 0.5107421875 0.465576171875 0.089111328125 0.053802490234375
4 0.4625651041666667 0.393310546875 0.090087890625 0.053985595703125