0 0.7865410052910053 0.560515873015873 0.10681216931216932 0.04563492063492063
4 0.32787698412698413 0.6145833333333334 0.07374338624338625 0.07490079365079365
3 0.3776455026455027 0.8878968253968254 0.0992063492063492 0.05952380952380952
3 0.5363756613756614 0.8568948412698413 0.09986772486772487 0.059027777777777776
4 0.509755291005291 0.6682787698412699 0.06845238095238096 0.07862103174603174
0 0.7584325396825397 0.6169394841269841 0.10813492063492064 0.05133928571428571
3 0.14566798941798942 0.8120039682539683 0.09292328042328042 0.05257936507936508
3 0.5057870370370371 0.9293154761904762 0.10284391534391535 0.06299603174603174
4 0.5727513227513228 0.6861359126984127 0.07208994708994709 0.07862103174603174
3 0.4401455026455027 0.7554563492063492 0.09523809523809523 0.05109126984126984
4 0.6311177248677249 0.5633680555555556 0.06646825396825397 0.07415674603174603
5 0.31994047619047616 0.39186507936507936 0.07308201058201058 0.07291666666666667
4 0.453042328042328 0.5181051587301587 0.06613756613756613 0.07043650793650794
4 0.4462632275132275 0.6486855158730159 0.07374338624338625 0.07564484126984126
5 0.5889550264550265 0.44419642857142855 0.07539682539682539 0.07390873015873016
3 0.25909391534391535 0.8485863095238095 0.09424603174603174 0.05431547619047619
5 0.6866732804232805 0.4584573412698413 0.08035714285714286 0.07465277777777778
1 0.7495039682539683 0.777405753968254 0.07308201058201058 0.03546626984126984
3 0.41087962962962965 0.8206845238095238 0.09623015873015874 0.05555555555555555
3 0.29282407407407407 0.7857142857142857 0.09093915343915344 0.051587301587301584
5 0.4070767195767196 0.4117063492063492 0.07076719576719577 0.07291666666666667
3 0.3237433862433862 0.7219742063492064 0.09193121693121693 0.04861111111111111
4 0.39169973544973546 0.5013640873015873 0.06712962962962964 0.06919642857142858
3 0.18121693121693122 0.7521081349206349 0.08994708994708994 0.050347222222222224
4 0.5701058201058201 0.5482390873015873 0.06613756613756613 0.07366071428571429
2 0.8129960317460317 0.5132688492063492 0.07705026455026455 0.046378968253968256
5 0.49603174603174605 0.4280753968253968 0.07142857142857142 0.07192460317460317
3 0.5638227513227513 0.7904265873015873 0.0992063492063492 0.05357142857142857
3 0.21180555555555555 0.6904761904761905 0.09027777777777778 0.04712301587301587
1 0.7341269841269841 0.7142857142857143 0.06812169312169312 0.03571428571428571
4 0.5104166666666666 0.53271484375 0.07002766927083333 0.07452392578125
4 0.3899739583333333 0.63427734375 0.07442220052083333 0.080078125
5 0.4322916666666667 0.35888671875 0.07161458333333333 0.07208251953125
5 0.6106770833333334 0.385498046875 0.07511393229166667 0.07318115234375
5 0.3466796875 0.343017578125 0.06888834635416667 0.06964111328125
5 0.7063802083333334 0.39794921875 0.06685384114583333 0.06719970703125
5 0.5221354166666666 0.37353515625 0.07080078125 0.06719970703125