2 0.5374338624338625 0.7182614087301588 0.07694444444444444 0.0403125
5 0.36230489417989414 0.8471676587301588 0.06774801587301588 0.09484871031746032
5 0.4944675925925926 0.8188467261904763 0.06058862433862434 0.08477678571428571
5 0.40494708994708994 0.7827157738095237 0.0635978835978836 0.08538938492063493
5 0.3196626984126984 0.75 0.06079034391534392 0.08465525793650794
3 0.6295568783068783 0.46411210317460316 0.06823743386243386 0.042328869047619046
4 0.38899801587301586 0.515625 0.07080026455026454 0.05319196428571429
3 0.6666666666666666 0.42700148809523814 0.06734126984126984 0.039702380952380954
4 0.4586574074074074 0.5649404761904763 0.07527777777777778 0.05856398809523809
4 0.35221230158730155 0.4863293650793651 0.06925595238095238 0.052428075396825397
3 0.5914715608465608 0.49731398809523814 0.06721891534391534 0.041840277777777775
3 0.7167956349206349 0.5004885912698412 0.0730787037037037 0.04321180555555555
5 0.23551587301587304 0.7133779761904763 0.05041666666666667 0.07574404761904761
5 0.5872387566137566 0.8579092261904763 0.06661044973544973 0.09185763888888888
4 0.34082010582010586 0.6391592261904763 0.08235780423280424 0.0594171626984127
4 0.42122354497354497 0.5371106150793651 0.07580687830687831 0.05932539682539682
3 0.7539054232804233 0.4626463293650794 0.07401455026455027 0.042388392857142854
1 0.4742824074074074 0.44140625 0.03908399470899471 0.03198164682539682
4 0.32128968253968254 0.4609375 0.07055555555555557 0.05090277777777778
3 0.6777347883597883 0.5361334325396826 0.07145171957671957 0.043365575396825395
4 0.2737632275132275 0.58203125 0.08113756613756615 0.05718998015873016
4 0.20979828042328041 0.5288095238095237 0.07706679894179895 0.05480902777777778
1 0.43522156084656083 0.42163194444444446 0.04386243386243386 0.03253224206349206
3 0.8125 0.5410168650793651 0.07820767195767196 0.04510416666666667
4 0.2446296296296296 0.5551760912698412 0.08068783068783068 0.05758680555555556
3 0.7747387566137566 0.5810540674603174 0.0792228835978836 0.04733382936507936
5 0.45182208994708994 0.8852529761904763 0.06392526455026455 0.0980828373015873
3 0.8476554232804233 0.5024404761904762 0.07967261904761905 0.044677579365079365
3 0.9140641534391535 0.5878918650793651 0.08561177248677249 0.049134424603174603
5 0.2711574074074074 0.8100595238095237 0.06091269841269841 0.08929563492063493
5 0.18766203703703704 0.7734375 0.05285714285714286 0.08135912698412699
3 0.8789054232804233 0.6284176587301588 0.08634589947089948 0.052428075396825397
0 0.608723544973545 0.59375 0.08683201058201058 0.052703373015873016
3 0.9498710317460317 0.5434573412698412 0.08650793650793652 0.04840029761904762
0 0.5732407407407407 0.6401364087301588 0.0963558201058201 0.06130952380952381
5 0.5524074074074075 0.9301760912698412 0.07373015873015873 0.10650545634920636
4 0.3095701058201058 0.6123040674603174 0.07625330687830688 0.054595734126984125